     21221          0         14  140.0418907364 1324735062.3333332539 1324738652.5000000000  217.8436522484    0.0000000000    40.9998671920   36.8018943200   24.6832974660   24.6832974660               0               0               0               0               0               0               0               0               0               0               0               0
     21221          0         15 2337.3343621878 1324738652.5000000000 1324742242.6666667461 3590.1676149368    0.0000000000   618.2239109840  634.6093417650  407.4556531270  407.4556531270               0               0               0               0               0               0               0               0               0               0               0               0
     21221          0         16 2375.9080604700 1324742242.6666667461 1324745832.8333332539 3590.1651680470    0.0000000000   598.9642315920  615.2928759850  407.1143524330  407.1143524330               0               0               0               0               0               0               0               0               0               0               0               0
     21221          0         17 2344.5235551883 1324745832.8333332539 1324749423.0000000000 3590.1661245823    0.0000000000   604.0284473470  641.6141220470  406.4316573500  406.4316573500               0               0               0               0               0               0               0               0               0               0               0               0
     21221          0         18 2328.5188800278 1324749423.0000000000 1324753013.1666667461 3590.1691949368    0.0000000000   631.5026627320  630.1476521770  407.4569098080  407.4569098080               0               0               0               0               0               0               0               0               0               0               0               0
     21221          0         19 2332.8205948315 1324753013.1666667461 1324756603.3333332539 3590.1666760445    0.0000000000   618.4441914810  638.9018897320  406.7380163130  406.7380163130               0               0               0               0               0               0               0               0               0               0               0               0
     21221          0         20 2299.7637789186 1324756603.3333332539 1324760193.5000000000 3590.1640782356    0.0000000000   629.4806988630  660.9196004540  406.4970236130  406.4970236130               0               0               0               0               0               0               0               0               0               0               0               0
     21221          0         21 2339.7454994285 1324760193.5000000000 1324763783.6666667461 3590.1663844585    0.0000000000   621.1722792790  629.2486057510  406.9598455490  406.9598455490               0               0               0               0               0               0               0               0               0               0               0               0
     21221          0         22 2349.7882895989 1324763783.6666667461 1324767373.8333332539 3590.1670026779    0.0000000000   604.3381782250  636.0405348540  405.3417023080  405.3417023080               0               0               0               0               0               0               0               0               0               0               0               0
     21221          0         23 2354.8442544168 1324767373.8333332539 1324770964.0000000000 3590.1691641808    0.0000000000   605.1174095720  630.2075001920  406.8086954360  406.8086954360               0               0               0               0               0               0               0               0               0               0               0               0
     21221          0         24 2350.3634805436 1324770964.0000000000 1324774554.1666667461 3590.1640958786    0.0000000000   606.7988344660  633.0017808690  407.3771282570  407.3771282570               0               0               0               0               0               0               0               0               0               0               0               0
     21221          0         25 2363.3192976526 1324774554.1666667461 1324778144.3333332539 3590.1672656536    0.0000000000   601.4634785350  625.3844894660  406.7142761120  406.7142761120               0               0               0               0               0               0               0               0               0               0               0               0
     21221          0         26 2329.0552124064 1324778144.3333332539 1324781734.5000000000 3590.1672854424    0.0000000000   617.8071617160  643.3049113200  407.0272777320  407.0272777320               0               0               0               0               0               0               0               0               0               0               0               0
     21221          0         27 2351.1817187973 1324781734.5000000000 1324785324.6666667461 3590.1652696133    0.0000000000   628.3901741580  610.5933766580  406.5089794190  406.5089794190               0               0               0               0               0               0               0               0               0               0               0               0
     21221          0         28 2330.0290473642 1324785324.6666667461 1324788914.8333332539 3590.1672887802    0.0000000000   624.6809952980  635.4572461180  406.7021807310  406.7021807310               0               0               0               0               0               0               0               0               0               0               0               0
     21221          0         29 2346.8280580391 1324788914.8333332539 1324792505.0000000000 3590.1662554741    0.0000000000   614.8471133330  628.4910841020  407.6749009220  407.6749009220               0               0               0               0               0               0               0               0               0               0               0               0
     21221          0         30 2354.0996903754 1324792505.0000000000 1324796095.1666667461 3590.1674449444    0.0000000000   627.4307904160  608.6369641530  407.6377366290  407.6377366290               0               0               0               0               0               0               0               0               0               0               0               0
     21221          0         31 2356.4096807493 1324796095.1666667461 1324799685.3333332539 3590.1666047573    0.0000000000   609.0807501270  624.6761738810  407.1212733950  407.1212733950               0               0               0               0               0               0               0               0               0               0               0               0
     21221          0         32 2329.4176159515 1324799685.3333332539 1324803275.5000000000 3590.1657214165    0.0000000000   628.9610869570  631.7870185080  407.0194223480  407.0194223480               0               0               0               0               0               0               0               0               0               0               0               0
     21221          0         33 2326.9512777351 1324803275.5000000000 1324806865.6666667461 3590.1667196751    0.0000000000   639.8884118270  623.3270301130  406.8200065470  406.8200065470               0               0               0               0               0               0               0               0               0               0               0               0
     21221          0         34 2354.1690973432 1324806865.6666667461 1324810455.8333332539 3590.1672682762    0.0000000000   616.5891155510  619.4090553820  406.8291444250  406.8291444250               0               0               0               0               0               0               0               0               0               0               0               0
     21221          0         35 2308.4277251125 1324810455.8333332539 1324814046.0000000000 3590.1676466465    0.0000000000   635.2110765560  646.5288449780  406.9139392190  406.9139392190               0               0               0               0               0               0               0               0               0               0               0               0
     21221          0         36 2302.2072730159 1324814046.0000000000 1324817636.1666667461 3590.1662838459    0.0000000000   646.8083544750  641.1506563550  406.5337728840  406.5337728840               0               0               0               0               0               0               0               0               0               0               0               0
     21221          0         37 2322.1197756748 1324817636.1666667461 1324821226.3333332539 3590.1672270298    0.0000000000   627.5275665070  640.5198848480  406.6037240840  406.6037240840               0               0               0               0               0               0               0               0               0               0               0               0
     21221          0         38 2317.6564553099 1324821226.3333332539 1324824816.5000000000 3590.1649310589    0.0000000000   635.5449139660  636.9635617830  406.3402897820  406.3402897820               0               0               0               0               0               0               0               0               0               0               0               0
     21221          0         39 2337.4870232781 1324824816.5000000000 1324828406.6666667461 3590.1666126251    0.0000000000   624.9466007480  627.7329885990  407.1380547920  407.1380547920               0               0               0               0               0               0               0               0               0               0               0               0
     21221          0         40 2338.5241893182 1324828406.6666667461 1324831996.8333332539 3590.1677091122    0.0000000000   636.8822483400  614.7612714540  406.8979622050  406.8979622050               0               0               0               0               0               0               0               0               0               0               0               0
     21221          0         41 2335.8249706925 1324831996.8333332539 1324835587.0000000000 3590.1658091545    0.0000000000   620.8873392500  633.4534992120  406.5748839840  406.5748839840               0               0               0               0               0               0               0               0               0               0               0               0
     21221          0         42 2363.4330892677 1324835587.0000000000 1324839177.1666667461 3590.1662757397    0.0000000000   603.0677602320  623.6654262400  407.6693671810  407.6693671810               0               0               0               0               0               0               0               0               0               0               0               0
     21221          0         43 2339.4337111607 1324839177.1666667461 1324842767.3333332539 3590.1689476967    0.0000000000   600.8225882320  649.9126483040  406.1990903360  406.1990903360               0               0               0               0               0               0               0               0               0               0               0               0
     21221          0         44 2314.1902119727 1324842767.3333332539 1324846357.5000000000 3590.1656959057    0.0000000000   628.5134110240  647.4620729090  407.3501464820  407.3501464820               0               0               0               0               0               0               0               0               0               0               0               0
     21221          0         45 2323.8465748286 1324846357.5000000000 1324849947.6666667461 3590.1653375626    0.0000000000   626.8848472850  639.4339154490  406.3183797180  406.3183797180               0               0               0               0               0               0               0               0               0               0               0               0
     21221          0         46 2331.7089693786 1324849947.6666667461 1324853537.8333332539 3590.1669991016    0.0000000000   625.6086072140  632.8494225090  406.3518481470  406.3518481470               0               0               0               0               0               0               0               0               0               0               0               0
     21221          0         47 2330.8838798726 1324853537.8333332539 1324857128.0000000000 3590.1668703556    0.0000000000   623.4711880060  635.8118024770  406.9064333470  406.9064333470               0               0               0               0               0               0               0               0               0               0               0               0
     21221          0         48 2319.1108627825 1324857128.0000000000 1324860718.1666667461 3590.1665763855    0.0000000000   622.7831005420  648.2726130610  406.1906755020  406.1906755020               0               0               0               0               0               0               0               0               0               0               0               0
     21221          0         49 2346.6086376961 1324860718.1666667461 1324864308.3333332539 3590.1664605141    0.0000000000   607.3163852690  636.2414375490  406.0494400320  406.0494400320               0               0               0               0               0               0               0               0               0               0               0               0
     21221          0         50  538.6866098776 1324864308.3333332539 1324867898.5000000000  837.1221913676    0.0000000000   144.0718393530  154.3637421370   94.8315030800   94.8315030800               0               0               0               0               0               0               0               0               0               0               0               0
