# [Run] [Site] [StartSec] [StartNano] [StopSec]	[StopNano] [FullTime] [Veto1] [Veto2] [Veto3] [Veto4] [NMuon] [NPl1] [NPl2] [NPl3] [NPl4] [NAd1] [NAd2] [NAd3] [NAd4] [NSh1] [NSh2] [NSh3] [NSh4] [NSgUp1] [NSgLw1] [NSgUp2] [NSgLw2] [NSgUp3] [NSgLw3] [NSgUp4] [NSgLw4] [Scale1] [Scale2] [Scale3] [Scale4] [N8MeV1] [N8MeV2] [N8MeV3] [N8MeV4] [N22MeV1] [N22MeV2] [N22MeV3] [N22MeV4]
     21525          4 1326160009  146303500 1326160148  711304725  139.565    5.445    5.455    5.439    5.409       3479       3295       3244       3321       3479        184        235        158          0          0          0          0          0
     21527          4 1326333888  486396525 1326338709   29110012 4820.543  254.076  253.523  242.930  217.714     140375     134670     132104     134711     140375       5668       8235       5638          0         37         36         26          0
     21375          4 1325725247  145361025 1325736857  706707137 11610.561  558.971  560.107  549.344  484.543     311479     297637     291737     298034     311479      13767      19667      13380          0         75         75         65          0
     21223          4 1324738438  460155525 1324863535  648668712 125097.189 6861.462 6974.030 6910.699 6174.253    3986085    3839816    3771135    3821672    3986085     145573     214149     163669          0        696        801        744          0
     21670          4 1326816704  500666300 1326849375  168423175 32670.668 1369.482 1365.720 1361.845 1188.980     763541     728567     711924     727009     763541      34793      51443      36358          0        181        174        174          0
     21836          4 1327279968  831237375 1327283645  356297437 3676.525  163.066  166.587  169.736  144.927      93068      88771      86619      88679      93068       4279       6427       4364          0         18         22         25          0
     21837          4 1327290026  187853987 1327312774  603874012 22748.416 1033.768 1031.937 1025.542  890.967     572337     546454     536758     545583     572337      25739      35438      26619          0        144        141        135          0
     21662          4 1326675553  306694987 1326731399  182028775 55845.875 2448.613 2513.554 2500.283 2163.626    1389002    1323487    1306320    1323164    1389002      65230      82331      65499          0        285        351        339          0
     21669          4 1326768814  830030362 1326816179  453466212 47364.623 2137.223 2133.167 2139.291 1847.271    1186034    1130556    1110569    1130595    1186034      55187      75182      55145          0        291        283        294          0
     21232          4 1324866651  845232012 1325033855  111442137 167203.266 8802.790 8847.147 8886.144 7873.118    5074104    4878728    4779680    4855780    5074104     194436     293456     217302          0        940        968       1022          0
     21241          4 1325034112  128704925 1325205655  548447037 171543.420 8912.704 8866.123 8925.308 7893.770    5084593    4883839    4775331    4863291    5084593     199723     308301     220259          0       1031        961       1043          0
     21546          4 1326431049  374844337 1326503322  285349050 72272.911 3106.996 3144.497 3161.267 2729.155    1752304    1669179    1646203    1668909    1752304      82747     105689      82961          0        378        412        434          0
     21818          4 1327104685   54628912 1327136005  222860125 31320.168 1345.702 1349.783 1360.971 1189.107     764090     729418     716085     728182     764090      34515      47846      35736          0        157        159        172          0
     21838          4 1327313219  636785850 1327363155  126887000 49935.490 2202.442 2158.149 2174.174 1906.715    1224710    1169301    1143973    1167822    1224710      55112      80490      56620          0        297        247        268          0
     21536          4 1326339185  112974062 1326402265  446295487 63080.333 2768.027 2785.069 2791.455 2422.817    1557005    1484693    1461482    1484720    1557005      71965      95163      71915          0        347        360        370          0
     21807          4 1327049831  110097887 1327091428  780224950 41597.670 1733.544 1700.764 1734.807 1500.670     963779     920021     900068     917927     963779      43524      63515      45617          0        234        196        235          0
     21680          4 1326850099  170322587 1326897475  754541250 47376.584 1905.872 1887.418 1913.827 1661.381    1066778    1017296     995978    1015893    1066778      49237      70577      50632          0        245        223        253          0
     22003          4 1327984537   94628462 1327991532  662203187 6995.568  304.165  297.020  306.187  264.142     169421     161759     158404     161060     169421       7622      10985       8319          0         40         32         42          0
     21821          4 1327137585  884709925 1327182746  468071975 45160.583 1882.554 1910.269 1913.741 1643.076    1056254    1008591     985836    1007366    1056254      47421      70153      48616          0        242        265        272          0
     22004          4 1327991776  870662487 1327999916  462908737 8139.592  357.826  363.888  369.036  310.481     199123     189912     185950     189477     199123       9163      13120       9587          0         48         53         59          0
     22124          4 1328318248  187604412 1328329020  592577400 10772.405  476.785  483.796  481.539  419.076     269047     257539     251819     256242     269047      11450      17164      12742          0         58         64         63          0
     21995          4 1327973988  520204587 1327984242  313240162 10253.793  442.463  432.034  450.339  386.419     247782     236496     233776     235495     247782      11230      13961      12223          0         56         45         64          0
     21396          4 1325736980  680449775 1325809570  428650537 72589.748 3412.987 3388.392 3406.724 2963.702    1905483    1820831    1792438    1823547    1905483      84198     112623      81488          0        454        422        448          0
     21846          4 1327453956  705539100 1327470185  521407162 16228.816  729.086  728.158  730.329  638.245     409928     391710     381152     390477     409928      18127      28688      19359          0         91         88         92          0
     21691          4 1326958934  731617062 1327021970  434723212 63035.703 2765.427 2824.432 2814.612 2443.760    1569699    1498089    1464125    1496031    1569699      71287     105198      73296          0        323        376        372          0
     21502          4 1325839589  313269775 1325982252  307004787 142662.994 6618.078 6656.182 6669.007 5812.232    3737433    3568662    3495347    3571675    3737433     167960     241252     164893          0        811        834        865          0
     21825          4 1327198316  336265950 1327279654  614981025 81338.279 3635.103 3640.836 3680.977 3178.270    2041545    1949177    1904043    1945595    2041545      91910     137045      95444          0        458        457        506          0
     21842          4 1327363635  892260687 1327453279  445772212 89643.554 4050.166 4013.432 4016.282 3504.684    2251051    2150361    2097363    2146021    2251051     100140     153187     104518          0        550        501        512          0
     22134          4 1328489483   45229362 1328494599  650569262 5116.605  240.058  230.795  234.334  202.467     130014     124520     122448     124096     130014       5456       7538       5886          0         38         28         32          0
     22273          4 1329168345  140656962 1329177410  471966262 9065.331  427.381  420.059  424.478  369.952     237625     227627     225370     226889     237625       9940      12205      10681          0         58         50         55          0
     22005          4 1327999971   58401862 1328059476  910540725 59505.852 2570.003 2594.147 2623.978 2260.531    1450027    1384047    1350022    1379874    1450027      65670      99677      69788          0        310        328        365          0
     22115          4 1328253444  986199262 1328318013  758390987 64568.772 2850.783 2893.759 2899.457 2495.291    1601105    1530741    1497507    1523617    1601105      70007     103201      77082          0        357        397        406          0
     21988          4 1327887103  215785387 1327955326  419676475 68223.204 2993.490 3022.491 3003.781 2605.009    1671667    1596270    1560856    1590617    1671667      75007     110398      80651          0        390        413        399          0
     21963          4 1327742105  191010900 1327797015  837678112 54910.647 2446.158 2404.344 2422.923 2114.906    1357444    1296688    1276377    1292331    1357444      60422      80779      64805          0        334        288        308          0
     21341          2 1325234793   87627300 1325235603   60922175  809.973  211.427  181.714  181.714  181.714     138358     125208     138358     138358     138358      13114          0          0          0         36          0          0          0
     21364          4 1325376140  376352237 1325549040  424845812 172900.048 8526.313 8568.304 8593.677 7526.454    4843963    4640434    4550893    4619234    4843963     202519     292032     223654          0       1010       1038       1075          0
     21852          4 1327470689  989310300 1327547022  332457062 76332.343 3412.665 3423.245 3427.947 2979.964    1913610    1828767    1783611    1823609    1913610      84406     129562      89551          0        437        437        450          0
     22148          4 1328664982  778541362 1328708283  691704737 43300.913 1954.671 1978.522 1980.606 1717.528    1102643    1056063    1042484    1051196    1102643      46341      59899      51183          0        239        260        264          0
     21979          4 1327808899  912321600 1327886640  627387425 77740.715 3417.319 3427.884 3431.922 2990.678    1919471    1833336    1794591    1826929    1919471      85707     124449      92099          0        428        431        443          0
     21857          4 1327548470    6195137 1327626228  764287137 77758.758 3425.333 3384.108 3378.886 2953.969    1896396    1811509    1779796    1808505    1896396      84413     116175      87461          0        474        425        430          0
     21867          4 1327627159  987274050 1327711749  332853987 84589.346 3646.413 3661.386 3690.366 3202.885    2055637    1963337    1931275    1959929    2055637      91856     123908      95217          0        444        454        491          0
     22254          4 1328865245   54654050 1328922185  137712987 56940.083 2617.959 2630.628 2612.425 2304.165    1480209    1418630    1399554    1411502    1480209      61263      80330      68399          0        316        325        308          0
     22272          4 1329095063  159418087 1329163354  419038612 68291.260 3214.373 3194.112 3236.315 2812.725    1807248    1732343    1711119    1725780    1807248      74500      95749      81041          0        405        380        427          0
     21644          4 1326529335  398048212 1326675019  861275712 145684.463 6446.748 6434.780 6480.738 5567.392    3573092    3401612    3360239    3403745    3573092     170597     211991     168429          0        883        862        918          0
     21355          4 1325237136  106198075 1325375424  116569137 138288.010 6971.248 7027.538 7042.936 6194.785    3990503    3827528    3744115    3810441    3990503     162191     245562     179207          0        784        826        855          0
     22274          4 1329178035  191648037 1329267642  763742700 89607.572 4194.049 4225.938 4216.233 3699.467    2378283    2281498    2257049    2271143    2378283      96286     120707     106620          0        499        527        520          0
     22014          4 1328059688  885165537 1328231054  738470612 171365.853 7444.527 7491.750 7521.104 6507.395    4174322    3984813    3881234    3968830    4174322     188568     292119     204474          0        941        969       1018          0
     21526          4 1326160195  672633050 1326331132  839512225 170937.167 7483.854 7504.540 7552.364 6528.006    4194660    3995377    3919232    3999838    4194660     198326     274460     193790          0        957        968       1032          0
     21514          4 1325983040  420522750 1326155850  432882512 172810.012 7777.800 7783.255 7799.513 6756.734    4342424    4139979    4053166    4144360    4342424     201415     288241     197016          0       1030       1017       1048          0
     21692          2 1326959467  204588750 1326961900  191089962 2432.987  645.599  542.373  542.373  542.373     402536     363795     402536     402536     402536      38614          0          0          0        127          0          0          0
     21373          4 1325549385  359860387 1325725003   64442600 175617.705 8472.176 8516.825 8523.083 7467.194    4803378    4595106    4498261    4587066    4803378     207259     304079     215249          0       1013       1038       1063          0
     21663          2 1326675924  968434187 1326733408  553630937 57483.585 15382.250 12738.047 12738.047 12738.047    9356713    8449491    9356713    9356713    9356713     903899          0          0          0       3323          0          0          0
     21222          2 1324738437  742810787 1324862917   31105475 124479.288 33183.161 27610.127 27610.127 27610.127   20438574   18443272   20438574   20438574   20438574    1988300          0          0          0       7002          0          0          0
     21543          2 1326430511  820915075 1326503171  226750975 72659.406 19429.862 16208.499 16208.499 16208.499   12141315   10995207   12141315   12141315   12141315    1142059          0          0          0       4049          0          0          0
     21534          2 1326338998  748291937 1326402069  202663225 63070.454 17215.795 14335.543 14335.543 14335.543   11197047   10203861   11197047   11197047   11197047     989521          0          0          0       3665          0          0          0
     21853          2 1327535896  988563850 1327535973  735766025   76.747   22.006   17.159   17.159   17.159      12509      11293      12509      12509      12509       1210          0          0          0          6          0          0          0
     21832          2 1327278963  401027275 1327279348  999496012  385.598  103.887   85.389   85.389   85.389      62235      56153      62235      62235      62235       6059          0          0          0         23          0          0          0
     22125          4 1328329394  730224300 1328489201  164722737 159806.434 7164.635 7129.501 7203.228 6239.707    4005039    3831077    3769376    3817653    4005039     173031     234781     186417          0        931        882        969          0
     21397          2 1325747337  320193937 1325809277   59047337 61939.739 16820.875 14126.408 14126.408 14126.408   11107195   10128520   11107195   11107195   11107195     975266          0          0          0       3409          0          0          0
     21786          2 1327045550  117088800 1327091425  605967800 45875.489 12330.415 10227.262 10227.262 10227.262    7578383    6855750    7578383    7578383    7578383     719990          0          0          0       2643          0          0          0
     21864          2 1327626845  990377325 1327662380  295824675 35534.305 9433.004 7858.195 7858.195 7858.195    5721783    5162632    5721783    5721783    5721783     557180          0          0          0       1971          0          0          0
     21679          2 1326850094  710854337 1326897991  985803562 47897.275 12764.900 10603.123 10603.123 10603.123    7783542    7028491    7783542    7783542    7783542     752338          0          0          0       2713          0          0          0
     21695          2 1326964174  564463612 1327022040  889090437 57866.325 15467.684 12882.024 12882.024 12882.024    9532099    8619245    9532099    9532099    9532099     909612          0          0          0       3242          0          0          0
     22149          2 1328665209  122339350 1328667287  660114762 2078.538  551.170  458.733  458.733  458.733     334240     301547     334240     334240     334240      32576          0          0          0        117          0          0          0
     21874          2 1327662757  490309700 1327711743  259191575 48985.769 13004.048 10824.122 10824.122 10824.122    7882079    7112323    7882079    7882079    7882079     767028          0          0          0       2728          0          0          0
     22152          4 1328708353  697995300 1328835279  592690825 126925.895 5765.488 5756.810 5833.948 5037.375    3234816    3100355    3059781    3083343    3234816     133727     174315     150670          0        734        720        803          0
     21647          2 1326529746  141277650 1326675008  301072975 145262.160 38579.476 32096.393 32096.393 32096.393   23479099   21184626   23479099   23479099   23479099    2286342          0          0          0       8131          0          0          0
     21826          2 1327203206  294502212 1327278460   82918200 75253.788 20038.264 16622.377 16622.377 16622.377   12102233   10916688   12102233   12102233   12102233    1181257          0          0          0       4288          0          0          0
     21813          2 1327103768  773769787 1327203133  788667000 99365.015 21480.086 17898.340 17898.340 17898.340   13162666   11893821   13162666   13162666   13162666    1264337          0          0          0       4508          0          0          0
     21664          2 1326765582  473491387 1326849369  122642337 83786.649 22375.985 18542.136 18542.136 18542.136   13602486   12282023   13602486   13602486   13602486    1315653          0          0          0       4810          0          0          0
     21851          2 1327454438   27606887 1327535681  465860225 81243.438 21599.216 17941.226 17941.226 17941.226   13059030   11782377   13059030   13059030   13059030    1272060          0          0          0       4593          0          0          0
     21856          2 1327536204  711656437 1327626578  366382187 90373.655 24005.171 19961.737 19961.737 19961.737   14534020   13114525   14534020   14534020   14534020    1414433          0          0          0       5062          0          0          0
     21344          1 1325235242  487581750 1325235605   24817887  362.537  127.779  125.225  106.290  106.290      81027      73522      73366      81027      81027       7476       7634          0          0         29         27          0          0
     22135          4 1328514846  339098537 1328664618  944710937 149772.606 6746.281 6786.790 6838.031 5923.304    3802376    3642178    3575482    3624820    3802376     159369     226036     176635          0        829        858        921          0
     21229          2 1324866391  922205787 1325033573  192258325 167181.270 44436.975 36904.200 36904.200 36904.200   27158024   24500050   27158024   27158024   27158024    2648532          0          0          0       9442          0          0          0
     22263          4 1328922503   30787762 1329094777  954088325 172274.923 7988.468 7978.180 8060.700 7011.088    4504204    4317485    4261900    4297564    4504204     185734     241340     205582          0        985        964       1058          0
     21238          2 1325033786  741897950 1325205652  840963750 171866.099 45980.302 38259.045 38259.045 38259.045   29163452   26452613   29163452   29163452   29163452    2701082          0          0          0       9757          0          0          0
     22284          4 1329267898  731779387 1329438763  591518875 170864.860 8114.321 8115.029 8175.532 7151.799    4597728    4415937    4362302    4392480    4597728     180819     234462     204214          0        972        964       1034          0
     22232          2 1328864084  504487162 1328922162  212082700 58077.708 15491.297 12843.993 12843.993 12843.993    9362023    8446858    9362023    9362023    9362023     911826          0          0          0       3339          0          0          0
     21952          2 1327740893   49422612 1327797096  417329912 56203.368 14927.140 12430.509 12430.509 12430.509    9054198    8171874    9054198    9054198    9054198     879198          0          0          0       3126          0          0          0
     21985          2 1327886289  678286075 1327956585  621844800 70295.944 18659.203 15554.159 15554.159 15554.159   11329447   10220960   11329447   11329447   11329447    1104596          0          0          0       3891          0          0          0
     21651          1 1326530316  279072225 1326532233  841464800 1917.562  653.965  646.595  568.535  568.535     445879     404973     405305     445879     445879      40787      40465          0          0        119        109          0          0
     21519          2 1326159477  412215150 1326338438   85099787 178960.673 46966.277 39359.632 39359.632 39359.632   30715240   27981207   30715240   30715240   30715240    2724388          0          0          0       9645          0          0          0
     21833          2 1327279454  553314062 1327454188   92066962 174733.539 45585.544 37947.232 37947.232 37947.232   27623738   24923928   27623738   27623738   27623738    2690240          0          0          0       9570          0          0          0
     22103          2 1328251410  690228737 1328317580  469000150 66169.779 17543.775 14597.351 14597.351 14597.351   10630939    9591542   10630939   10630939   10630939    1035705          0          0          0       3692          0          0          0
     21353          2 1325236856   10450512 1325375235  161950300 138379.151 37127.443 30991.251 30991.251 30991.251   23565596   21365646   23565596   23565596   23565596    2192213          0          0          0       7737          0          0          0
     21975          2 1327807070  168343462 1327885784  251099025 78714.083 20925.319 17407.573 17407.573 17407.573   12678900   11437609   12678900   12678900   12678900    1236883          0          0          0       4408          0          0          0
     21998          2 1327974534  320511462 1328059002  499005837 84468.178 22202.656 18389.440 18389.440 18389.440   13375787   12061997   13375787   13375787   13375787    1309004          0          0          0       4786          0          0          0
     21500          2 1325840042   47592562 1325981869  590387700 141827.543 38524.425 32302.956 32302.956 32302.956   25371334   23134816   25371334   25371334   25371334    2228631          0          0          0       7887          0          0          0
     21868          1 1327634293     705525 1327635076  666134737  783.665  254.570  267.513  229.440  229.440     173086     156700     156617     173086     173086      16353      16415          0          0         33         54          0          0
     21861          1 1327626505  400034762 1327633556  472888350 7051.073 2352.527 2400.789 2058.654 2058.654    1552288    1404114    1404258    1552288    1552288     147774     147558          0          0        400        472          0          0
     21361          2 1325375667  987582487 1325548538  967102425 172870.980 46506.453 38667.968 38667.968 38667.968   29414042   26674128   29414042   29414042   29414042    2730029          0          0          0       9885          0          0          0
     21511          2 1325982642  997704112 1326156045  234158400 173402.236 47104.423 39428.779 39428.779 39428.779   30888688   28151391   30888688   30888688   30888688    2727567          0          0          0       9730          0          0          0
     21370          2 1325548901  754937325 1325745651  727388862 196749.972 53027.660 44252.428 44252.428 44252.428   33952344   30845324   33952344   33952344   33952344    3095952          0          0          0      11068          0          0          0
     22131          2 1328489005  812510825 1328664268  329830275 175262.517 41305.685 34256.924 34256.924 34256.924   24949614   22505502   24949614   24949614   24949614    2435265          0          0          0       8847          0          0          0
     22269          2 1329094744  852147450 1329267254  895390850 172510.043 46079.827 38239.827 38239.827 38239.827   27906196   25186832   27906196   27906196   27906196    2709534          0          0          0       9830          0          0          0
     22121          2 1328317984  428862700 1328488739  786449575 170755.358 45382.534 37710.214 37710.214 37710.214   27460077   24768780   27460077   27460077   27460077    2681665          0          0          0       9632          0          0          0
     22011          2 1328059266  483814337 1328230558  258340362 171291.775 45408.381 37734.085 37734.085 37734.085   27454029   24756157   27454029   27454029   27454029    2688271          0          0          0       9601          0          0          0
     22151          2 1328668722  206560475 1328835405  864120962 166683.658 44280.984 36805.563 36805.563 36805.563   26816937   24197386   26816937   26816937   26816937    2610164          0          0          0       9387          0          0          0
     22281          2 1329267605  519387400 1329438533  483190262 170927.964 45514.862 37878.880 37878.880 37878.880   27653332   24961448   27653332   27653332   27653332    2682268          0          0          0       9616          0          0          0
     22262          2 1328922428  832907062 1329094393  445668975 171964.613 45699.535 38029.335 38029.335 38029.335   27726648   25017911   27726648   27726648   27726648    2699132          0          0          0       9605          0          0          0
     22128          1 1328488540  632639437 1328492873  764180075 4333.132 1458.423 1474.776 1279.938 1279.938     970919     879036     879485     970919     970919      91640      91170          0          0        243        264          0          0
     21530          1 1326338463  531037650 1326402283  888096212 63820.357 21709.662 21852.904 18855.842 18855.842   14672438   13322351   13327001   14672438   14672438    1346150    1341282          0          0       3937       4155          0          0
     21804          1 1327047140  873476137 1327091370  983085275 44230.110 14955.424 15117.890 12966.369 12966.369    9811313    8875623    8878336    9811313    9811313     932962     929993          0          0       2728       2984          0          0
     21540          1 1326430625  451117337 1326503077  880463575 72452.429 24835.178 25082.103 21521.875 21521.875   16899461   15361836   15369328   16899461   16899461    1533061    1525174          0          0       4564       4959          0          0
     21678          1 1326850638  725015387 1326897920  156230112 47281.431 16145.213 16318.639 14015.476 14015.476   10892433    9887279    9894444   10892433   10892433    1002214     994796          0          0       2940       3193          0          0
     21690          1 1326958630  129629175 1327022043  597991112 63413.468 21505.358 21721.867 18607.651 18607.651   14080951   12736739   12746017   14080951   14080951    1340226    1330618          0          0       3986       4316          0          0
     21960          1 1327740894  913007037 1327797106  532368875 56211.619 18813.786 18980.189 16331.088 16331.088   12317630   11142564   11146927   12317630   12317630    1171675    1167049          0          0       3391       3654          0          0
     21872          1 1327635799  474267187 1327711731  882514437 75932.408 25628.332 26036.468 22284.578 22284.578   16818042   15218408   15222175   16818042   16818042    1595049    1590687          0          0       4585       5180          0          0
     21974          1 1327807046  708182512 1327884886  266190425 77839.558 26350.609 26637.663 22811.794 22811.794   17199975   15559713   15564765   17199975   17199975    1635407    1629919          0          0       4855       5291          0          0
     21235          1 1325033507  462983812 1325205649  766692200 172142.304 58128.626 58696.551 50414.877 50414.877   38524656   34882762   34897082   38524656   38524656    3631351    3616140          0          0      10543      11434          0          0
     21810          1 1327103577  531888212 1327277789  592144112 174212.060 54327.666 54869.455 47043.664 47043.664   35517794   32128256   32136709   35517794   35517794    3379531    3370282          0          0      10007      10803          0          0
     22243          1 1328864311  905052975 1328922060  119266900 57748.214 19720.646 19887.286 17098.418 17098.418   13101919   11884095   11886506   13101919   13101919    1214227    1211528          0          0       3597       3885          0          0
     22261          1 1328922414  878717800 1329094001  767022325 171586.888 58579.713 59023.296 50785.693 50785.693   38892565   35263607   35275540   38892565   38892565    3618204    3605625          0          0      10754      11400          0          0
     22141          1 1328664236   47196087 1328835398  633409775 171162.586 58347.907 58666.887 50521.232 50521.232   38630929   35018394   35024771   38630929   38630929    3601765    3594893          0          0      10770      11265          0          0
     22111          1 1328252220    6157337 1328317271  358773587 65051.353 22089.484 22269.855 19162.068 19162.068   14524764   13151712   13156811   14524764   14524764    1369028    1363660          0          0       4024       4293          0          0
     21653          1 1326533551  817696175 1326675007  312421437 141455.495 48171.376 48452.460 41747.894 41747.894   32294001   29285542   29304551   32294001   32294001    2999596    2980190          0          0       8863       9260          0          0
     21660          1 1326675551  877763525 1326849366  279723612 173814.402 48577.744 48936.729 42123.810 42123.810   32648476   29623253   29642029   32648476   32648476    3016319    2997017          0          0       8904       9430          0          0
     22118          1 1328317556   93610862 1328488068  566742687 170512.473 58007.752 58581.240 50322.029 50322.029   38156931   34553249   34565344   38156931   38156931    3593100    3580137          0          0      10582      11450          0          0
     22266          1 1329094364  252868375 1329266351    2280137 171986.749 58736.753 59156.219 50891.611 50891.611   38919304   35277493   35293076   38919304   38919304    3630973    3614752          0          0      10838      11476          0          0
     22138          1 1328518147  819595012 1328663819  773722687 145671.954 49627.183 50112.645 43011.283 43011.283   32829569   29752321   29754955   32829569   32829569    3068149    3064773          0          0       9099       9841          0          0
     21982          1 1327885490  517010062 1327956845  953469887 71355.436 24131.098 24447.397 20949.950 20949.950   15801580   14298386   14301500   15801580   15801580    1498834    1495259          0          0       4360       4821          0          0
     21850          1 1327454378  993188725 1327625860  708431037 171481.715 57698.805 58371.545 50070.309 50070.309   37831320   34229521   34239827   37831320   37831320    3591353    3580021          0          0      10446      11472          0          0
     22002          1 1327975263  170887850 1328058443  787444950 83180.617 28259.536 28459.499 24476.474 24476.474   18547226   16795233   16795633   18547226   18547226    1746775    1746074          0          0       5218       5519          0          0
     21221          1 1324738434  657929450 1324865145  455783812 126710.798 42854.070 43294.751 37126.159 37126.159   28263331   25582934   25585285   28263331   28263331    2672555    2669511          0          0       7842       8535          0          0
     21349          1 1325236400   33262787 1325374702  565366400 138302.532 46902.634 47345.335 40545.313 40545.313   30981340   28052387   28062763   30981340   30981340    2920230    2909161          0          0       8723       9416          0          0
     21520          1 1326159546   12844862 1326338022  789530737 178476.777 60724.974 61328.307 52662.341 52662.341   40963330   37190539   37200927   40963330   40963330    3761711    3750393          0          0      11080      12010          0          0
     21228          1 1324866258  581383637 1325033287  218791950 167028.637 56311.703 56722.970 48723.214 48723.214   37052395   33529570   33542476   37052395   37052395    3512405    3498902          0          0      10420      11017          0          0
     21367          1 1325548516  173459362 1325721181  402120275 172665.229 58520.866 59080.138 50659.668 50659.668   38723323   35051833   35081100   38723323   38723323    3660700    3630581          0          0      10790      11642          0          0
     22278          1 1329267202  797669587 1329438287  219773662 171084.422 58434.455 59026.396 50702.897 50702.897   38846021   35229817   35239899   38846021   38846021    3605514    3594559          0          0      10690      11563          0          0
     22008          1 1328058663  666430950 1328230460  660377937 171796.994 58285.454 58811.652 50440.013 50440.013   38178433   34557463   34564425   38178433   38178433    3610196    3602426          0          0      10774      11582          0          0
     21505          1 1325842395  518760862 1325981459  497510500 139063.979 46613.894 47100.572 40366.453 40366.453   30766081   27843404   27855101   30766081   30766081    2914109    2901686          0          0       8568       9294          0          0
     21374          1 1325721435  324260762 1325809473  464718150 88038.140 29848.627 30188.509 25857.343 25857.343   19770305   17895537   17910123   19770305   19770305    1869313    1854188          0          0       5455       5994          0          0
     21358          1 1325375213  264022862 1325547878  649997837 172665.386 58451.604 58847.702 50622.395 50622.395   38684465   35015962   35045066   38684465   38684465    3657768    3628045          0          0      10735      11354          0          0
     21829          1 1327278175  975146212 1327453759   83893775 175583.109 58522.285 59082.509 50758.834 50758.834   38386505   34740746   34752648   38386505   38386505    3635120    3622335          0          0      10639      11522          0          0
     21508          1 1325982301  636452775 1326156112  872019950 173811.236 58869.355 59454.610 51098.763 51098.763   39380758   35694182   35715501   39380758   39380758    3675904    3653686          0          0      10672      11571          0          0
