20111224 924.947      0.379228      0.426464 0.437873 0.0679472 0 0.0316979 0.0360174
20111225 924.728      1      0.426622 0.43775 0.0679307 0 0.0317012 0.0359959
20111226 924.873      0.987116      0.426824 0.437628 0.0678747 0 0.0316761 0.0359963
20111227 924.437      0.993813      0.426904 0.437457 0.0679527 0 0.0316795 0.0360072
20111228 924.148      0.997451      0.426925 0.437391 0.0679976 0 0.0316817 0.0360049
20111229 923.811      1      0.427002 0.437371 0.0679377 0 0.0316691 0.0360209
20111230 923.844      0.64829      0.427075 0.43731 0.0679631 0 0.0316716 0.0359805
20111231 923.22      0.994089      0.427083 0.437308 0.0679605 0 0.0316321 0.0360161
20120101 922.968      1      0.427148 0.437213 0.0679815 0 0.0316538 0.0360031
20120102 922.529      0.992621      0.427094 0.437266 0.0679731 0 0.0316664 0.0360008
20120103 922.977      1      0.426957 0.437303 0.0680586 0 0.0316916 0.0359891
20120104 922.833      0.997061      0.426631 0.437702 0.0679928 0 0.0316977 0.0359766
20120105 921.814      1      0.426955 0.437779 0.0680445 0 0.0312338 0.0359875
20120106 921.348      0.618957      0.426424 0.437856 0.0680419 0 0.0317105 0.0359682
20120107 921.046      0.986884      0.426492 0.437751 0.0680677 0 0.0317007 0.0359892
20120108 921.008      0.990253      0.426119 0.437762 0.0681249 0.000333046 0.0316846 0.0359763
20120109 919.746      0.99345      0.42617 0.437122 0.0680932 0.000870693 0.0317201 0.0360235
20120110 937.567      0.960264      0.418819 0.429633 0.066706 0.0183949 0.0311353 0.035312
20120111 947.053      1      0.416068 0.425277 0.0660854 0.0268239 0.0308015 0.0349442
20120112 959.571      0.873184      0.410719 0.419646 0.06516 0.039591 0.030397 0.0344875
20120113 981.864      0.793687      0.401001 0.409842 0.0634713 0.0623192 0.029685 0.0336815
20120114 984.498      0.669486      0.400294 0.408712 0.0632194 0.0645177 0.0296042 0.0336527
20120115 999.354      1      0.394085 0.402589 0.0622741 0.0787792 0.0291444 0.0331291
20120116 1001.22      0.705761      0.393276 0.401521 0.0621602 0.0808893 0.0290898 0.0330637
20120117 993.92      0.922827      0.396096 0.404368 0.0626512 0.0813047 0.029401 0.0261792
20120118 993.528      0.600089      0.396091 0.404272 0.0626537 0.0813819 0.0293919 0.0262093
20120119 993.143      0.682521      0.396322 0.404437 0.0626437 0.0823558 0.0280543 0.0261877
20120120 977.082      0.568243      0.402817 0.410757 0.0495218 0.0837948 0.0265094 0.0265999
20120121 924.292      0.92189      0.425494 0.434281 0 0.0848168 0.0272846 0.0281238
20120122 912.649      0.920122      0.430783 0.439598 0 0.0758294 0.0252652 0.0285234
20120123 911.873      0.962736      0.430564 0.439768 0 0.0759149 0.025277 0.0284763
20120124 911.146      1      0.43022 0.439972 0 0.0759572 0.0253788 0.0284713
20120125 911.006      0.986256      0.430448 0.439747 0 0.0759471 0.0254047 0.0284537
20120126 911.552      0.999999      0.430567 0.439601 0 0.0758671 0.025389 0.0285756
20120127 936.018      0.975647      0.41937 0.428144 0 0.0868756 0.0304815 0.0351284
20120128 936.656      0.655846      0.419059 0.427555 0 0.0872749 0.0309608 0.0351511
20120129 936.558      0.884951      0.419111 0.427448 0 0.0873487 0.0309687 0.0351234
20120130 936.246      0.863908      0.419048 0.427575 0 0.0872915 0.0309595 0.0351259
20120131 936.079      0.915935      0.419249 0.42764 0 0.0872755 0.0309852 0.0348502
20120201 927.943      0.997455      0.42306 0.424137 0 0.0880005 0.0303093 0.0344931
20120202 936.253      1      0.41935 0.427484 0 0.0870888 0.0309902 0.0350873
20120203 935.869      0.748155      0.419232 0.427548 0 0.0871589 0.03097 0.0350909
20120204 935.928      0.996704      0.419331 0.427454 0 0.087199 0.0309386 0.0350772
20120205 935.322      1      0.419473 0.427367 0 0.0871275 0.030962 0.0350702
20120206 934.914      0.702012      0.419332 0.427487 0 0.0871278 0.030961 0.0350926
20120207 934.444      1      0.419337 0.427473 0 0.0871617 0.0309445 0.0350836
20120208 934.356      0.995182      0.419316 0.427457 0 0.0871835 0.0309603 0.0350835
20120209 933.812      1      0.419645 0.427026 0 0.0872577 0.0309684 0.0351034
20120210 944.825      0.665355      0.414849 0.422453 0.011176 0.0862526 0.0305887 0.0346805
20120211 954.135      0.995894      0.410309 0.41823 0.02151 0.085339 0.0302802 0.0343315
20120212 962.353      1      0.40699 0.414478 0.0297754 0.084734 0.0300104 0.0340124
20120213 982.873      0.995804      0.398326 0.4055 0.0505771 0.0829334 0.0293377 0.0333255
20120214 983.282      1      0.39758 0.405462 0.0515307 0.0827683 0.0293434 0.0333153
20120215 991.501      0.990141      0.39414 0.402088 0.0595485 0.0820885 0.0291013 0.0330342
20120216 998.984      1      0.391163 0.398966 0.0667412 0.0814704 0.0288766 0.0327829
20120217 1000.07      0.687236      0.391669 0.398267 0.0671839 0.0812992 0.0288481 0.0327323
20120218 999.83      0.921024      0.391914 0.398244 0.067085 0.081194 0.0288286 0.0327341
20120219 986.047      1      0.383382 0.403737 0.068056 0.0824131 0.0292332 0.0331786
20120220 999.381      0.987194      0.391737 0.398195 0.0672916 0.0812661 0.0287831 0.0327265
20120221 999.701      1      0.391967 0.398017 0.0672436 0.0812614 0.0288158 0.0326947
20120222 999.768      0.994625      0.392098 0.397831 0.0671823 0.081355 0.0288284 0.0327054
20120223 995.381      1      0.393646 0.399582 0.0674595 0.0778072 0.0288876 0.0326169
20120224 998.057      0.702861      0.392252 0.398408 0.0672813 0.0804819 0.0288395 0.0327374
20120225 998.42      0.997373      0.392152 0.398077 0.0672227 0.0810352 0.0288131 0.0327002
20120226 997.82      1      0.391848 0.398218 0.0672207 0.0811965 0.0288324 0.0326842
20120227 997.531      0.99346      0.391888 0.398039 0.0671563 0.0813849 0.0288228 0.0327096
20120228 997.298      1      0.391406 0.398498 0.0671837 0.0814297 0.0288085 0.032675
20120229 997.201      0.994737      0.391273 0.39868 0.0671997 0.0813883 0.0287879 0.0326711
20120301 995.088      1      0.392021 0.399335 0.0672577 0.0798089 0.0288624 0.0327142
20120302 997.5      0.717826      0.391994 0.398159 0.0671043 0.0813177 0.0288238 0.0326015
20120303 997.079      0.99372      0.391686 0.39859 0.0670538 0.0812312 0.0287989 0.03264
20120304 997.033      1      0.391795 0.398491 0.0670183 0.0812651 0.028811 0.0326197
20120305 996.684      0.993457      0.391751 0.398595 0.0670515 0.0811578 0.0287908 0.0326544
20120306 996.915      1      0.391769 0.398554 0.0670395 0.0812135 0.0288012 0.0326229
20120307 996.223      0.993877      0.391595 0.398641 0.0670434 0.0812863 0.0287949 0.032639
20120308 995.715      0.961221      0.391867 0.398493 0.0669496 0.0812665 0.028803 0.0326211
20120309 994.776      0.673767      0.391848 0.398735 0.0667556 0.081178 0.0288299 0.0326531
20120310 994.921      0.991593      0.391799 0.398766 0.0667725 0.0811872 0.0288244 0.0326504
20120311 994.622      1      0.391899 0.398699 0.0667571 0.0811765 0.028818 0.0326507
20120312 994.695      0.997273      0.391829 0.398548 0.0669282 0.0812643 0.0288053 0.0326257
20120313 994.367      1      0.391978 0.398523 0.0670177 0.0811111 0.0288001 0.0325696
20120314 993.927      0.985878      0.391738 0.398497 0.0671058 0.081205 0.0288206 0.0326337
20120315 992.813      1      0.391563 0.398673 0.0670924 0.0812017 0.0288297 0.0326399
20120316 993.904      0.725333      0.39169 0.398597 0.0670193 0.0812885 0.0287843 0.0326211
20120317 993.894      1      0.391872 0.398482 0.0669802 0.0812821 0.028792 0.0325919
20120318 994.059      1      0.391989 0.398466 0.066954 0.081236 0.0287735 0.032582
20120319 993.883      0.978403      0.392165 0.39836 0.0669173 0.081256 0.0287257 0.0325758
20120320 993.838      0.99341      0.39211 0.398408 0.0668908 0.0812077 0.0287741 0.0326096
20120321 993.606      0.983401      0.392162 0.398303 0.0669566 0.0811567 0.0287845 0.0326372
20120322 993.047      0.949292      0.392425 0.398338 0.0667835 0.0810464 0.0287743 0.0326324
20120323 992.842      0.664614      0.392318 0.398008 0.067086 0.0811646 0.0287872 0.0326362
20120324 992.661      0.965384      0.3923 0.398141 0.0670358 0.0811083 0.028795 0.0326204
20120325 992.627      1      0.392479 0.397969 0.0670497 0.0811139 0.0287718 0.032616
20120326 992.447      0.987892      0.392573 0.39808 0.0668798 0.0810965 0.0287649 0.0326058
20120327 992.399      0.995238      0.392557 0.398067 0.0668781 0.0811299 0.0287772 0.0325912
20120328 991.555      0.999999      0.392338 0.398174 0.0669071 0.0811867 0.0287897 0.032605
20120329 989.191      0.9965      0.392748 0.398967 0.0653501 0.0814146 0.0288439 0.0326764
20120330 989.912      0.663702      0.391703 0.398669 0.0669768 0.0811834 0.028834 0.0326342
20120331 989.857      0.999865      0.391561 0.398783 0.0669353 0.0812227 0.0288614 0.0326363
20120401 991.562      0.984422      0.392766 0.398048 0.0667657 0.0810814 0.0287706 0.0325677
20120402 991.478      1      0.392921 0.397887 0.0668808 0.0809941 0.0287639 0.032553
20120403 982.333      0.987144      0.396632 0.401783 0.0636038 0.0778468 0.0272081 0.0329263
20120404 960.028      1      0.405765 0.411037 0.0567971 0.0692144 0.0235038 0.0336831
20120405 990.616      0.996445      0.393254 0.398474 0.0666564 0.0802355 0.0287483 0.0326321
20120406 991.173      0.655068      0.39277 0.398469 0.0665684 0.0808394 0.0287623 0.0325911
20120407 990.794      8.02721e-05      0.392542 0.398515 0.0665418 0.0809118 0.0287883 0.0327008
20120408 600.172      0.578541      0 0.656006 0.109757 0.133002 0.0474698 0.053765
20120409 600.506      0.939818      0 0.65551 0.109731 0.133577 0.0474451 0.0537361
20120410 590.223      0.996293      0 0.667298 0.104778 0.127764 0.0472097 0.0529503
20120411 599.999      1      0 0.656365 0.109557 0.132677 0.0475601 0.0538403
20120412 601.684      0.995432      0 0.655376 0.110064 0.133391 0.0474636 0.0537062
20120413 601.907      0.712589      0 0.655515 0.110089 0.13332 0.0474123 0.053664
20120414 601.274      0.960239      0 0.655186 0.110144 0.133472 0.0474589 0.0537386
20120415 600.688      0.996767      0 0.65497 0.11021 0.133606 0.0474549 0.0537599
20120416 600.398      1      0 0.655087 0.11025 0.133689 0.0472135 0.0537616
20120417 600.446      0.994127      0 0.655082 0.110178 0.133438 0.0474724 0.0538295
20120418 599.942      1      0 0.654925 0.110035 0.133692 0.0474634 0.0538845
20120419 599.372      0.996901      0 0.654821 0.109975 0.133806 0.0474944 0.0539031
20120420 599.869      0.737489      0 0.655153 0.109881 0.133651 0.0474582 0.0538571
20120421 600.231      1      0 0.655386 0.109818 0.133562 0.0474249 0.053809
20120422 600.156      0.993826      0 0.655354 0.109806 0.133475 0.0474999 0.0538653
20120423 599.693      1      0 0.655109 0.109972 0.133618 0.0474946 0.0538061
20120424 593.951      0.997551      0 0.652146 0.110789 0.134869 0.0479288 0.0542665
20120425 599.166      1      0 0.655387 0.1098 0.133456 0.0475013 0.0538558
20120426 599.507      1      0 0.655398 0.109964 0.133274 0.0474865 0.0538778
20120427 599.056      0.652125      0 0.655368 0.109966 0.133321 0.0474774 0.0538673
20120428 598.897      1      0 0.655334 0.109949 0.133342 0.0474689 0.0539053
20120429 590.462      0.94878      0 0.665033 0.104858 0.127373 0.0481343 0.0546015
20120430 571.718      0.987199      0 0.68643 0.0948202 0.115698 0.0466303 0.0564216
20120501 568.063      0.892781      0 0.690463 0.0959385 0.11684 0.0400131 0.0567451
20120502 598.127      1      0 0.656044 0.109685 0.132772 0.0475686 0.0539297
20120503 598.329      0.996646      0 0.655642 0.109912 0.132814 0.0476572 0.053975
20120504 598.413      0.665461      0 0.655121 0.109794 0.133286 0.0477162 0.0540828
20120505 598.236      1      0 0.654989 0.109851 0.133479 0.0476669 0.054015
20120506 597.999      0.826157      0 0.654977 0.109927 0.133405 0.0476753 0.0540161
20120507 597.825      0.993946      0 0.654842 0.109923 0.133493 0.0477159 0.0540262
20120508 597.605      1      0 0.654972 0.10982 0.133501 0.0477638 0.0539433
20120509 589.272      1      0 0.663567 0.111501 0.135428 0.0483182 0.0411866
20120510 565.271      1      0 0.692048 0.116331 0.141142 0.0504784 0
20120511 565.14      0.637858      0 0.692268 0.116137 0.141119 0.0504762 0
20120512 564.21      1      0 0.691893 0.116344 0.141217 0.0505464 0
20120513 564.229      0.991396      0 0.692139 0.11617 0.141243 0.0504472 0
20120514 564.365      1      0 0.692344 0.115988 0.141161 0.0505079 0
20120515 564.605      0.991648      0 0.692535 0.115818 0.141121 0.0505267 0
20120516 564.406      1      0 0.692677 0.115738 0.141144 0.0504406 0
20120517 561.541      0.98584      0 0.690884 0.116571 0.141758 0.0507873 0
20120518 564.086      0.702458      0 0.692315 0.116214 0.140977 0.0504936 0
20120519 563.871      1      0 0.692306 0.116375 0.140818 0.0505017 0
20120520 563.861      0.99567      0 0.69239 0.116361 0.14075 0.0504997 0
20120521 563.733      0.915785      0 0.692469 0.116287 0.140758 0.0504868 0
20120522 562.609      0.887608      0 0.692215 0.116438 0.140805 0.0505422 0
20120523 562.673      0.916388      0 0.692518 0.116392 0.140544 0.0505455 0
20120524 563.122      0.960351      0 0.69317 0.116328 0.140055 0.0504466 0
20120525 564.454      0.602031      0 0.69278 0.116082 0.140785 0.0503528 0
20120526 563.813      0.919417      0 0.692417 0.116266 0.140913 0.0504035 0
20120527 563.23      0.926251      0 0.692193 0.116201 0.141135 0.0504715 0
20120528 563.252      0.866393      0 0.692454 0.116157 0.140968 0.0504211 0
20120529 563.066      0.0405763      0 0.692241 0.11629 0.141115 0.0503545 0
20120530 562.419      0.79384      0 0.692237 0.116074 0.141168 0.0505206 0
20120531 562.668      1      0 0.69232 0.115978 0.141251 0.0504507 0
20120601 563.214      0.882993      0.00140103 0.691538 0.115791 0.140853 0.050417 0
20120602 646.417      1      0.130838 0.601679 0.100781 0.122781 0.043921 0
20120603 695.514      1      0.191835 0.559988 0.09348 0.113927 0.0407703 0
20120604 761.971      0.994323      0.262757 0.510716 0.0853006 0.10405 0.0371762 0
20120605 881.922      1      0.363428 0.440473 0.0739607 0.0899585 0.0321791 0
20120606 891.662      0.995166      0.369019 0.436886 0.0733126 0.0890009 0.031782 0
20120607 976.662      0.999999      0.424021 0.398971 0.0669203 0.0810527 0.0290355 0
20120608 986.175      0.0365092      0.430877 0.394173 0.0660825 0.0800772 0.0287905 0
20120609 987.092      0      0.431463 0.393707 0.0661565 0.0799479 0.028725 0
20120610 986.778      0      0.431321 0.393813 0.0661993 0.079936 0.0287305 0
20120611 989.643      0      0.433105 0.392462 0.0662054 0.0796196 0.0286076 0
20120612 989.112      0      0.432864 0.392505 0.0663053 0.0797053 0.0286208 0
20120613 989.86      0      0.433201 0.392484 0.0659602 0.0797542 0.0286013 0
20120614 989.358      0      0.432969 0.392555 0.0659395 0.0799277 0.0286089 0
20120615 990.331      0.575975      0.432537 0.393032 0.0658141 0.0800332 0.0285847 0
20120616 984.518      1      0.436003 0.395007 0.0633678 0.0774433 0.028179 0
20120617 965.853      1      0.443698 0.402649 0.0572625 0.0693601 0.0270309 0
20120618 965.513      0.991116      0.442887 0.40178 0.0578792 0.070367 0.0270867 0
20120619 964.292      0.760479      0.444008 0.400342 0.0579987 0.0705467 0.0271046 0
20120620 966.447      0.975694      0.443181 0.401806 0.0577416 0.0702987 0.0269722 0
20120621 965.887      1      0.442983 0.401716 0.0578851 0.0703762 0.0270392 0
20120622 964.185      0.575951      0.443006 0.40182 0.0577774 0.0703195 0.0270775 0
20120623 964.182      1      0.443096 0.401691 0.0578513 0.0703078 0.0270537 0
20120624 961.955      1      0.441915 0.402603 0.0579138 0.0704411 0.0271271 0
20120625 962.357      0.630601      0.443762 0.402234 0.0573768 0.0697424 0.0268845 0
20120626 960.301      0.704194      0.444895 0.403473 0.0564571 0.0687177 0.0264571 0
20120627 973.03      0.993301      0.439624 0.398736 0.06048 0.0737149 0.0274455 0
20120628 980.122      0.996341      0.429224 0.395388 0.0662334 0.0804536 0.0287012 0
20120629 986.371      0.628173      0.43321 0.392535 0.0657952 0.0799232 0.0285372 0
20120630 984.197      0.993237      0.433094 0.392658 0.0656772 0.0799234 0.0286476 0
20120701 985.705      0.989281      0.432909 0.392853 0.065748 0.0798783 0.0286113 0
20120702 983.594      1      0.433082 0.392692 0.0657859 0.0797858 0.0286545 0
20120703 983.809      1      0.432783 0.393018 0.0657855 0.0797959 0.0286171 0
20120704 976.741      0.99727      0.428732 0.395794 0.0661985 0.0804588 0.0288171 0
20120705 981.227      0.999999      0.43212 0.393182 0.0658963 0.0801068 0.0286951 0
20120706 984.242      0.668031      0.432502 0.39306 0.0658957 0.0800014 0.0285404 0
20120707 979.267      1      0.429833 0.394925 0.066162 0.0804376 0.0286421 0
20120708 978.039      0.999999      0.429636 0.394856 0.0662794 0.0805424 0.0286856 0
20120709 970.882      0.990425      0.425474 0.39772 0.0667825 0.0811455 0.0288782 0
20120710 966.032      1      0.423572 0.398701 0.0671457 0.0815479 0.0290337 0
20120711 968.182      0.42715      0.424278 0.398404 0.0670021 0.0813724 0.0289431 0
20120712 963.234      0.84353      0.421923 0.40016 0.0672559 0.081603 0.0290578 0
20120713 978.556      0.688924      0.431129 0.393605 0.066195 0.0803969 0.0286742 0
20120714 980.916      1      0.43217 0.393026 0.0660275 0.0800918 0.0285773 0.000107549
20120715 979.828      1      0.431969 0.392909 0.0660093 0.0801294 0.0285594 0.000424267
20120716 981.807      0.993205      0.430534 0.392448 0.0658672 0.0800169 0.0285183 0.00261513
20120717 988.832      1      0.427254 0.389953 0.0654296 0.0792397 0.0283604 0.00976349
20120718 990.927      0.99341      0.426672 0.38926 0.0653013 0.0791768 0.0282718 0.0113174
20120719 985.139      0.773785      0.412989 0.391317 0.0655352 0.0796585 0.028491 0.022009
20120720 990.986      0.734359      0.412168 0.389351 0.0651869 0.0793668 0.0282868 0.0256412
20120721 1007.4      1      0.420048 0.382624 0.0640592 0.0780892 0.0278317 0.0273479
20120722 1012.4      0.896912      0.418405 0.380679 0.0637113 0.0777056 0.0276727 0.031827
20120723 1000.8      0.927529      0.422702 0.384964 0.0590507 0.0722896 0.0278611 0.033133
20120724 962.389      1      0.427981 0.399483 0.0521968 0.0636643 0.0288327 0.0278425
20120725 972.147      0.996767      0.424951 0.395856 0.0553852 0.0673318 0.028514 0.0279617
20120726 981.941      0.993211      0.427853 0.391842 0.0546829 0.0666438 0.028185 0.0307934
20120727 978.662      0.696041      0.422437 0.39346 0.054711 0.0666759 0.0282627 0.0344528
20120728 986.811      0.00611821      0.426629 0.390396 0.0542968 0.0661934 0.0280871 0.034397
20120729 985.779      0      0.42671 0.390012 0.0546405 0.0662565 0.027991 0.0343892
20120730 1003.48      0      0.415786 0.382744 0.0638323 0.077213 0.0272333 0.0331923
20120731 1001.1      0      0.419999 0.383861 0.0639095 0.0778923 0.0204364 0.0339023
20120801 981.808      0      0.429406 0.391425 0.0652647 0.0793288 0 0.0345756
20120802 983.01      0      0.429193 0.391171 0.065575 0.0795308 0 0.0345294
20120803 982.881      0      0.428974 0.391182 0.0656622 0.0797149 0 0.0344661
20120804 982.742      0      0.429012 0.390969 0.0656576 0.0798406 0 0.0345212
20120805 982.918      0      0.429137 0.39082 0.0656032 0.0799113 0 0.0345288
20120806 983.059      0      0.429138 0.390946 0.0655624 0.079857 0 0.0344962
20120807 982.719      0      0.42913 0.391032 0.0655863 0.0798246 0 0.0344275
20120808 982.429      0      0.429098 0.391022 0.0655664 0.079857 0 0.0344568
20120809 980.921      0      0.428912 0.391092 0.0656527 0.0798646 0 0.0344784
20120810 980.434      0      0.428621 0.391315 0.0657195 0.0798354 0 0.0345087
20120811 981.101      0      0.428716 0.39132 0.06563 0.0798758 0 0.0344581
20120812 978.414      0      0.42991 0.38961 0.0658585 0.0800736 0 0.0345478
20120813 980.54      0      0.428859 0.391016 0.0657424 0.0799446 0 0.0344378
20120814 980.953      0      0.429039 0.391067 0.0656362 0.0798537 0 0.0344036
20120815 980.576      0      0.428956 0.391217 0.0656075 0.0798387 0 0.0343806
20120816 969.949      0      0.432906 0.394915 0.0626318 0.0769021 0 0.0326456
20120817 949.856      0      0.441866 0.403643 0.0567199 0.069138 0 0.0286324
20120818 948.971      0      0.441935 0.404026 0.0565507 0.0689692 0 0.0285189
20120819 949.498      0      0.44221 0.403795 0.0565635 0.0689603 0 0.0284713
20120820 978.095      0      0.429568 0.392018 0.0652192 0.0796136 0 0.0335815
20120821 978.837      0      0.428871 0.391636 0.0652995 0.0798161 0 0.0343774
20120822 978.007      0      0.428584 0.391733 0.0652992 0.0799267 0 0.0344565
20120823 978.997      0      0.42908 0.391624 0.0654035 0.0794511 0 0.0344414
20120824 978.566      0      0.428626 0.391549 0.065666 0.0797389 0 0.03442
20120825 978.236      0      0.428293 0.391855 0.0655804 0.0798281 0 0.0344432
20120826 977.107      0      0.428456 0.391732 0.065698 0.0796477 0 0.0344669
20120827 976.791      0      0.428609 0.391499 0.0656897 0.0797291 0 0.0344727
20120828 976.735      0      0.428817 0.391387 0.0656313 0.0797569 0 0.0344074
20120829 976.901      0      0.428604 0.391557 0.0656839 0.0797374 0 0.0344172
20120830 977.115      0      0.428613 0.391658 0.0656694 0.0796655 0 0.0343944
20120831 977.504      0      0.428424 0.391578 0.0657445 0.0798608 0 0.0343929
20120901 977.248      0      0.42829 0.39166 0.0657334 0.0799306 0 0.0343856
20120902 977.139      0      0.428231 0.391683 0.0656941 0.0800165 0 0.0343753
20120903 976.889      0      0.428326 0.391703 0.0656386 0.0799604 0 0.034372
20120904 975.494      0      0.428008 0.391807 0.0657423 0.0799772 8.5582e-05 0.0343797
20120905 978.577      0      0.427193 0.3907 0.0654237 0.07979 0.00257197 0.0343209
20120906 984.892      0      0.424115 0.388051 0.0650817 0.0793232 0.00935475 0.0340747
20120907 987.148      0      0.423611 0.387517 0.0648715 0.0790984 0.0109005 0.0340011
20120908 996.036      0      0.419752 0.383987 0.06433 0.0783462 0.0198943 0.0336902
20120909 998.126      0      0.418612 0.383131 0.0641185 0.0781266 0.0223813 0.0336302
20120910 1003.77      0      0.416255 0.380653 0.0636485 0.0777298 0.0283168 0.0333968
20120911 1005.12      0      0.415578 0.380359 0.0635075 0.0776033 0.0296144 0.033338
20120912 1004.24      0      0.415222 0.38068 0.063501 0.077615 0.0296232 0.0333588
20120913 1003.82      0      0.415523 0.380902 0.0636324 0.0776003 0.0295058 0.032837
20120914 1000.8      0      0.416037 0.380937 0.0639271 0.0777633 0.0279363 0.0333991
20120915 997.449      0      0.41746 0.382652 0.0641864 0.0780841 0.0241469 0.0334706
20120916 996.924      0      0.417713 0.382502 0.0641748 0.0780049 0.0241376 0.0334672
20120917 999.444      0      0.416947 0.381524 0.0640213 0.0776932 0.0264091 0.033405
20120918 1002.75      0      0.415447 0.380582 0.0637275 0.077349 0.0295645 0.0333298
20120919 1002.44      0      0.415014 0.380779 0.0638269 0.077394 0.0296094 0.0333771
20120920 1002.21      0      0.415196 0.380878 0.063564 0.0773952 0.0296125 0.0333546
20120921 1001.75      0      0.415431 0.380887 0.0638263 0.0774993 0.0290027 0.0333534
20120922 973.201      0      0.427167 0.392013 0.0657205 0.0797792 0.00107615 0.0342443
20120923 977.462      0      0.425461 0.390328 0.0653991 0.0792355 0.00548297 0.0340927
20120924 1000.9      0      0.41537 0.381128 0.0638845 0.0773824 0.0289097 0.0333259
20120925 1001.95      0      0.415197 0.380668 0.0637659 0.077579 0.0295681 0.0332217
20120926 1001.1      0      0.415264 0.38037 0.0638038 0.0777095 0.0295543 0.0332979
20120927 1001.08      0      0.414762 0.38095 0.0638081 0.077645 0.0295426 0.0332926
20120928 997.92      0      0.416072 0.382107 0.0609637 0.0779034 0.0295988 0.0333549
20120929 983.665      0      0.422608 0.387229 0.0541694 0.075284 0.0283916 0.0323186
20120930 961.72      0      0.431808 0.395699 0.0528772 0.0676629 0.0243547 0.0275976
20121001 964.588      0      0.430922 0.394731 0.0552071 0.0671525 0.0244587 0.0275287
20121002 976.058      0      0.425724 0.389923 0.0545617 0.0783075 0.02423 0.0272539
20121003 977.133      0      0.425196 0.389229 0.0544543 0.0793584 0.0241763 0.0275862
20121004 983.119      0      0.422387 0.386752 0.0541122 0.078884 0.0240474 0.033818
20121005 988.351      0      0.420033 0.384482 0.053927 0.0785147 0.0293977 0.0336458
20121006 998.94      0      0.415701 0.380494 0.0634064 0.0776307 0.0294664 0.0333016
20121007 998.398      0      0.415577 0.380635 0.0633929 0.0775209 0.0295643 0.0333095
20121008 998.486      0      0.415553 0.380642 0.0634972 0.0774419 0.0295712 0.0332945
20121009 998.614      0      0.415261 0.380541 0.0638226 0.0775936 0.0295393 0.0332424
20121010 997.349      0      0.415005 0.380612 0.0639517 0.0775205 0.0296001 0.0333106
20121011 996.882      0      0.415154 0.380423 0.0639601 0.0775543 0.0295939 0.0333148
20121012 997.597      0      0.415197 0.380594 0.0639197 0.0774309 0.0295789 0.0332799
20121013 997.016      0      0.415406 0.380561 0.0639164 0.077347 0.0295853 0.0331844
20121014 996.448      0      0.415404 0.380468 0.0639776 0.0773647 0.0295694 0.0332158
20121015 995.363      0      0.415823 0.379625 0.0640953 0.0776508 0.0295654 0.0332413
20121016 991.734      0      0.413905 0.380715 0.0642409 0.0780832 0.0296839 0.0333725
20121017 994.642      0      0.415462 0.379757 0.0639913 0.0779113 0.0295724 0.0333057
20121018 996.338      0      0.414999 0.380444 0.0638815 0.0778457 0.0295355 0.0332943
20121019 996.052      0.502875      0.414742 0.380772 0.0638476 0.077813 0.0295626 0.0332621
20121020 996.047      1      0.414877 0.38064 0.0638843 0.0777794 0.0295541 0.0332652
20121021 995.674      1      0.415113 0.380622 0.063778 0.0776656 0.0295609 0.033261
20121022 996.086      0.992989      0.414926 0.38085 0.0638544 0.0775699 0.0295492 0.0332501
20121023 996.194      1      0.41507 0.380966 0.0637122 0.0775737 0.0295034 0.0331745
20121024 995.251      0.980136      0.414897 0.381242 0.0637408 0.077554 0.0293041 0.0332615
20121025 995.551      0.993162      0.415045 0.380983 0.0637021 0.0775382 0.0295019 0.0332295
20121026 994.545      0.598942      0.415177 0.380815 0.0637105 0.0775559 0.0294956 0.0332457
20121027 995.062      0.993248      0.415145 0.380617 0.0637308 0.0777284 0.0295302 0.0332491
20121028 993.806      0.986851      0.415367 0.380408 0.0636984 0.0777285 0.0295435 0.0332543
20121029 992.775      1      0.415472 0.380202 0.0637358 0.07783 0.0294818 0.0332782
20121030 992.214      1      0.415748 0.380152 0.0637358 0.0778215 0.0293091 0.0332338
20121031 990.691      0.987722      0.415665 0.380221 0.0637565 0.0778331 0.0292801 0.0332442
20121101 985.133      1      0.417825 0.378386 0.0641397 0.0782056 0.0280285 0.0334156
20121102 985.589      0.673236      0.418285 0.382081 0.0643981 0.0782384 0.0235042 0.0334932
20121103 985.557      0.249869      0.418193 0.382204 0.0643284 0.0782837 0.0234896 0.0335008
20121104 984.889      1      0.418422 0.381972 0.0644005 0.0781967 0.0235156 0.033493
20121105 982.496      0.989623      0.419149 0.384437 0.0627762 0.0783013 0.0236015 0.0317352
20121106 974.731      0      0.422609 0.388353 0.0596974 0.0788259 0.0237879 0.026727
20121107 973.994      0      0.422417 0.388428 0.0597128 0.0788491 0.0238299 0.0267632
20121108 973.69      0      0.422064 0.388894 0.0595801 0.0789073 0.0238057 0.0267488
20121109 973.949      0      0.421755 0.389254 0.0595473 0.078855 0.0238208 0.0267671
20121110 973.674      0.528297      0.422216 0.388926 0.0595841 0.0787448 0.0237659 0.0267632
20121111 973.056      0.938501      0.422269 0.388883 0.0595581 0.0787534 0.0237817 0.0267548
20121112 972.475      0.988729      0.422326 0.388807 0.0595722 0.0787896 0.0237631 0.0267418
20121113 972.283      1      0.42233 0.388773 0.0596163 0.078748 0.0237793 0.0267542
20121114 972.726      0.983752      0.422079 0.38881 0.0596948 0.0789055 0.0237694 0.0267407
20121115 975.627      1      0.420627 0.387356 0.0594592 0.0790962 0.0254907 0.0279712
20121116 989.313      0.651879      0.414463 0.381357 0.063734 0.078062 0.0294657 0.0329185
20121117 989.858      1      0.414205 0.381477 0.0639648 0.077996 0.0294822 0.0328751
20121118 990.123      0.999486      0.414537 0.38135 0.0637086 0.0779418 0.0294343 0.0330292
20121119 990.319      0.860096      0.414736 0.3815 0.0635002 0.0779112 0.0292635 0.0330896
20121120 990.055      1      0.41466 0.381594 0.0636899 0.0778119 0.0292093 0.0330346
20121121 988.963      0.961461      0.41468 0.381353 0.0637079 0.0778495 0.0293168 0.0330929
20121122 987.612      0.897521      0.415299 0.381958 0.0640843 0.0760419 0.0294874 0.0331291
20121123 988.857      0.672478      0.414356 0.381421 0.064061 0.0776721 0.0294327 0.0330564
20121124 988.459      1      0.414361 0.381282 0.0640644 0.0778129 0.0294123 0.0330678
20121125 988.09      0.999727      0.414469 0.381143 0.0640736 0.0778395 0.0294022 0.0330727
20121126 987.336      0.990155      0.41458 0.381118 0.0640883 0.0777112 0.0293968 0.0331061
20121127 986.94      0.997675      0.414897 0.381073 0.0640075 0.0774969 0.0294351 0.0330911
20121128 986.358      0.995555      0.414908 0.380847 0.0640423 0.0776811 0.0294244 0.0330969
20121129 987.172      1      0.414467 0.381258 0.0641668 0.0776692 0.029378 0.0330604
20121130 988.268      0.698118      0.414738 0.381354 0.0640305 0.0775182 0.0293514 0.0330077
20121201 988.155      1      0.414858 0.381468 0.0639545 0.0773347 0.0293404 0.0330446
20121202 987.992      1      0.414846 0.381457 0.0638825 0.077443 0.0293622 0.0330088
20121203 987.87      0.987619      0.414723 0.38186 0.0637253 0.0773991 0.0292844 0.033008
20121204 987.936      1      0.414599 0.381855 0.063714 0.0775501 0.029316 0.0329652
20121205 987.476      0.982215      0.414682 0.381774 0.0636877 0.0775452 0.0293285 0.0329827
20121206 972.683      0.996532      0.420748 0.372674 0.0646937 0.0786812 0.0297588 0.0334445
20121207 985.357      0.708342      0.415207 0.381426 0.0631797 0.0777548 0.0293895 0.0330431
20121208 986.272      0.993172      0.41478 0.381545 0.0636849 0.0776392 0.0293542 0.032997
20121209 986.2      0.437326      0.414832 0.381623 0.063764 0.0774811 0.0293075 0.0329925
20121210 985.708      0.870831      0.415157 0.38147 0.063643 0.0774224 0.0293091 0.0329979
20121211 966.035      1      0.423329 0.38897 0.0652231 0.0589469 0.0298945 0.0336367
20121212 909.219      0.99737      0.449789 0.41341 0.0693226 0 0.0317494 0.0357292
20121213 908.947      0.93591      0.44994 0.413267 0.0692782 0 0.0317558 0.0357588
20121214 909.261      0.635056      0.449748 0.413317 0.0694473 0 0.0317402 0.0357475
20121215 909.318      1      0.449847 0.413294 0.0693829 0 0.03173 0.0357464
20121216 909.179      1      0.449727 0.413258 0.0694838 0 0.0317668 0.0357651
20121217 907.704      0.983868      0.450486 0.412361 0.0695236 0 0.0318196 0.0358092
20121218 904.949      1      0.451475 0.412904 0.0695723 0 0.0302488 0.0358006
20121219 899.79      0.995681      0.453685 0.414747 0.070087 0 0.0254089 0.036072
20121220 898.405      0.993226      0.454299 0.416086 0.0680789 0 0.025448 0.0360876
20121221 900.799      0.550626      0.452747 0.416034 0.0699096 0 0.0253205 0.0359888
20121222 902.065      0.993892      0.452296 0.415451 0.0698097 0 0.0265111 0.035932
20121223 906.427      1      0.449976 0.413111 0.0693995 0 0.031773 0.0357407
20121224 906.438      0.994447      0.449761 0.413357 0.0694093 0 0.0317342 0.0357389
20121225 906.224      0.999999      0.449798 0.413369 0.0693786 0 0.0317334 0.0357214
20121226 905.78      0.996252      0.449913 0.413409 0.0694259 0 0.0315281 0.0357241
20121227 906.001      1      0.449639 0.41357 0.0694084 0 0.0316868 0.0356956
20121228 906.145      0.696138      0.449649 0.413457 0.0694344 0 0.0317565 0.0357036
20121229 907.068      1      0.449079 0.412926 0.0692345 0.0013594 0.0317595 0.0356418
20121230 923.934      1      0.440641 0.405185 0.0679025 0.0200888 0.0311806 0.0350023
20121231 929.842      0.978176      0.437883 0.40226 0.0675037 0.0266932 0.0308918 0.0347685
20130101 937.205      0      0.434 0.399075 0.0669922 0.0414925 0.0239918 0.0344485
20130102 962.961      0      0.422611 0.388606 0.0652237 0.0606872 0.0293344 0.0335381
20130103 966.085      0      0.421215 0.386752 0.0649659 0.063989 0.0296366 0.0334422
20130104 980.868      0      0.414653 0.380762 0.0639453 0.078576 0.0291416 0.0329223
20130105 984.47      0      0.413164 0.379301 0.0635358 0.0821888 0.0290254 0.0327851
20130106 984.666      0      0.413024 0.37969 0.0633635 0.0821318 0.0290241 0.0327665
20130107 984.709      0.817201      0.412788 0.379906 0.0634638 0.0821006 0.0289881 0.0327532
20130108 984.812      1      0.412552 0.380079 0.0635245 0.0820781 0.0290203 0.0327463
20130109 985.164      0.991029      0.412112 0.380135 0.0634168 0.0825755 0.0290165 0.0327444
20130110 981.079      1      0.413809 0.377401 0.0636509 0.0831363 0.0291371 0.0328662
20130111 984.891      0.857867      0.412032 0.379486 0.0636685 0.083052 0.0290363 0.0327258
20130112 984.868      1      0.411896 0.379522 0.0638263 0.0829925 0.0290384 0.0327249
20130113 984.537      0.993241      0.411883 0.379653 0.0637682 0.0829461 0.0290169 0.0327328
20130114 984.078      0.985848      0.412056 0.379502 0.0636718 0.0830125 0.0290152 0.0327429
20130115 984.01      1      0.412075 0.379604 0.0636437 0.0829217 0.0290888 0.0326668
20130116 977.852      0.991506      0.408659 0.381975 0.0639379 0.0833326 0.0292222 0.0328729
20130117 975.409      0.940954      0.407016 0.383126 0.0640801 0.0835403 0.0292923 0.0329459
20130118 982.267      1      0.411735 0.380114 0.0635688 0.0827815 0.0291004 0.0327009
20130119 982.479      0.967253      0.411743 0.380018 0.0635775 0.0829062 0.029071 0.0326846
20130120 954.438      0.576782      0.424302 0.390393 0.0367094 0.0850565 0.0299042 0.0336345
20130121 919.725      0.781863      0.440577 0.405313 0 0.0881698 0.0310127 0.0349274
20130122 918.821      0.994948      0.440882 0.405557 0 0.0880833 0.0310567 0.0344205
20130123 919.993      0.98903      0.440823 0.405379 0 0.0878501 0.0310089 0.0349387
20130124 921.101      1      0.440448 0.4056 0 0.0880691 0.030995 0.0348876
20130125 921.192      0.893542      0.440378 0.405632 0 0.0881586 0.0309562 0.0348753
20130126 920.909      1      0.440363 0.405637 0 0.0881645 0.0309674 0.034868
20130127 920.929      1      0.440369 0.405667 0 0.0881407 0.030966 0.0348576
20130128 920.714      0.996515      0.440255 0.405757 0 0.088199 0.0309163 0.0348735
20130129 919.716      1      0.44044 0.405858 0 0.0878276 0.0309958 0.0348783
20130130 919.918      0.994329      0.43994 0.406191 0 0.0880155 0.0309617 0.0348921
20130131 919.288      1      0.439952 0.406075 0 0.0880662 0.0310099 0.0348967
20130201 919.451      0.706984      0.440322 0.405808 0 0.0880223 0.0309633 0.034884
20130202 919.6      1      0.44015 0.405919 0 0.0880915 0.0309662 0.0348731
20130203 918.939      1      0.440048 0.406002 0 0.0880827 0.0309789 0.0348882
20130204 918.54      1      0.440127 0.406006 0 0.0880202 0.0309538 0.0348927
20130205 918.134      1      0.440215 0.406421 0 0.0874829 0.0309802 0.0349012
20130206 907.348      0.858073      0.445448 0.410525 0 0.0773664 0.0313402 0.03532
20130207 901.846      1      0.448134 0.412636 0 0.0740149 0.0296923 0.0355227
20130208 898.063      0.871134      0.44975 0.415454 0 0.0742154 0.0249329 0.0356482
20130209 898.079      1      0.449734 0.41544 0 0.0742047 0.0249802 0.035641
20130210 898.236      1      0.449838 0.415347 0 0.0741953 0.0249896 0.0356306
20130211 897.967      0.99754      0.449705 0.415421 0 0.0742394 0.0249888 0.0356455
20130212 897.806      1      0.449707 0.415536 0 0.0742137 0.0249108 0.0356325
20130213 897.659      0.987245      0.449645 0.415464 0 0.0742456 0.0250193 0.035626
20130214 897.517      1      0.449597 0.415519 0 0.0742136 0.0250414 0.0356288
20130215 897.722      0.864896      0.449622 0.415546 0 0.0742083 0.0249949 0.0356288
20130216 896.859      1      0.449844 0.415302 0 0.0742328 0.0249835 0.0356378
20130217 902.592      1      0.446903 0.412682 0 0.0737347 0.0312939 0.0353866
20130218 916.477      0.993623      0.440495 0.406275 0 0.0873013 0.0310601 0.0348685
20130219 916.878      1      0.440499 0.406127 0 0.0874363 0.0310702 0.0348673
20130220 916.761      0.997356      0.440599 0.405826 0 0.0877616 0.0309576 0.0348558
20130221 916.289      1      0.440383 0.405993 0 0.0877432 0.0309867 0.0348943
20130222 915.865      0.870779      0.440493 0.405826 0 0.0878281 0.0310044 0.0348485
20130223 915.681      1      0.440606 0.40578 0 0.0877863 0.030987 0.0348404
20130224 914.815      1      0.440646 0.40565 0 0.0878252 0.0310354 0.0348434
20130225 914.627      1      0.440315 0.406159 0 0.0877215 0.0309754 0.0348293
20130226 914.91      0.999999      0.440171 0.406275 0 0.0877144 0.0309895 0.0348498
20130227 915.374      0.989051      0.439946 0.406308 0 0.0879576 0.0309542 0.0348342
20130228 914.752      0.969366      0.439905 0.406517 0 0.088121 0.0306063 0.0348505
20130301 914.815      0.708301      0.439662 0.406577 0 0.088028 0.0309024 0.0348306
20130302 915.052      1      0.439709 0.406517 0 0.0879975 0.0309785 0.0347983
20130303 914.827      1      0.439886 0.406338 0 0.0880225 0.0309519 0.0348012
20130304 914.165      0.997157      0.439684 0.406473 0 0.0880534 0.0309711 0.0348193
20130305 907.576      0.99307      0.442856 0.409346 0 0.088647 0.0311989 0.0279519
20130306 882.538      0.989934      0.455602 0.421111 0 0.0911467 0.0321409 0
20130307 882.524      1      0.455715 0.421061 0 0.0911606 0.0320633 0
20130308 881.858      0.820369      0.455866 0.420911 0 0.0911429 0.0320803 0
20130309 882.103      1      0.456081 0.420648 0 0.0911885 0.0320826 0
20130310 881.669      0.970784      0.456189 0.420535 0 0.0911737 0.0321029 0
20130311 880.948      0.993827      0.456157 0.420547 0 0.0912105 0.0320857 0
20130312 880.718      1      0.456091 0.420539 0 0.0912665 0.0321035 0
20130313 880.508      0.992154      0.456049 0.420662 0 0.0912001 0.032089 0
20130314 879.635      1      0.457049 0.419595 0 0.0912316 0.032124 0
20130315 879.396      0.710982      0.456979 0.41952 0 0.091366 0.0321347 0
20130316 879.138      1      0.456984 0.419505 0 0.0913429 0.0321676 0
20130317 878.714      0.999999      0.45696 0.41964 0 0.0912499 0.0321495 0
20130318 880.158      0.997818      0.457035 0.419119 0.00061283 0.0911212 0.0321124 0
20130319 882.568      1      0.455488 0.417698 0.00395997 0.0908619 0.0319924 0
20130320 883.819      0.997899      0.454584 0.417479 0.00516997 0.0907549 0.0320121 0
20130321 900.378      1      0.445972 0.412623 0.0208776 0.0891552 0.0313719 0
20130322 901.989      0.894217      0.445095 0.411786 0.0229858 0.0888403 0.0312935 0
20130323 916.242      1      0.438108 0.405329 0.0382475 0.0875121 0.0308039 0
20130324 932.027      0.993127      0.430948 0.398563 0.0541779 0.0860269 0.0302851 0
20130325 933.298      0.990586      0.430269 0.398109 0.0555091 0.0858966 0.030216 0
20130326 946.146      1      0.423525 0.392153 0.0699847 0.0845844 0.0297525 0
20130327 947.735      0.927396      0.423279 0.391573 0.0710498 0.0843593 0.0297393 0
20130328 947.849      1      0.423112 0.391208 0.0716814 0.084282 0.0297167 0
20130329 947.498      0.713507      0.423486 0.391265 0.0712304 0.0842753 0.0297424 0
20130330 947.21      0.999999      0.423366 0.391211 0.0713718 0.0843302 0.0297204 0
20130331 947.228      1      0.423239 0.390955 0.0718186 0.0842471 0.0297402 0
20130401 941.9      0.994858      0.425349 0.387876 0.0722826 0.0845876 0.0299051 0
20130402 945.071      1      0.423495 0.390329 0.0720357 0.0843368 0.0298039 0
20130403 938.676      0.992295      0.426082 0.394634 0.0683898 0.0809065 0.0299876 0
20130404 920.098      1      0.434318 0.402446 0.060975 0.0716958 0.0305651 0
20130405 945.371      0.853954      0.422662 0.392173 0.0717904 0.0836301 0.0297443 0
20130406 945.642      1      0.42204 0.392085 0.0718646 0.0842815 0.0297291 0
20130407 945.093      0.97981      0.422199 0.392253 0.0718642 0.0839404 0.029743 0
20130408 944.83      1      0.422448 0.392092 0.0718623 0.08384 0.029757 0
20130409 944.535      1      0.422429 0.392134 0.0718049 0.0837744 0.0298577 0
20130410 944.615      0.988275      0.422341 0.392056 0.0718254 0.0837764 0.0298464 0.000154482
20130411 856.215      1      0.466163 0.32275 0.0792412 0.0926998 0.0328619 0.00628448
20130412 585.323      0.835033      0.681677 0 0.115936 0.136106 0.0481345 0.0181461
20130413 587.496      1      0.678953 0 0.115415 0.135515 0.0479008 0.0222159
20130414 599.195      1      0.66753 0 0.113078 0.132922 0.0469171 0.0395531
20130415 601.757      0.993166      0.665279 0 0.112655 0.132298 0.0467262 0.0430424
20130416 606.034      1      0.660121 0 0.111056 0.131323 0.0463286 0.0511721
20130417 608.706      0.994776      0.655998 0 0.110965 0.13054 0.0461319 0.0563649
20130418 603.468      1      0.652914 0 0.111945 0.131782 0.0465409 0.0568173
20130419 607.943      0.970669      0.655605 0 0.111212 0.130694 0.0462078 0.0562811
20130420 607.977      0.836487      0.656525 0 0.111201 0.130472 0.0461137 0.0556876
20130421 608.245      0.406715      0.656158 0 0.111236 0.130286 0.0460634 0.0562568
20130422 608.106      0.955636      0.656172 0 0.111057 0.130623 0.0459529 0.0561955
20130423 607.902      1      0.655892 0 0.110953 0.130847 0.0461385 0.0561693
20130424 607.193      0.995805      0.656012 0 0.110791 0.130658 0.0462675 0.0562714
20130425 607.922      1      0.656195 0 0.110475 0.130842 0.0462538 0.0562342
20130426 608.05      0.626875      0.656677 0 0.110047 0.130865 0.0461963 0.056214
20130427 607.605      1      0.656184 0 0.110573 0.130862 0.0462074 0.0561739
20130428 607.374      0.979199      0.655811 0 0.110912 0.130829 0.0462147 0.0562334
20130429 599.967      0.994528      0.663115 0 0.112469 0.132554 0.0351678 0.0566945
20130430 564.738      1      0.704002 0 0.116183 0.131843 0 0.0479727
20130501 551.553      0.996511      0.720066 0 0.112172 0.118705 0 0.0490574
20130502 573.879      1      0.69149 0 0.116716 0.137131 0 0.0546631
20130503 576.884      0.86544      0.686779 0 0.116466 0.137434 0 0.0593199
20130504 577.288      0.861033      0.686813 0 0.116503 0.137404 0 0.0592802
20130505 577.795      0.945165      0.68749 0 0.116217 0.1372 0 0.0590937
20130506 578.452      0.993534      0.68801 0 0.116141 0.136998 0 0.0588509
20130507 579.089      1      0.688177 0 0.116096 0.136907 0 0.0588203
20130508 578.795      0.84919      0.688226 0 0.116124 0.136824 0 0.0588257
20130509 578.649      0.973474      0.688582 0 0.115883 0.136678 0 0.0588574
20130510 578.291      0.952942      0.688368 0 0.116294 0.136492 0 0.0588457
20130511 578.192      1      0.68822 0 0.116272 0.136612 0 0.0588965
20130512 576.78      1      0.687586 0 0.1164 0.13694 0 0.0590732
20130513 576.85      0.995206      0.687854 0 0.116319 0.136759 0 0.059068
20130514 576.695      1      0.68807 0 0.116214 0.136685 0 0.0590315
20130515 577.751      0.958428      0.688464 0 0.115868 0.136891 0 0.0587767
20130516 577.274      1      0.688795 0 0.115666 0.137255 0 0.0582829
20130517 578.155      0.880414      0.688185 0 0.115693 0.137215 0 0.0589076
20130518 577.87      1      0.688568 0 0.115673 0.136827 0 0.058932
20130519 577.906      0.999999      0.688711 0 0.11549 0.136886 0 0.0589124
20130520 577.946      0.995457      0.688974 0 0.115439 0.136708 0 0.0588799
20130521 578.058      1      0.689077 0 0.115254 0.13678 0 0.0588898
20130522 577.511      0.995434      0.689053 0 0.115212 0.136909 0 0.0588265
20130523 577.363      1      0.68896 0 0.115314 0.136889 0 0.0588363
20130524 578.998      0.720051      0.687547 0.001746 0.115536 0.136443 0 0.0587286
20130525 580.405      1      0.68545 0.00439649 0.115374 0.136233 0 0.0585479
20130526 580.386      1      0.684771 0.00519914 0.115341 0.136149 0 0.0585401
20130527 579.513      0.989742      0.684708 0.00498838 0.11543 0.136306 0 0.0585679
20130528 580.201      1      0.683407 0.00649683 0.115298 0.136168 0.000117909 0.0585125
20130529 612.895      0.99486      0.647376 0.0595044 0.108991 0.128604 0.000246117 0.0552791
20130530 696.367      1      0.569281 0.168999 0.095958 0.113396 0.00384997 0.0485152
20130531 709.715      0.858076      0.55791 0.176388 0.0940695 0.111267 0.0128134 0.0475516
20130601 781.231      1      0.505716 0.252452 0.0854023 0.100946 0.0122963 0.043187
20130602 891.898      1      0.44205 0.33628 0.07486 0.0884576 0.020545 0.0378075
20130603 904.107      0.992908      0.437307 0.338932 0.0739319 0.0874096 0.0250459 0.0373729
20130604 987.927      1      0.401749 0.389284 0.0676249 0.0799076 0.0273514 0.0340827
20130605 1006.27      0.595941      0.394058 0.397965 0.0663715 0.0783254 0.0297724 0.0335075
20130606 1009.94      0.999999      0.392639 0.399939 0.0661196 0.0782017 0.0297046 0.0333965
20130607 1009.27      0.8719      0.3928 0.399829 0.0660934 0.0781858 0.0297232 0.0333692
20130608 1001.85      0.993089      0.394929 0.397409 0.0665433 0.0776994 0.0297917 0.0336281
20130609 1012.25      0.997626      0.391981 0.401448 0.0658499 0.0778992 0.0295763 0.0332457
20130610 1011.04      0.987664      0.391059 0.402222 0.0659649 0.0780262 0.0294826 0.0332453
20130611 1005.97      1      0.395123 0.403925 0.066223 0.0782682 0.0238122 0.0326478
20130612 989.114      0.994133      0.401666 0.410645 0.0672505 0.0688745 0.0243464 0.027218
20130613 1010.25      0.999999      0.392715 0.40141 0.0657598 0.077314 0.0295795 0.0332215
20130614 1010.87      0.896211      0.392421 0.40133 0.0657719 0.0775248 0.0295104 0.0334421
20130615 1010.18      1      0.392045 0.401678 0.0658253 0.0775317 0.0295263 0.0333932
20130616 1010.78      1      0.392745 0.401146 0.0657447 0.077482 0.0295206 0.0333622
20130617 1009.03      1      0.391733 0.401821 0.0658803 0.0776462 0.0294964 0.0334236
20130618 1009.28      0.999134      0.392318 0.401069 0.0658641 0.077669 0.029677 0.0334021
20130619 1003.38      0.99275      0.388699 0.403475 0.0661843 0.0782081 0.0298336 0.0335995
20130620 1008.39      0.00648377      0.391894 0.401257 0.0657214 0.0779476 0.0297159 0.033464
20130621 1008.62      0.691466      0.392289 0.400858 0.0658821 0.0779404 0.0296515 0.0333788
20130622 1008.51      0.999999      0.392411 0.400727 0.0658361 0.0779529 0.0296607 0.0334122
20130623 1006.76      1      0.392496 0.400662 0.0659124 0.0778628 0.0296549 0.0334119
20130624 1007.21      0.993488      0.392471 0.400952 0.0657751 0.0778372 0.0295946 0.0333703
20130625 1006.32      0.99308      0.392479 0.400799 0.0658394 0.0778764 0.0296101 0.0333956
20130626 1005.29      0.996817      0.39215 0.400868 0.0659799 0.0778726 0.029662 0.0334674
20130627 1004.29      1      0.392754 0.39993 0.0660481 0.0781228 0.0296661 0.0334795
20130628 1005.65      0.850386      0.393209 0.40028 0.0658011 0.077776 0.0295139 0.0334197
20130629 1007.76      1      0.393319 0.400491 0.065732 0.0775692 0.0295411 0.0333478
20130630 1007.38      0.999999      0.393414 0.400434 0.0657314 0.0774725 0.0295993 0.0333484
20130701 1007.09      0.986646      0.393252 0.400561 0.0656216 0.0775675 0.0296229 0.0333748
20130702 1007.15      1      0.393315 0.400505 0.0656112 0.0777174 0.0295761 0.0332755
20130703 1007.17      0.957118      0.393184 0.400292 0.0657452 0.0778643 0.0295653 0.0333493
20130704 1001.33      0.999999      0.395203 0.397201 0.0660537 0.0783274 0.0297036 0.033512
20130705 1006.83      0.855093      0.392811 0.400625 0.0657855 0.0779128 0.0295342 0.0333318
20130706 1005.89      1      0.392822 0.400526 0.0657961 0.0780021 0.0295699 0.0332837
20130707 1005.22      1      0.392757 0.400716 0.0657948 0.0778947 0.0295568 0.033281
20130708 1005.91      0.993958      0.393187 0.400333 0.0657276 0.0779483 0.0294969 0.0333072
20130709 1005.47      0.999999      0.393663 0.400066 0.0657286 0.0777056 0.0295545 0.0332825
20130710 1004.43      0.997186      0.393805 0.400183 0.0657613 0.0773648 0.0295636 0.0333229
20130711 1003.36      1      0.393172 0.400447 0.0658517 0.0776077 0.0295686 0.0333528
20130712 1003.98      0.891281      0.393325 0.400194 0.0658245 0.0778092 0.0295532 0.0332943
20130713 1002.03      1      0.39262 0.400586 0.0659016 0.0780171 0.0295892 0.0332865
20130714 1002.25      1      0.392201 0.400997 0.0658604 0.0780511 0.0295717 0.0333187
20130715 1003.09      0.994412      0.392586 0.400839 0.065755 0.0780396 0.0295469 0.0332332
20130716 1002.28      1      0.392654 0.400969 0.0658258 0.0778381 0.0295153 0.0331974
20130717 1001.78      0.995184      0.392251 0.401149 0.0659785 0.077749 0.0295589 0.0333144
20130718 1001.92      0.99315      0.39345 0.400955 0.0658543 0.0771706 0.0291943 0.0333761
20130719 1003.18      0.72674      0.393728 0.400336 0.065754 0.0774295 0.0294747 0.0332774
20130720 1002.83      0.867635      0.393999 0.399973 0.0658401 0.0774309 0.0294313 0.0333258
20130721 1003.59      0.993155      0.393693 0.39986 0.0657904 0.0780042 0.0293763 0.0332766
20130722 1002.94      0.98747      0.393483 0.399913 0.065832 0.0780052 0.0294805 0.0332862
20130723 1002.76      1      0.393535 0.399786 0.0657364 0.0781135 0.0295244 0.0333048
20130724 1002.58      0.995667      0.393711 0.399743 0.065704 0.0780683 0.0294919 0.0332814
20130725 999.877      1      0.394314 0.3989 0.0657649 0.078065 0.0295997 0.033357
20130726 1000.43      0.891294      0.393801 0.399739 0.0657346 0.077869 0.0295432 0.0333132
20130727 1000.68      1      0.39382 0.3998 0.0657328 0.0778281 0.0294948 0.0333249
20130728 1001.94      1      0.39407 0.399675 0.0657341 0.07778 0.0294697 0.0332714
20130729 1001.35      0.987912      0.393747 0.399859 0.0657544 0.0779249 0.0294368 0.0332772
20130730 1000.69      0.993086      0.393917 0.399745 0.0657703 0.0778937 0.0294702 0.0332038
20130731 999.742      0.996198      0.393346 0.399985 0.0659157 0.0779848 0.0294692 0.0332991
20130801 999.514      1      0.393502 0.399948 0.0658099 0.0779497 0.0295054 0.0332849
20130802 997.39      0.89565      0.392954 0.400378 0.0658543 0.0779063 0.0295277 0.03338
20130803 996.856      1      0.392799 0.400652 0.0658108 0.0778155 0.0295172 0.0334064
20130804 996.521      1      0.392846 0.400519 0.0658542 0.0779151 0.0294992 0.0333666
20130805 998.711      0.986344      0.393916 0.399826 0.0658131 0.0777538 0.0293993 0.0332924
20130806 999.467      1      0.394493 0.399399 0.0657604 0.0776544 0.0294629 0.03323
20130807 999.305      0.99529      0.394415 0.399217 0.0658075 0.0779351 0.0293852 0.0332409
20130808 999.399      0.852305      0.394447 0.399092 0.0657774 0.0781046 0.0293508 0.0332274
20130809 997.716      0.887319      0.394153 0.399527 0.0658105 0.0778519 0.0294888 0.0331696
20130810 998.66      1      0.394428 0.398834 0.0658391 0.0781692 0.029459 0.0332707
20130811 998.793      1      0.394309 0.399105 0.0658024 0.0781164 0.0294176 0.0332498
20130812 998.531      0.996749      0.394698 0.398862 0.0657078 0.0780682 0.0294345 0.0332296
20130813 995.95      0.983809      0.394855 0.399818 0.0658719 0.0782484 0.0279274 0.0332788
20130814 975.892      0.998635      0.402488 0.407844 0.0671414 0.0694169 0.0242906 0.0288188
20130815 972.198      1      0.404363 0.409528 0.0672887 0.0670932 0.0242989 0.0274288
20130816 987.402      0.71633      0.399141 0.402874 0.0662325 0.0748187 0.0238424 0.0330917
20130817 990.9      1      0.396851 0.401352 0.0660401 0.0784348 0.0239328 0.0333884
20130818 991.115      1      0.396439 0.401616 0.0661412 0.0785206 0.0238633 0.0334199
20130819 995.811      0.995737      0.394674 0.399261 0.065746 0.0780832 0.0290251 0.0332111
20130820 995.419      1      0.394692 0.398914 0.0657717 0.0779977 0.0294439 0.0331812
20130821 993.673      0.996025      0.394505 0.399036 0.0659211 0.0779232 0.0294247 0.0331897
20130822 993.089      1      0.393949 0.39936 0.0659305 0.0780443 0.0294919 0.033224
20130823 992.482      0.892927      0.393609 0.399962 0.0659543 0.0778219 0.0294608 0.0331926
20130824 993.001      1      0.393585 0.399775 0.065906 0.0779634 0.0294982 0.033273
20130825 994.182      1      0.393909 0.399756 0.0658127 0.0778077 0.0294587 0.0332566
20130826 995.114      0.995302      0.394739 0.398828 0.0656957 0.0781381 0.0294065 0.0331932
20130827 994.339      1      0.394882 0.398694 0.0656959 0.0782289 0.0293867 0.0331129
20130828 993.862      0.995819      0.395169 0.398387 0.0657218 0.0781309 0.0293768 0.0332149
20130829 994.173      0.993048      0.395171 0.39865 0.0656536 0.0779444 0.0293613 0.0332203
20130830 993.273      0.86902      0.395017 0.398822 0.0656044 0.0779458 0.0293862 0.0332254
20130831 993.109      1      0.395057 0.398764 0.0656629 0.077927 0.0293738 0.0332151
20130901 993.821      1      0.395312 0.398398 0.0656712 0.0780882 0.0293511 0.0331793
20130902 993.631      0.997319      0.394915 0.398768 0.0657819 0.0780634 0.0292424 0.0332294
20130903 993.168      1      0.395151 0.398683 0.0657019 0.0779256 0.02939 0.0331487
20130904 992.832      0.99615      0.395411 0.398488 0.0656236 0.0779007 0.0293226 0.0332538
20130905 988.751      1      0.393862 0.399553 0.0658134 0.0780805 0.0293368 0.0333542
20130906 992.19      0.875942      0.395329 0.398214 0.0657386 0.0781401 0.0293319 0.0332458
20130907 993.107      1      0.395024 0.398406 0.0657309 0.0782401 0.0293768 0.033222
20130908 992.845      0.997541      0.395302 0.398264 0.0656027 0.0782317 0.02939 0.0332099
20130909 988.915      1      0.396937 0.396051 0.0658404 0.0784581 0.0294177 0.0332963
20130910 992.481      1      0.395171 0.398565 0.0656228 0.0781374 0.029336 0.0331676
20130911 992.165      0.997205      0.395467 0.398261 0.0655528 0.0781733 0.0293389 0.0332079
20130912 992.242      1      0.395505 0.398384 0.065555 0.0780296 0.0293412 0.0331851
20130913 991.388      0.713522      0.395296 0.398379 0.065602 0.0781364 0.029348 0.0332384
20130914 991.117      1      0.39539 0.398312 0.0655819 0.0781392 0.0293658 0.033211
20130915 991.44      1      0.395413 0.398371 0.0655063 0.0781734 0.0293401 0.033196
20130916 990.407      0.997189      0.395362 0.39844 0.0656173 0.0780804 0.0293676 0.0331328
20130917 988.794      1      0.395587 0.39834 0.0654259 0.078103 0.0293889 0.0331552
20130918 978.307      0.995153      0.39957 0.402765 0.0627202 0.0753194 0.0278955 0.0317303
20130919 954.833      1      0.409623 0.413188 0.0572173 0.0679499 0.0244839 0.0275385
20130920 953.985      0.761163      0.409616 0.413249 0.0571434 0.068015 0.0244554 0.0275209
20130921 953.696      1      0.409243 0.413396 0.0571898 0.068037 0.0244899 0.0276449
20130922 869.823      1      0.423835 0.382231 0.0625587 0.0744068 0.0267475 0.0302214
20130923 936.456      0.99724      0.408659 0.410986 0.0581066 0.0692837 0.0249573 0.0280079
20130924 985.709      1      0.394367 0.399914 0.0651407 0.078103 0.02942 0.0330556
20130925 988.085      0.996382      0.395736 0.398925 0.0651676 0.0776698 0.0293671 0.0331346
20130926 985.756      1      0.394902 0.399246 0.0653121 0.0779297 0.0294395 0.0331704
20130927 987.727      0.89268      0.396204 0.39859 0.0649588 0.077701 0.0294098 0.0331367
20130928 987.748      1      0.3959 0.398717 0.065147 0.0778009 0.0293545 0.0330815
20130929 987.918      1      0.395832 0.398746 0.0654037 0.0776574 0.0292977 0.0330623
20130930 979.369      0.994233      0.399077 0.40195 0.0609331 0.0787416 0.0264221 0.032876
20131001 965.415      1      0.405264 0.407475 0.0561775 0.0799984 0.0240311 0.0270534
20131002 965.573      0.99615      0.405064 0.407529 0.0561971 0.0800032 0.0240254 0.0271815
20131003 972.077      1      0.402602 0.40454 0.0560864 0.0793156 0.0238696 0.0335857
20131004 982.125      0.87613      0.398137 0.400323 0.0659792 0.0785475 0.023795 0.0332185
20131005 987.097      0.973628      0.395828 0.398111 0.0656998 0.0780889 0.0292694 0.0330024
20131006 986.333      0.99545      0.395694 0.39831 0.0657489 0.0780093 0.0292471 0.0329905
20131007 985.36      0.98818      0.395578 0.398272 0.0657742 0.07813 0.0292428 0.0330036
20131008 984.927      1      0.39556 0.398409 0.0657619 0.0780041 0.0292419 0.0330238
20131009 985.065      0.986906      0.39557 0.398464 0.0658573 0.0777002 0.0293006 0.0331076
20131010 985.675      1      0.395784 0.397973 0.0658783 0.0778132 0.0293405 0.0332109
20131011 984.497      0.717412      0.395103 0.398371 0.0658701 0.0780186 0.0293685 0.0332687
20131012 984.402      1      0.394993 0.398327 0.0658771 0.0781737 0.0294056 0.0332238
20131013 983.938      0.99948      0.394932 0.398336 0.065957 0.0781479 0.0293858 0.033241
20131014 983.151      0.994583      0.394994 0.398291 0.0659248 0.0781718 0.0293589 0.0332592
20131015 983.156      1      0.394624 0.398652 0.0659536 0.0781753 0.0293738 0.033221
20131016 890.431      0.997418      0.33192 0.43991 0.0728088 0.0862794 0.0323873 0.036694
20131017 594.651      0.88755      0 0.658399 0.109071 0.128982 0.048549 0.0549984
20131018 594.871      0.853333      0 0.658554 0.109124 0.128852 0.0485697 0.0549
20131019 594.605      0.99308      0 0.658663 0.108935 0.129034 0.0485789 0.0547902
20131020 594.39      0.993057      0 0.65861 0.108983 0.129012 0.0485841 0.0548104
20131021 593.74      0.988874      0 0.65889 0.108866 0.129011 0.048575 0.0546571
20131022 591.11      0.9414      0 0.661313 0.10944 0.125741 0.0487341 0.0547721
20131023 593.244      0.996883      0 0.65867 0.109104 0.128854 0.0485277 0.0548439
20131024 593.329      1      0 0.658764 0.109006 0.128684 0.0485745 0.0549709
20131025 593.18      0.870269      0 0.657989 0.109022 0.129505 0.0485223 0.0549623
20131026 583.52      1      0 0.65232 0.110556 0.131966 0.0493548 0.0558034
20131027 594.266      1      0 0.658099 0.108862 0.129751 0.0484652 0.0548239
20131028 593.959      0.965288      0 0.658321 0.108681 0.129749 0.0484039 0.0548455
20131029 593.293      1      0 0.658123 0.108833 0.1297 0.048479 0.0548652
20131030 593.424      0.994076      0 0.658102 0.108787 0.129753 0.0484844 0.0548734
20131031 593.426      1      0 0.658349 0.108771 0.12956 0.0484174 0.0549032
20131101 593.087      0.887361      0 0.658407 0.108752 0.129508 0.0484202 0.0549136
20131102 592.796      1      0 0.658607 0.108665 0.129428 0.0483931 0.0549068
20131103 592.562      0.993071      0 0.658561 0.108662 0.12943 0.0483865 0.0549605
20131104 592.163      0.996854      0 0.658466 0.108695 0.129408 0.0484124 0.0550192
20131105 592.163      1      0 0.658485 0.108687 0.129466 0.0483742 0.0549882
20131106 591.979      0.821949      0 0.658503 0.108578 0.129337 0.0485755 0.0550064
20131107 591.721      1      0 0.658817 0.108037 0.129536 0.0485825 0.0550278
20131108 592.039      0.617922      0 0.658712 0.108394 0.12936 0.0485428 0.0549917
20131109 591.4      0.929151      0 0.658431 0.108582 0.129409 0.0485551 0.0550227
20131110 591.505      1      0 0.658478 0.108656 0.129368 0.048541 0.0549567
20131111 590.093      0.993723      0 0.657985 0.108895 0.129519 0.0485752 0.055025
20131112 590.072      1      0 0.658407 0.108662 0.129333 0.048572 0.0550258
20131113 589.579      0.993804      0 0.658611 0.108553 0.129325 0.0484928 0.0550178
20131114 589.603      0.986159      0 0.659387 0.108567 0.129311 0.0485975 0.0541383
20131115 590.515      0.710552      0 0.658658 0.108869 0.129046 0.0485023 0.0549257
20131116 590.356      0.823888      0 0.65811 0.109344 0.129164 0.0484919 0.0548915
20131117 590.055      0.940637      0 0.658273 0.109342 0.129047 0.0484664 0.0548711
20131118 589.43      0.99516      0 0.658518 0.109421 0.128818 0.048511 0.0547327
20131119 589.349      0.943544      0 0.65903 0.109376 0.128409 0.0485174 0.0546673
20131120 589.482      0.996546      0 0.659185 0.109469 0.127993 0.0484831 0.0548696
20131121 569.967      1      0 0.681871 0.113154 0.0982371 0.0501306 0.0566079
20131122 513.811      0.853649      0 0.756433 0.125254 0 0.0555925 0.0627204
20131123 513.258      1      0 0.756656 0.125024 0 0.0555463 0.0627733
20131124 513.078      1      0 0.756346 0.125235 0 0.0555413 0.0628772
20131125 512.89      0.991416      0 0.756476 0.125261 0 0.0554367 0.062826
20131126 512.846      1      0 0.756172 0.125281 0 0.0556913 0.0628554
20131127 513.335      0.0873833      0 0.756153 0.125198 0 0.0556436 0.0630052