20111224 943.378      0.379228      0.429129 0.437728 0.0667243 0 0.0310911 0.0353279
20111225 943.155      1      0.429287 0.437604 0.066708 0 0.0310942 0.0353068
20111226 943.307      0.987116      0.429489 0.437481 0.0666528 0 0.0310695 0.0353071
20111227 942.86      0.993813      0.42957 0.43731 0.0667295 0 0.0310728 0.0353178
20111228 942.565      0.997451      0.429591 0.437244 0.0667736 0 0.0310751 0.0353156
20111229 942.223      1      0.429668 0.437224 0.0667147 0 0.0310627 0.0353312
20111230 942.257      0.64829      0.429741 0.437163 0.0667395 0 0.0310651 0.0352915
20111231 941.621      0.994089      0.429749 0.437161 0.066737 0 0.0310264 0.0353264
20120101 941.364      1      0.429815 0.437066 0.0667576 0 0.0310476 0.0353137
20120102 940.916      0.992621      0.42976 0.437119 0.0667494 0 0.03106 0.0353114
20120103 941.37      1      0.429624 0.437157 0.0668335 0 0.0310848 0.0353
20120104 941.222      0.997061      0.429296 0.437556 0.0667689 0 0.0310908 0.0352878
20120105 940.192      1      0.429618 0.437629 0.0668191 0 0.0306355 0.0352982
20120106 939.706      0.618957      0.429088 0.437711 0.0668174 0 0.0311034 0.0352796
20120107 939.397      0.986884      0.429157 0.437606 0.0668427 0 0.0310939 0.0353002
20120108 939.351      0.990253      0.428786 0.437621 0.0668995 0.000327178 0.0310783 0.0352879
20120109 938.054      0.99345      0.428842 0.436986 0.066869 0.00085536 0.0311135 0.0353346
20120110 955.94      0.960264      0.421572 0.429629 0.0655266 0.0180764 0.0305491 0.0346472
20120111 965.477      1      0.418861 0.425333 0.064926 0.0263632 0.0302258 0.0342911
20120112 978.021      0.873184      0.413569 0.419794 0.0640312 0.0389197 0.0298355 0.0338505
20120113 1000.34      0.793687      0.403945 0.410151 0.0623966 0.061287 0.0291483 0.0330726
20120114 1002.99      0.669486      0.403247 0.409035 0.0621513 0.0634514 0.0290701 0.0330455
20120115 1017.87      1      0.397092 0.403008 0.0612374 0.0774968 0.0286257 0.0325396
20120116 1019.73      0.705761      0.396292 0.401955 0.0611277 0.0795755 0.0285732 0.0324766
20120117 1012.42      0.922827      0.399083 0.404754 0.0616027 0.0799741 0.0288752 0.0257111
20120118 1012.02      0.600089      0.399079 0.404659 0.0616052 0.0800502 0.0288663 0.0257407
20120119 1011.64      0.682521      0.399307 0.404819 0.0615948 0.0810072 0.0275524 0.0257192
20120120 995.55      0.568243      0.405742 0.411033 0.0486794 0.0824003 0.026028 0.026117
20120121 942.67      0.92189      0.42817 0.434155 0 0.083325 0.0267633 0.0275866
20120122 931.001      0.920122      0.433397 0.439374 0 0.0744793 0.0247771 0.0279724
20120123 930.207      0.962736      0.433178 0.439544 0 0.0745633 0.0247887 0.0279262
20120124 929.462      1      0.432834 0.439751 0 0.0746053 0.0248886 0.0279215
20120125 929.32      0.986256      0.433062 0.439524 0 0.0745952 0.024914 0.0279041
20120126 929.877      0.999999      0.433182 0.439379 0 0.0745167 0.0248986 0.0280237
20120127 954.373      0.975647      0.422121 0.428135 0 0.0853705 0.0299072 0.0344666
20120128 955.007      0.655846      0.421815 0.427553 0 0.0857644 0.0303781 0.0344895
20120129 954.907      0.884951      0.421868 0.427446 0 0.085837 0.0303858 0.0344624
20120130 954.589      0.863908      0.421805 0.427573 0 0.0857807 0.0303767 0.0344648
20120131 954.424      0.915935      0.422004 0.427635 0 0.0857644 0.0304018 0.0341941
20120201 946.159      0.997455      0.425827 0.424119 0 0.0864741 0.0297376 0.0338426
20120202 954.601      1      0.422106 0.42748 0 0.0855811 0.0304067 0.0344267
20120203 954.208      0.748155      0.421988 0.427545 0 0.0856501 0.0303869 0.0344302
20120204 954.269      0.996704      0.422087 0.427451 0 0.0856894 0.0303561 0.0344168
20120205 953.653      1      0.42223 0.427363 0 0.085619 0.030379 0.0344099
20120206 953.235      0.702012      0.422088 0.427483 0 0.0856194 0.030378 0.0344319
20120207 952.757      1      0.422093 0.427469 0 0.0856527 0.0303619 0.0344231
20120208 952.666      0.995182      0.422072 0.427453 0 0.0856742 0.0303774 0.034423
20120209 952.112      1      0.422403 0.427022 0 0.0857471 0.0303853 0.0344425
20120210 963.151      0.665355      0.417658 0.422532 0.0109806 0.0847761 0.0300187 0.0340342
20120211 972.462      0.995894      0.413164 0.418386 0.0211377 0.0838936 0.0297214 0.033698
20120212 980.695      1      0.409882 0.414693 0.0292643 0.083311 0.0294609 0.0333896
20120213 1001.24      0.995804      0.401304 0.40586 0.0497274 0.0815707 0.0288111 0.0327273
20120214 1001.64      1      0.400559 0.40583 0.0506659 0.0814098 0.0288172 0.032718
20120215 1009.86      0.990141      0.39715 0.40251 0.0585575 0.0807527 0.0285836 0.0324465
20120216 1017.35      1      0.394201 0.399435 0.0656388 0.0801549 0.0283665 0.0322039
20120217 1018.46      0.687236      0.394711 0.398736 0.0660742 0.0799864 0.0283385 0.0321541
20120218 1018.22      0.921024      0.394955 0.398711 0.0659766 0.0798825 0.0283192 0.0321557
20120219 1004.08      1      0.3864 0.404255 0.066939 0.0810909 0.0287198 0.032596
20120220 1017.76      0.987194      0.394779 0.398664 0.0661802 0.0799538 0.0282746 0.0321485
20120221 1018.09      1      0.39501 0.398484 0.0661328 0.079949 0.0283067 0.0321171
20120222 1018.16      0.994625      0.395142 0.398298 0.0660725 0.0800411 0.028319 0.0321276
20120223 1013.76      1      0.396676 0.400024 0.0663407 0.0765454 0.0283753 0.0320385
20120224 1016.43      0.702861      0.395291 0.39887 0.066169 0.0791811 0.0283296 0.0321586
20120225 1016.79      0.997373      0.395194 0.398542 0.0661118 0.0797261 0.0283038 0.0321223
20120226 1016.17      1      0.39489 0.398685 0.0661102 0.0798851 0.0283229 0.0321068
20120227 1015.88      0.99346      0.394931 0.398506 0.066047 0.0800706 0.0283136 0.0321318
20120228 1015.64      1      0.394446 0.398967 0.0660742 0.0801149 0.0282996 0.032098
20120229 1015.54      0.994737      0.394312 0.39915 0.0660899 0.0800742 0.0282795 0.0320941
20120301 1013.41      1      0.395055 0.399794 0.0661451 0.078518 0.0283518 0.0321355
20120302 1015.85      0.717826      0.395035 0.398625 0.0659956 0.0800041 0.0283145 0.0320254
20120303 1015.42      0.99372      0.394726 0.399056 0.0659459 0.079919 0.02829 0.0320633
20120304 1015.38      1      0.394835 0.398957 0.0659109 0.0799523 0.0283018 0.0320433
20120305 1015.02      0.993457      0.39479 0.399061 0.0659435 0.0798467 0.028282 0.0320773
20120306 1015.26      1      0.394808 0.39902 0.0659318 0.0799015 0.0282922 0.0320464
20120307 1014.55      0.993877      0.394634 0.399108 0.0659357 0.0799733 0.0282861 0.0320623
20120308 1014.04      0.961221      0.394907 0.398958 0.0658432 0.0799535 0.0282939 0.0320446
20120309 1013.08      0.673767      0.394886 0.399199 0.0656522 0.0798662 0.0283203 0.032076
20120310 1013.23      0.991593      0.394837 0.399231 0.0656688 0.0798753 0.0283149 0.0320733
20120311 1012.93      1      0.394937 0.399163 0.0656537 0.0798647 0.0283085 0.0320735
20120312 1013      0.997273      0.394868 0.399013 0.0658222 0.0799514 0.0282962 0.0320491
20120313 1012.67      1      0.395018 0.398987 0.0659099 0.0798004 0.0282909 0.0319939
20120314 1012.21      0.985878      0.394778 0.398964 0.0659971 0.0798932 0.0283113 0.032057
20120315 1011.08      1      0.394602 0.39914 0.065984 0.0798901 0.0283203 0.0320632
20120316 1012.19      0.725333      0.394729 0.399063 0.0659119 0.0799754 0.0282757 0.0320446
20120317 1012.18      1      0.394912 0.398947 0.0658733 0.0799689 0.0282831 0.0320159
20120318 1012.35      1      0.395029 0.39893 0.0658474 0.0799233 0.0282649 0.0320062
20120319 1012.17      0.978403      0.395205 0.398823 0.0658111 0.0799428 0.0282178 0.0319999
20120320 1012.13      0.99341      0.39515 0.398871 0.0657851 0.0798953 0.0282654 0.0320332
20120321 1011.89      0.983401      0.395203 0.398766 0.0658498 0.0798453 0.0282757 0.0320603
20120322 1011.33      0.949292      0.395465 0.398799 0.0656791 0.0797361 0.0282655 0.0320554
20120323 1011.11      0.664614      0.39536 0.398472 0.0659772 0.0798531 0.0282784 0.0320593
20120324 1010.93      0.965384      0.395341 0.398604 0.0659277 0.0797975 0.0282859 0.0320438
20120325 1010.9      1      0.395522 0.398432 0.0659413 0.079803 0.0282631 0.0320394
20120326 1010.72      0.987892      0.395615 0.39854 0.065774 0.0797855 0.0282562 0.0320293
20120327 1010.67      0.995238      0.395598 0.398528 0.0657723 0.0798184 0.0282683 0.0320149
20120328 1009.8      0.999999      0.395379 0.398636 0.0658011 0.0798746 0.0282807 0.0320286
20120329 1007.42      0.9965      0.395782 0.399421 0.0642682 0.0800968 0.0283333 0.0320979
20120330 1008.12      0.663702      0.394742 0.399135 0.06587 0.0798719 0.0283244 0.0320575
20120331 1008.07      0.999865      0.3946 0.399249 0.0658293 0.0799107 0.0283514 0.0320596
20120401 1009.82      0.984422      0.395807 0.398508 0.0656614 0.0797703 0.0282618 0.0319917
20120402 1009.74      1      0.395963 0.398345 0.0657746 0.0796843 0.0282551 0.0319772
20120403 1000.58      0.987144      0.399639 0.402182 0.0625419 0.0765757 0.0267226 0.0323388
20120404 978.239      1      0.408683 0.411287 0.0558273 0.068058 0.0230755 0.0330693
20120405 1008.88      0.996445      0.396291 0.398926 0.0655527 0.0789366 0.0282393 0.0320543
20120406 1009.43      0.655068      0.395808 0.398925 0.0654669 0.0795316 0.0282533 0.0320145
20120407 1009.04      8.02721e-05      0.39558 0.398974 0.0654411 0.0796032 0.028279 0.0321224
20120408 608.167      0.578541      0 0.660063 0.108484 0.131509 0.0468645 0.0530795
20120409 608.501      0.939818      0 0.65957 0.10846 0.132079 0.0468405 0.0530514
20120410 598.206      0.996293      0 0.671291 0.103542 0.126305 0.0465984 0.0522647
20120411 607.996      1      0 0.66042 0.108286 0.131187 0.0469533 0.0531535
20120412 609.692      0.995432      0 0.659436 0.108789 0.131895 0.0468589 0.053022
20120413 609.92      0.712589      0 0.659574 0.108813 0.131825 0.0468082 0.0529803
20120414 609.275      0.960239      0 0.659247 0.108869 0.131976 0.0468544 0.0530541
20120415 608.679      0.996767      0 0.659032 0.108933 0.132109 0.0468507 0.0530754
20120416 608.386      1      0 0.659148 0.108973 0.13219 0.0466122 0.053077
20120417 608.435      0.994127      0 0.659144 0.108902 0.131942 0.0468679 0.053144
20120418 607.922      1      0 0.658988 0.108761 0.132193 0.0468591 0.0531985
20120419 607.344      0.996901      0 0.658884 0.108702 0.132307 0.0468898 0.0532169
20120420 607.851      0.737489      0 0.659214 0.108608 0.132152 0.0468537 0.0531712
20120421 608.22      1      0 0.659446 0.108545 0.132064 0.0468207 0.0531235
20120422 608.144      0.993826      0 0.659414 0.108534 0.131978 0.0468948 0.0531791
20120423 607.672      1      0 0.65917 0.108699 0.13212 0.0468898 0.0531209
20120424 601.821      0.997551      0 0.656225 0.109512 0.133364 0.0473209 0.0535783
20120425 607.141      1      0 0.659447 0.108528 0.13196 0.0468961 0.0531697
20120426 607.486      1      0 0.659458 0.10869 0.131779 0.0468814 0.0531914
20120427 607.029      0.652125      0 0.659428 0.108692 0.131826 0.0468725 0.053181
20120428 606.868      1      0 0.659395 0.108676 0.131847 0.0468641 0.0532186
20120429 598.421      0.94878      0 0.66904 0.103626 0.125923 0.0475131 0.0538969
20120430 579.643      0.987199      0 0.690307 0.0936707 0.114338 0.0460111 0.0556726
20120501 575.983      0.892781      0 0.694308 0.0947679 0.115458 0.0394788 0.0559873
20120502 606.095      1      0 0.660101 0.108413 0.131282 0.046962 0.0532421
20120503 606.295      0.996646      0 0.659701 0.108638 0.131323 0.0470498 0.0532872
20120504 606.375      0.665461      0 0.659183 0.108522 0.131792 0.0471085 0.0533941
20120505 606.194      1      0 0.659051 0.108579 0.131983 0.04706 0.0533273
20120506 605.953      0.826157      0 0.65904 0.108654 0.13191 0.0470683 0.0533283
20120507 605.775      0.993946      0 0.658905 0.10865 0.131997 0.0471085 0.0533385
20120508 605.555      1      0 0.659035 0.108549 0.132005 0.0471556 0.0532565
20120509 597.211      1      0 0.667571 0.110191 0.133887 0.047695 0.0406554
20120510 573.204      1      0 0.695839 0.114902 0.13946 0.0497998 0
20120511 573.073      0.637858      0 0.696057 0.114709 0.139436 0.0497974 0
20120512 572.126      1      0 0.695685 0.114914 0.139534 0.049867 0
20120513 572.148      0.991396      0 0.695929 0.114742 0.13956 0.0497689 0
20120514 572.288      1      0 0.696133 0.114561 0.139477 0.0498286 0
20120515 572.533      0.991648      0 0.696322 0.114393 0.139437 0.049847 0
20120516 572.333      1      0 0.696464 0.114314 0.13946 0.0497619 0
20120517 569.41      0.98584      0 0.694683 0.11514 0.140071 0.0501056 0
20120518 572.005      0.702458      0 0.696104 0.114785 0.139296 0.0498145 0
20120519 571.786      1      0 0.696095 0.114944 0.139139 0.0498225 0
20120520 571.777      0.99567      0 0.696178 0.11493 0.139072 0.0498204 0
20120521 571.648      0.915785      0 0.696257 0.114857 0.139079 0.0498077 0
20120522 570.505      0.887608      0 0.696005 0.115007 0.139126 0.0498626 0
20120523 570.573      0.916388      0 0.696306 0.11496 0.138868 0.0498656 0
20120524 571.035      0.960351      0 0.696954 0.114896 0.138383 0.0497674 0
20120525 572.382      0.602031      0 0.696566 0.114654 0.139105 0.0496752 0
20120526 571.729      0.919417      0 0.696206 0.114836 0.139232 0.0497255 0
20120527 571.135      0.926251      0 0.695983 0.114772 0.139452 0.0497928 0
20120528 571.16      0.866393      0 0.696242 0.114729 0.139287 0.0497428 0
20120529 570.97      0.0405763      0 0.69603 0.11486 0.139432 0.0496774 0
20120530 570.313      0.79384      0 0.696027 0.114647 0.139485 0.0498413 0
20120531 570.567      1      0 0.696109 0.114552 0.139567 0.0497722 0
20120601 571.132      0.882993      0.00141794 0.695309 0.114365 0.13917 0.0497379 0
20120602 656.528      1      0.132211 0.604017 0.0993851 0.121126 0.0432619 0
20120603 706.919      1      0.193704 0.561745 0.0921161 0.112307 0.0401285 0
20120604 775.126      0.994323      0.26509 0.511882 0.0839844 0.102483 0.0365599 0
20120605 898.228      1      0.366215 0.440948 0.072732 0.0884973 0.0316076 0
20120606 908.215      0.995166      0.371821 0.437325 0.0720895 0.0875489 0.0312152 0
20120607 995.453      0.999999      0.426957 0.399107 0.06576 0.0796774 0.0284987 0
20120608 1005.23      0.0365092      0.433825 0.394275 0.0649315 0.078712 0.028256 0
20120609 1006.17      0      0.434413 0.393807 0.0650039 0.0785845 0.0281915 0
20120610 1005.85      0      0.434271 0.393913 0.0650459 0.0785728 0.028197 0
20120611 1008.79      0      0.436059 0.392554 0.0650507 0.0782603 0.0280759 0
20120612 1008.24      0      0.435818 0.392599 0.0651492 0.0783449 0.0280889 0
20120613 1009.01      0      0.436154 0.392575 0.0648096 0.0783924 0.0280695 0
20120614 1008.5      0      0.435922 0.392648 0.0647895 0.0785632 0.0280771 0
20120615 1009.49      0.575975      0.435488 0.393125 0.0646665 0.0786671 0.0280534 0
20120616 1003.68      1      0.438926 0.395055 0.0622554 0.0761125 0.027652 0
20120617 984.969      1      0.446529 0.402568 0.0562393 0.0681464 0.0265169 0
20120618 984.588      0.991116      0.445729 0.401713 0.0568469 0.069138 0.0265726 0
20120619 983.344      0.760479      0.446856 0.400275 0.0569643 0.0693144 0.0265901 0
20120620 985.547      0.975694      0.446021 0.401737 0.0567114 0.0690704 0.0264601 0
20120621 984.971      1      0.445825 0.401649 0.0568527 0.069147 0.0265259 0
20120622 983.237      0.575951      0.445846 0.401752 0.0567467 0.0690911 0.0265634 0
20120623 983.233      1      0.445937 0.401624 0.0568194 0.0690796 0.0265401 0
20120624 980.95      1      0.444755 0.40254 0.0568814 0.0692115 0.0266124 0
20120625 981.398      0.630601      0.446596 0.402156 0.0563519 0.0685223 0.0263734 0
20120626 979.349      0.704194      0.447714 0.403375 0.0554459 0.0675122 0.0259528 0
20120627 992.121      0.993301      0.442503 0.398723 0.0594093 0.072437 0.0269281 0
20120628 999.043      0.996341      0.432169 0.395498 0.0650809 0.0790835 0.0281689 0
20120629 1005.46      0.628173      0.436162 0.392625 0.0646474 0.0785584 0.0280066 0
20120630 1003.24      0.993237      0.436046 0.392749 0.0645315 0.0785587 0.028115 0
20120701 1004.78      0.989281      0.43586 0.392945 0.0646012 0.0785144 0.0280794 0
20120702 1002.63      1      0.436034 0.392783 0.0646383 0.0784234 0.0281218 0
20120703 1002.85      1      0.435733 0.39311 0.064638 0.0784335 0.0280851 0
20120704 995.592      0.99727      0.431675 0.395906 0.065047 0.0790889 0.0282828 0
20120705 1000.2      0.999999      0.435071 0.393279 0.0647477 0.0787401 0.0281621 0
20120706 1003.28      0.668031      0.435453 0.393155 0.0647467 0.0786359 0.02801 0
20120707 998.178      1      0.43278 0.395032 0.0650104 0.0790671 0.0281107 0
20120708 996.921      0.999999      0.432584 0.394966 0.0651261 0.0791706 0.0281535 0
20120709 989.576      0.990425      0.428415 0.39785 0.0656238 0.0797676 0.028344 0
20120710 984.604      1      0.426512 0.398843 0.0659826 0.0801654 0.0284974 0
20120711 986.806      0.42715      0.427218 0.398541 0.0658407 0.0799919 0.0284082 0
20120712 981.738      0.84353      0.424857 0.400309 0.0660918 0.0802207 0.0285216 0
20120713 997.462      0.688924      0.43408 0.393709 0.0650423 0.0790266 0.028142 0
20120714 999.881      1      0.435123 0.393123 0.0648768 0.0787255 0.0280464 0.000105551
20120715 998.766      1      0.434923 0.393009 0.0648593 0.078763 0.0280291 0.00041639
20120716 1000.74      0.993205      0.433498 0.392567 0.0647226 0.078656 0.02799 0.00256669
20120717 1007.76      1      0.430253 0.390121 0.0643011 0.0779023 0.0278387 0.00958391
20120718 1009.87      0.99341      0.429679 0.38944 0.0641769 0.0778426 0.0277526 0.0111095
20120719 1003.66      0.773785      0.416027 0.391618 0.0644266 0.0783404 0.0279763 0.0216115
20120720 1009.56      0.734359      0.415224 0.389673 0.0640879 0.0780581 0.0277775 0.0251796
20120721 1026.35      1      0.423133 0.382914 0.0629748 0.0767961 0.0273286 0.0268536
20120722 1031.36      0.896912      0.421511 0.380997 0.0626377 0.0764249 0.0271746 0.0312542
20120723 1019.73      0.927529      0.425765 0.385218 0.0580454 0.0710857 0.0273548 0.032531
20120724 980.972      1      0.430916 0.399592 0.0512884 0.0625798 0.0282978 0.027326
20120725 990.783      0.996767      0.427923 0.396019 0.0544287 0.0661938 0.0279888 0.0274468
20120726 1000.76      0.993211      0.430847 0.392004 0.0537388 0.0655177 0.027666 0.0302264
20120727 997.312      0.696041      0.425439 0.393665 0.0537721 0.0655562 0.0277453 0.0338221
20120728 1005.66      0.00611821      0.42964 0.390581 0.0533625 0.0650787 0.0275715 0.0337657
20120729 1004.61      0      0.429724 0.390199 0.0537005 0.0651411 0.0274774 0.0337582
20120730 1022.25      0      0.418884 0.383075 0.0627585 0.0759426 0.0267439 0.0325959
20120731 1019.96      0      0.423075 0.384143 0.0628263 0.0766008 0.0200665 0.0332888
20120801 1000.69      0      0.432383 0.391563 0.0641337 0.0779835 0 0.0339369
20120802 1001.9      0      0.432174 0.391312 0.0644393 0.0781828 0 0.0338918
20120803 1001.77      0      0.431955 0.391325 0.0645253 0.0783642 0 0.0338299
20120804 1001.62      0      0.431994 0.391113 0.064521 0.0784879 0 0.0338841
20120805 1001.8      0      0.43212 0.390964 0.0644676 0.0785574 0 0.0338915
20120806 1001.95      0      0.43212 0.391089 0.0644273 0.0785039 0 0.0338594
20120807 1001.6      0      0.432112 0.391174 0.0644506 0.0784719 0 0.0337919
20120808 1001.31      0      0.432079 0.391165 0.0644312 0.0785038 0 0.0338207
20120809 999.767      0      0.431894 0.391236 0.0645162 0.0785116 0 0.033842
20120810 999.267      0      0.431602 0.391461 0.0645821 0.0784831 0 0.0338719
20120811 999.95      0      0.431697 0.391464 0.064494 0.0785226 0 0.0338221
20120812 997.21      0      0.4329 0.389754 0.0647186 0.0787171 0 0.0339102
20120813 999.377      0      0.431842 0.391161 0.0646045 0.0785904 0 0.0338023
20120814 999.802      0      0.432021 0.39121 0.0644999 0.0785006 0 0.0337685
20120815 999.419      0      0.431937 0.39136 0.0644716 0.0784858 0 0.0337459
20120816 988.747      0      0.435843 0.394995 0.0615374 0.0755867 0 0.0320378
20120817 968.627      0      0.444699 0.403574 0.0557081 0.06793 0 0.0280888
20120818 967.733      0      0.444764 0.403954 0.0555413 0.0677637 0 0.0279772
20120819 968.273      0      0.445039 0.403722 0.0555538 0.0677547 0 0.0279304
20120820 996.92      0      0.43254 0.392149 0.0640881 0.0782622 0 0.0329606
20120821 997.652      0      0.431848 0.391777 0.0641686 0.0784632 0 0.0337426
20120822 996.8      0      0.431563 0.391876 0.0641686 0.0785723 0 0.0338204
20120823 997.819      0      0.432058 0.391763 0.0642705 0.078104 0 0.0338053
20120824 997.368      0      0.431606 0.391693 0.0645292 0.0783879 0 0.0337847
20120825 997.028      0      0.431272 0.392 0.0644453 0.0784757 0 0.0338076
20120826 995.88      0      0.431435 0.391876 0.0645607 0.0782983 0 0.0338307
20120827 995.558      0      0.431589 0.391643 0.0645526 0.0783784 0 0.0338365
20120828 995.503      0      0.431797 0.39153 0.064495 0.0784055 0 0.0337722
20120829 995.671      0      0.431584 0.391701 0.0645468 0.0783864 0 0.0337819
20120830 995.89      0      0.431591 0.391801 0.0645325 0.0783156 0 0.0337595
20120831 996.281      0      0.431404 0.391723 0.0646066 0.0785081 0 0.0337582
20120901 996.018      0      0.43127 0.391806 0.0645959 0.0785768 0 0.0337511
20120902 995.906      0      0.431211 0.39183 0.0645573 0.0786613 0 0.0337411
20120903 995.655      0      0.431306 0.391848 0.0645026 0.078606 0 0.0337377
20120904 994.226      0      0.430988 0.391955 0.0646049 0.078623 8.40031e-05 0.0337455
20120905 997.327      0      0.430186 0.390864 0.0642945 0.0784423 0.00252463 0.0336892
20120906 1003.63      0      0.427141 0.388264 0.0639667 0.0779934 0.00918374 0.0334518
20120907 1005.91      0      0.426643 0.387739 0.0637615 0.0777742 0.0107015 0.0333804
20120908 1014.8      0      0.422827 0.384271 0.0632399 0.0770474 0.0195343 0.0330806
20120909 1016.88      0      0.421698 0.383432 0.0630348 0.076835 0.0219773 0.0330232
20120910 1022.52      0      0.419369 0.380992 0.0625795 0.076453 0.0278087 0.0327976
20120911 1023.87      0      0.418696 0.380707 0.0624423 0.0763303 0.0290837 0.0327406
20120912 1022.97      0      0.418339 0.381029 0.0624361 0.0763421 0.0290924 0.0327611
20120913 1022.55      0      0.418637 0.381247 0.0625645 0.0763267 0.0289768 0.0322483
20120914 1019.49      0      0.419149 0.381277 0.0628533 0.0764859 0.027435 0.0327999
20120915 1016.15      0      0.420553 0.382967 0.063104 0.0767961 0.0237119 0.0328678
20120916 1015.62      0      0.420807 0.382816 0.0630923 0.0767179 0.0237027 0.0328643
20120917 1018.15      0      0.420052 0.381851 0.0629438 0.0764143 0.0259344 0.0328045
20120918 1021.45      0      0.418564 0.38093 0.0626586 0.0760801 0.0290346 0.0327326
20120919 1021.13      0      0.41813 0.38113 0.0627567 0.076125 0.0290789 0.0327792
20120920 1020.91      0      0.418311 0.381227 0.0624979 0.0761256 0.0290818 0.0327569
20120921 1020.44      0      0.418545 0.381233 0.0627554 0.0762275 0.0284828 0.0327555
20120922 991.872      0      0.430148 0.392168 0.0645845 0.0784298 0.00105631 0.0336132
20120923 996.138      0      0.428464 0.390512 0.0642737 0.0779011 0.00538232 0.0334669
20120924 1019.59      0      0.418482 0.381473 0.0628124 0.0761123 0.0283914 0.0327284
20120925 1020.64      0      0.418314 0.381018 0.0626965 0.0763067 0.0290383 0.0326265
20120926 1019.77      0      0.418383 0.380721 0.0627341 0.0764353 0.0290249 0.0327014
20120927 1019.74      0      0.417878 0.381302 0.0627384 0.076372 0.0290134 0.0326963
20120928 1016.58      0      0.419176 0.382441 0.0599386 0.0766222 0.0290671 0.0327558
20120929 1002.31      0      0.425653 0.387469 0.0532452 0.0740272 0.0278746 0.0317301
20120930 980.322      0      0.434755 0.395795 0.0519552 0.0665081 0.0239021 0.0270848
20121001 983.207      0      0.433879 0.394842 0.0542467 0.0660089 0.0240051 0.0270183
20121002 994.693      0      0.428734 0.390113 0.0536236 0.07699 0.0237856 0.026754
20121003 995.763      0      0.428214 0.389428 0.0535193 0.0780251 0.0237334 0.0270809
20121004 1001.74      0      0.425435 0.386995 0.0531895 0.0775679 0.0236097 0.0332025
20121005 1006.97      0      0.423107 0.384764 0.0530129 0.0772127 0.0288656 0.0330369
20121006 1017.58      0      0.418818 0.38084 0.0623425 0.0763569 0.0289381 0.0327046
20121007 1017.03      0      0.418693 0.380982 0.0623293 0.0762489 0.0290344 0.0327124
20121008 1017.12      0      0.418669 0.380989 0.0624319 0.0761712 0.0290411 0.0326977
20121009 1017.24      0      0.418378 0.380891 0.0627524 0.0763211 0.0290101 0.0326468
20121010 1015.94      0      0.418123 0.380964 0.0628796 0.0762496 0.0290699 0.032714
20121011 1015.47      0      0.418273 0.380774 0.0628878 0.0762828 0.0290638 0.0327181
20121012 1016.2      0      0.418314 0.380944 0.0628479 0.0761611 0.0290489 0.0326837
20121013 1015.61      0      0.418523 0.38091 0.0628443 0.0760782 0.0290551 0.0325897
20121014 1015.04      0      0.418522 0.380818 0.0629046 0.0760958 0.0290396 0.0326207
20121015 1013.92      0      0.418946 0.379975 0.0630206 0.0763775 0.0290358 0.0326458
20121016 1010.2      0      0.417025 0.381076 0.0631655 0.0768049 0.029153 0.0327756
20121017 1013.18      0      0.418585 0.38011 0.0629188 0.0766343 0.0290428 0.0327093
20121018 1014.91      0      0.418118 0.380797 0.0628107 0.0765696 0.0290066 0.0326981
20121019 1014.62      0.502875      0.417859 0.381126 0.0627775 0.0765376 0.0290331 0.0326665
20121020 1014.62      1      0.417994 0.380993 0.0628135 0.0765044 0.0290248 0.0326694
20121021 1014.24      1      0.41823 0.380973 0.0627086 0.0763921 0.0290313 0.0326652
20121022 1014.66      0.992989      0.418042 0.381202 0.0627838 0.076298 0.0290199 0.0326545
20121023 1014.78      1      0.418185 0.381316 0.0626437 0.0763013 0.0289747 0.03258
20121024 1013.82      0.980136      0.418011 0.381591 0.0626717 0.0762818 0.028779 0.0326655
20121025 1014.12      0.993162      0.41816 0.381332 0.0626338 0.0762664 0.0289733 0.0326341
20121026 1013.1      0.598942      0.418293 0.381164 0.062642 0.0762838 0.028967 0.03265
20121027 1013.62      0.993248      0.418262 0.380967 0.0626622 0.0764537 0.0290012 0.0326534
20121028 1012.34      0.986851      0.418486 0.380758 0.0626303 0.0764537 0.0290141 0.0326586
20121029 1011.29      1      0.418592 0.380552 0.062667 0.0765537 0.0289535 0.0326821
20121030 1010.72      1      0.418867 0.3805 0.0626667 0.0765448 0.0287838 0.0326383
20121031 1009.17      0.987722      0.418784 0.380569 0.0626871 0.0765563 0.0287554 0.0326485
20121101 1003.53      1      0.420951 0.378724 0.0630625 0.076921 0.0275256 0.0328161
20121102 1004.08      0.673236      0.42138 0.382391 0.0633114 0.0769471 0.0230806 0.0328896
20121103 1004.05      0.249869      0.421288 0.382515 0.0632428 0.0769916 0.0230663 0.0328971
20121104 1003.37      1      0.421518 0.382282 0.0633137 0.0769059 0.0230918 0.0328894
20121105 1000.99      0.989623      0.422223 0.384724 0.0617129 0.0770039 0.0231746 0.0311612
20121106 993.239      0      0.425641 0.388581 0.0586769 0.0775075 0.023354 0.0262395
20121107 992.485      0      0.425449 0.388658 0.0586922 0.0775306 0.0233953 0.0262752
20121108 992.175      0      0.425094 0.389124 0.0585619 0.0775878 0.0233715 0.026261
20121109 992.438      0      0.424783 0.389485 0.0585297 0.0775365 0.0233863 0.026279
20121110 992.163      0.528297      0.425245 0.389155 0.0585655 0.0774278 0.0233323 0.026275
20121111 991.533      0.938501      0.425298 0.389111 0.0585399 0.0774362 0.0233478 0.0262668
20121112 990.942      0.988729      0.425355 0.389036 0.0585538 0.0774718 0.0233296 0.026254
20121113 990.745      1      0.425359 0.389001 0.0585972 0.0774309 0.0233455 0.0262662
20121114 991.191      0.983752      0.425109 0.389041 0.0586746 0.0775861 0.0233359 0.0262531
20121115 994.084      1      0.423673 0.387611 0.0584468 0.0777787 0.0250274 0.0274629
20121116 1007.76      0.651879      0.417577 0.381709 0.0626655 0.0767821 0.0289379 0.0323289
20121117 1008.31      1      0.417318 0.381831 0.0628927 0.0767175 0.0289542 0.0322864
20121118 1008.59      0.999486      0.41765 0.381701 0.0626404 0.0766638 0.028907 0.0324375
20121119 1008.79      0.860096      0.417848 0.381849 0.0624351 0.0766331 0.028739 0.0324966
20121120 1008.53      1      0.417771 0.381944 0.0626216 0.0765355 0.0286858 0.0324427
20121121 1007.41      0.961461      0.417793 0.381703 0.0626396 0.0765727 0.0287915 0.0325
20121122 1006.06      0.897521      0.418407 0.382299 0.063008 0.0747929 0.0289584 0.0325348
20121123 1007.29      0.672478      0.41747 0.381774 0.0629871 0.0763988 0.0289056 0.0324643
20121124 1006.89      1      0.417475 0.381635 0.0629906 0.0765374 0.0288855 0.0324756
20121125 1006.51      0.999727      0.417584 0.381496 0.0629997 0.0765636 0.0288756 0.0324804
20121126 1005.74      0.990155      0.417695 0.38147 0.063014 0.0764372 0.0288703 0.0325131
20121127 1005.35      0.997675      0.418011 0.381423 0.0629342 0.0762259 0.0289077 0.0324983
20121128 1004.75      0.995555      0.418025 0.381198 0.0629686 0.0764073 0.0288973 0.032504
20121129 1005.58      1      0.417582 0.381611 0.0630912 0.076396 0.0288518 0.0324683
20121130 1006.7      0.698118      0.417851 0.381704 0.0629566 0.0762467 0.0288255 0.0324163
20121201 1006.59      1      0.417969 0.381816 0.0628816 0.0760659 0.0288145 0.0324523
20121202 1006.43      1      0.417958 0.381806 0.0628108 0.0761725 0.0288359 0.0324172
20121203 1006.31      0.987619      0.417832 0.382207 0.0626561 0.076129 0.0287594 0.0324163
20121204 1006.37      1      0.417709 0.382203 0.0626451 0.0762777 0.0287905 0.0323744
20121205 1005.9      0.982215      0.417792 0.382122 0.0626192 0.0762728 0.0288027 0.0323915
20121206 990.819      0.996532      0.423909 0.373019 0.0636092 0.0773914 0.0292258 0.0328455
20121207 1003.75      0.708342      0.418318 0.381771 0.0621194 0.0764785 0.0288625 0.0324506
20121208 1004.67      0.993172      0.417891 0.381893 0.0626165 0.0763654 0.0288281 0.0324056
20121209 1004.6      0.437326      0.417943 0.38197 0.0626942 0.0762097 0.0287821 0.0324011
20121210 1004.11      0.870831      0.418268 0.381816 0.0625749 0.0761516 0.0287835 0.0324063
20121211 984.384      1      0.426364 0.389196 0.0641078 0.0579606 0.029349 0.0330229
20121212 927.46      0.99737      0.452539 0.413217 0.0680658 0 0.0311374 0.0350405
20121213 927.183      0.93591      0.452691 0.413074 0.0680222 0 0.0311436 0.0350695
20121214 927.501      0.635056      0.452499 0.413126 0.0681885 0 0.0311284 0.0350586
20121215 927.56      1      0.452597 0.413102 0.0681251 0 0.0311184 0.0350574
20121216 927.416      1      0.452478 0.413067 0.0682244 0 0.0311546 0.0350759
20121217 925.913      0.983868      0.453241 0.41217 0.0682633 0 0.0312063 0.0351191
20121218 923.136      1      0.454219 0.412698 0.0683087 0 0.0296647 0.0351094
20121219 917.956      0.995681      0.456401 0.414503 0.0688078 0 0.024916 0.0353723
20121220 916.579      0.993226      0.457002 0.415824 0.0668337 0 0.0249534 0.0353862
20121221 918.986      0.550626      0.455458 0.415788 0.0686336 0 0.0248293 0.0352907
20121222 920.257      0.993892      0.455014 0.415216 0.0685371 0 0.0259974 0.0352358
20121223 924.611      1      0.452728 0.412919 0.0681414 0 0.0311606 0.0350518
20121224 924.621      0.994447      0.452512 0.413165 0.068151 0 0.0311225 0.0350501
20121225 924.405      0.999999      0.452548 0.413177 0.0681208 0 0.0311217 0.0350329
20121226 923.955      0.996252      0.452663 0.413215 0.068167 0 0.0309203 0.0350354
20121227 924.177      1      0.452388 0.413378 0.0681501 0 0.0310761 0.0350076
20121228 924.322      0.696138      0.452399 0.413265 0.0681758 0 0.0311444 0.0350155
20121229 925.243      1      0.451836 0.412744 0.067981 0.00133529 0.0311481 0.0349557
20121230 942.133      1      0.443494 0.405142 0.0666953 0.019739 0.0305905 0.03434
20121231 948.048      0.978176      0.440769 0.402263 0.0663113 0.0262316 0.0303107 0.0341145
20130101 955.424      0      0.43692 0.399133 0.0658178 0.0407804 0.0235437 0.0338052
20130102 981.229      0      0.42565 0.38884 0.0641098 0.0596732 0.0287997 0.0329269
20130103 984.348      0      0.424271 0.387011 0.0638606 0.0629239 0.0290983 0.0328349
20130104 999.153      0      0.41777 0.381116 0.0628737 0.0772881 0.0286197 0.0323328
20130105 1002.76      0      0.416295 0.379676 0.0624747 0.0808466 0.0285073 0.0322
20130106 1002.96      0      0.416153 0.380064 0.0623051 0.0807902 0.028506 0.0321816
20130107 1003.01      0.817201      0.415915 0.380282 0.0624039 0.0807597 0.0284707 0.0321686
20130108 1003.11      1      0.415679 0.380456 0.0624637 0.0807377 0.0285024 0.032162
20130109 1003.46      0.991029      0.41524 0.380515 0.0623584 0.0812278 0.0284989 0.0321603
20130110 999.29      1      0.416952 0.377781 0.062589 0.08178 0.0286175 0.0322802
20130111 1003.17      0.857867      0.415164 0.37987 0.0626068 0.0816977 0.0285187 0.0321425
20130112 1003.14      1      0.415028 0.379908 0.0627621 0.0816393 0.0285209 0.0321417
20130113 1002.8      0.993241      0.415015 0.380038 0.0627048 0.0815935 0.0284997 0.0321494
20130114 1002.34      0.985848      0.415188 0.379886 0.06261 0.0816587 0.028498 0.0321592
20130115 1002.27      1      0.415206 0.379988 0.0625821 0.0815692 0.0285702 0.0320844
20130116 995.958      0.991506      0.411782 0.382377 0.062874 0.0819768 0.0287025 0.0322882
20130117 993.451      0.940954      0.410134 0.383536 0.0630151 0.0821827 0.0287718 0.0323605
20130118 1000.5      1      0.414863 0.380497 0.0625085 0.0814312 0.0285816 0.0321179
20130119 1000.71      0.967253      0.414872 0.380402 0.0625171 0.081554 0.0285527 0.032102
20130120 972.624      0.576782      0.427318 0.390598 0.0360796 0.0836285 0.0293568 0.0330189
20130121 937.865      0.781863      0.443418 0.405259 0 0.0866326 0.030425 0.0342656
20130122 936.955      0.994948      0.44372 0.405498 0 0.0865466 0.0304678 0.0337678
20130123 938.145      0.98903      0.443662 0.405323 0 0.0863179 0.0304211 0.0342764
20130124 939.27      1      0.443287 0.405546 0 0.0865335 0.0304076 0.0342265
20130125 939.362      0.893542      0.443217 0.405577 0 0.0866215 0.0303696 0.0342144
20130126 939.074      1      0.443202 0.405582 0 0.0866274 0.0303806 0.0342073
20130127 939.094      1      0.443208 0.405612 0 0.0866039 0.0303791 0.0341971
20130128 938.874      0.996515      0.443093 0.405702 0 0.0866613 0.0303304 0.0342127
20130129 937.862      1      0.443277 0.405802 0 0.0862958 0.0304082 0.0342171
20130130 938.062      0.994329      0.442777 0.406137 0 0.086481 0.0303749 0.0342309
20130131 937.418      1      0.44279 0.406021 0 0.086531 0.0304223 0.0342355
20130201 937.588      0.706984      0.44316 0.405753 0 0.0864874 0.0303765 0.0342229
20130202 937.738      1      0.442988 0.405865 0 0.0865556 0.0303794 0.0342123
20130203 937.063      1      0.442886 0.405948 0 0.0865471 0.0303918 0.0342272
20130204 936.659      1      0.442964 0.405951 0 0.0864855 0.0303672 0.0342315
20130205 936.253      1      0.443049 0.406362 0 0.0859567 0.0303928 0.0342395
20130206 925.434      0.858073      0.448228 0.410386 0 0.0760019 0.03074 0.0346437
20130207 919.917      1      0.450885 0.412454 0 0.0727021 0.0291206 0.0348388
20130208 916.145      0.871134      0.452468 0.415231 0 0.0728921 0.0244506 0.0349587
20130209 916.161      1      0.452452 0.415218 0 0.0728817 0.0244969 0.0349516
20130210 916.321      1      0.452556 0.415124 0 0.0728724 0.0245062 0.0349414
20130211 916.045      0.99754      0.452423 0.415199 0 0.0729159 0.0245055 0.0349561
20130212 915.883      1      0.452424 0.415313 0 0.0728904 0.0244288 0.0349432
20130213 915.73      0.987245      0.452363 0.415242 0 0.072922 0.0245354 0.034937
20130214 915.585      1      0.452315 0.415297 0 0.0728906 0.024557 0.0349397
20130215 915.795      0.864896      0.45234 0.415324 0 0.0728852 0.0245114 0.0349397
20130216 914.917      1      0.452562 0.41508 0 0.0729093 0.0245003 0.0349484
20130217 920.649      1      0.44966 0.412512 0 0.0724291 0.0306923 0.0347064
20130218 934.567      0.993623      0.443329 0.406215 0 0.085778 0.0304711 0.0342073
20130219 934.974      1      0.443334 0.406068 0 0.0859108 0.030481 0.0342062
20130220 934.852      0.997356      0.443435 0.405768 0 0.0862307 0.0303707 0.0341949
20130221 934.369      1      0.443219 0.405936 0 0.0862128 0.0303993 0.0342328
20130222 933.936      0.870779      0.44333 0.405769 0 0.0862962 0.0304166 0.0341879
20130223 933.75      1      0.443443 0.405722 0 0.086255 0.0303995 0.0341799
20130224 932.866      1      0.443484 0.405593 0 0.0862934 0.0304471 0.0341829
20130225 932.674      1      0.44315 0.406101 0 0.0861914 0.0303882 0.034169
20130226 932.962      0.999999      0.443006 0.406218 0 0.0861846 0.030402 0.0341892
20130227 933.43      0.989051      0.442782 0.406252 0 0.0864239 0.0303675 0.0341741
20130228 932.799      0.969366      0.442739 0.406461 0 0.0865842 0.0300262 0.03419
20130301 932.859      0.708301      0.442497 0.406522 0 0.0864932 0.0303168 0.0341706
20130302 933.1      1      0.442544 0.406463 0 0.0864633 0.0303914 0.0341389
20130303 932.872      1      0.442722 0.406283 0 0.0864878 0.0303653 0.0341418
20130304 932.194      0.997157      0.442519 0.406419 0 0.0865184 0.0303842 0.0341596
20130305 925.601      0.99307      0.445651 0.409237 0 0.0870898 0.0306036 0.0274186
20130306 900.56      0.989934      0.458226 0.420767 0 0.0894964 0.0315103 0
20130307 900.548      1      0.458339 0.420717 0 0.08951 0.0314342 0
20130308 899.869      0.820369      0.458491 0.420566 0 0.0894925 0.0314508 0
20130309 900.119      1      0.458707 0.420303 0 0.0895371 0.0314531 0
20130310 899.676      0.970784      0.458815 0.42019 0 0.0895226 0.031473 0
20130311 898.941      0.993827      0.458783 0.420202 0 0.0895588 0.031456 0
20130312 898.704      1      0.458717 0.420195 0 0.0896139 0.0314736 0
20130313 898.491      0.992154      0.458674 0.420318 0 0.0895487 0.0314593 0
20130314 897.605      1      0.459678 0.419249 0 0.0895791 0.0314935 0
20130315 897.358      0.710982      0.459609 0.419175 0 0.0897113 0.031504 0
20130316 897.095      1      0.459615 0.41916 0 0.0896886 0.0315363 0
20130317 896.664      0.999999      0.459589 0.419295 0 0.0895972 0.0315185 0
20130318 898.131      0.997818      0.459668 0.418777 0.000601508 0.0894715 0.0314824 0
20130319 900.533      1      0.45814 0.417383 0.00388706 0.0892225 0.0313667 0
20130320 901.787      0.997899      0.457243 0.417175 0.00507491 0.0891197 0.0313868 0
20130321 918.412      1      0.448713 0.412444 0.0204998 0.0875746 0.0307682 0
20130322 920.022      0.894217      0.447847 0.411622 0.0225706 0.0872684 0.0306924 0
20130323 934.296      1      0.440941 0.405283 0.0375673 0.085988 0.0302207 0
20130324 950.112      0.993127      0.433862 0.398634 0.05323 0.0845535 0.0297205 0
20130325 951.385      0.990586      0.433189 0.398191 0.0545392 0.0844275 0.0296534 0
20130326 964.223      1      0.426514 0.392339 0.0687804 0.0831601 0.0292064 0
20130327 965.827      0.927396      0.426273 0.391764 0.0698284 0.0829401 0.0291939 0
20130328 965.932      1      0.426109 0.391404 0.0704498 0.082865 0.029172 0
20130329 965.585      0.713507      0.426483 0.391457 0.0700058 0.0828576 0.029197 0
20130330 965.287      0.999999      0.426363 0.391404 0.0701451 0.0829119 0.0291755 0
20130331 965.299      1      0.426238 0.391151 0.0705847 0.0828309 0.0291952 0
20130401 959.865      0.994858      0.428364 0.388072 0.071041 0.0831659 0.0293571 0
20130402 963.095      1      0.426498 0.390526 0.0707984 0.0829194 0.0292578 0
20130403 956.71      0.992295      0.429044 0.39478 0.0672059 0.0795359 0.0294341 0
20130404 938.088      1      0.437192 0.40246 0.0598996 0.0704577 0.0299909 0
20130405 963.413      0.853954      0.425654 0.392367 0.0705565 0.0822236 0.0291989 0
20130406 963.673      1      0.425034 0.392285 0.0706307 0.0828654 0.0291845 0
20130407 963.121      0.97981      0.425192 0.392451 0.0706297 0.0825295 0.029198 0
20130408 962.855      1      0.425442 0.392288 0.0706276 0.0824305 0.0292116 0
20130409 962.555      1      0.425423 0.39233 0.0705712 0.082366 0.0293104 0
20130410 962.632      0.988275      0.425335 0.392253 0.0705917 0.0823683 0.0292995 0.000151651
20130411 872.399      1      0.469547 0.322967 0.0778932 0.0911571 0.0322651 0.00617037
20130412 596.093      0.835033      0.686964 0 0.11402 0.133907 0.0472837 0.0178254
20130413 598.263      1      0.684268 0 0.113515 0.133335 0.0470575 0.0218248
20130414 609.996      1      0.672954 0 0.11125 0.130822 0.0461048 0.0388684
20130415 612.568      0.993166      0.670724 0 0.110841 0.130215 0.0459198 0.0422997
20130416 616.839      1      0.665614 0 0.109281 0.129274 0.0455353 0.0502959
20130417 619.493      0.994776      0.661527 0 0.109204 0.128517 0.0453468 0.0554057
20130418 614.116      1      0.658467 0 0.110177 0.12975 0.0457522 0.0558546
20130419 618.711      0.970669      0.661137 0 0.109448 0.12867 0.0454218 0.0553238
20130420 618.759      0.836487      0.66205 0 0.109435 0.128448 0.0453282 0.0547392
20130421 619.027      0.406715      0.661686 0 0.10947 0.128266 0.0452793 0.0552992
20130422 618.885      0.955636      0.661699 0 0.109294 0.128597 0.0451706 0.0552389
20130423 618.673      1      0.661421 0 0.109193 0.128819 0.0453533 0.0552136
20130424 617.953      0.995805      0.661541 0 0.109032 0.128633 0.04548 0.0553138
20130425 618.698      1      0.661723 0 0.108721 0.128813 0.0454663 0.0552769
20130426 618.836      0.626875      0.6622 0 0.108299 0.128835 0.0454093 0.0552564
20130427 618.375      1      0.661711 0 0.108817 0.128833 0.0454208 0.0552177
20130428 618.134      0.979199      0.661341 0 0.109152 0.128802 0.0454284 0.0552767
20130429 610.713      0.994528      0.668579 0 0.110663 0.130475 0.0345628 0.0557193
20130430 575.453      1      0.709063 0 0.114198 0.12964 0 0.0470984
20130501 562.233      0.996511      0.724965 0 0.110214 0.116676 0 0.0481448
20130502 584.586      1      0.696677 0 0.114758 0.134881 0 0.0536835
20130503 587.577      0.86544      0.692014 0 0.114526 0.135196 0 0.0582638
20130504 587.989      0.861033      0.692047 0 0.114562 0.135166 0 0.0582247
20130505 588.514      0.945165      0.692718 0 0.114279 0.134963 0 0.0580406
20130506 589.191      0.993534      0.693233 0 0.114203 0.134762 0 0.0578013
20130507 589.842      1      0.693398 0 0.114158 0.134672 0 0.057771
20130508 589.544      0.84919      0.693447 0 0.114186 0.13459 0 0.0577763
20130509 589.4      0.973474      0.6938 0 0.113947 0.134446 0 0.057807
20130510 589.033      0.952942      0.693588 0 0.114353 0.134264 0 0.0577957
20130511 588.93      1      0.693441 0 0.114331 0.134382 0 0.0578459
20130512 587.483      1      0.692814 0 0.114459 0.134707 0 0.0580203
20130513 587.557      0.995206      0.693078 0 0.114379 0.134528 0 0.0580148
20130514 587.402      1      0.693293 0 0.114274 0.134455 0 0.0579787
20130515 588.484      0.958428      0.693683 0 0.113934 0.134656 0 0.0577279
20130516 588.003      1      0.694011 0 0.113734 0.135013 0 0.0572423
20130517 588.892      0.880414      0.693406 0 0.113762 0.134975 0 0.0578568
20130518 588.607      1      0.693786 0 0.113741 0.134593 0 0.0578803
20130519 588.646      0.999999      0.693928 0 0.113561 0.13465 0 0.0578608
20130520 588.69      0.995457      0.694188 0 0.11351 0.134474 0 0.0578285
20130521 588.806      1      0.69429 0 0.113327 0.134544 0 0.057838
20130522 588.248      0.995434      0.694267 0 0.113286 0.134671 0 0.0577759
20130523 588.096      1      0.694174 0 0.113388 0.134653 0 0.0577857
20130524 589.759      0.720051      0.692753 0.00174772 0.113606 0.134214 0 0.0576801
20130525 591.19      1      0.690642 0.00440083 0.113446 0.134007 0 0.0575029
20130526 591.169      1      0.68996 0.00520428 0.113415 0.133925 0 0.0574953
20130527 590.277      0.989742      0.6899 0.00499334 0.113503 0.134081 0 0.0575229
20130528 590.975      1      0.688593 0.00650332 0.113374 0.133946 0.000115806 0.0574688
20130529 624.315      0.99486      0.652247 0.0595601 0.107165 0.126497 0.000241712 0.0542896
20130530 709.371      1      0.573542 0.169151 0.0943468 0.111534 0.00378091 0.0476449
20130531 722.856      0.858076      0.562174 0.176574 0.0925044 0.109457 0.0125855 0.0467058
20130601 795.76      1      0.50954 0.252698 0.0839747 0.0992953 0.0120767 0.0424156
20130602 908.421      1      0.445424 0.33663 0.0736138 0.0870177 0.0201794 0.0371348
20130603 920.788      0.992908      0.440677 0.339311 0.0727065 0.085993 0.024602 0.0367105
20130604 1006.18      1      0.404835 0.389709 0.0665022 0.0786105 0.0268659 0.0334778
20130605 1024.82      0.595941      0.397098 0.398414 0.065272 0.0770568 0.029245 0.032914
20130606 1028.56      0.999999      0.395668 0.400389 0.0650243 0.0769351 0.0291784 0.0328049
20130607 1027.88      0.8719      0.395829 0.400278 0.0649983 0.0769193 0.0291966 0.0327781
20130608 1020.33      0.993089      0.397972 0.397852 0.0654403 0.0764401 0.0292636 0.0330321
20130609 1030.93      0.997626      0.395001 0.401896 0.0647583 0.0766367 0.0290521 0.0326565
20130610 1029.68      0.987664      0.394075 0.402674 0.064872 0.0767623 0.0289602 0.0326564
20130611 1024.66      1      0.398117 0.404324 0.0651169 0.0769899 0.0233871 0.0320651
20130612 1007.78      0.994133      0.404595 0.410935 0.0661088 0.0677306 0.0239051 0.0267247
20130613 1028.91      0.999999      0.395734 0.401851 0.0646686 0.0760597 0.0290547 0.0326322
20130614 1029.53      0.896211      0.395441 0.401774 0.0646811 0.0762676 0.0289871 0.0328491
20130615 1028.82      1      0.395064 0.402124 0.0647338 0.0762747 0.0290028 0.0328011
20130616 1029.44      1      0.395766 0.401588 0.064654 0.0762252 0.028997 0.0327705
20130617 1027.64      1      0.394751 0.402269 0.0647882 0.0763877 0.0289735 0.0328312
20130618 1027.9      0.999134      0.395341 0.401516 0.0647722 0.0764101 0.029151 0.03281
20130619 1021.85      0.99275      0.391711 0.403943 0.0650901 0.076944 0.0293061 0.0330055
20130620 1026.99      0.00648377      0.394916 0.401707 0.0646324 0.0766847 0.0291893 0.0328711
20130621 1027.23      0.691466      0.395313 0.401306 0.0647902 0.0766775 0.029126 0.0327873
20130622 1027.11      0.999999      0.395435 0.401175 0.064745 0.0766897 0.029135 0.0328201
20130623 1025.33      1      0.395521 0.401109 0.0648199 0.0766009 0.0291293 0.0328197
20130624 1025.8      0.993488      0.395494 0.401398 0.0646846 0.0765754 0.0290699 0.0327788
20130625 1024.89      0.99308      0.395503 0.401246 0.0647479 0.0766142 0.0290852 0.0328037
20130626 1023.83      0.996817      0.395174 0.401318 0.0648866 0.0766109 0.0291365 0.0328744
20130627 1022.81      1      0.395783 0.400379 0.0649537 0.0768572 0.0291405 0.0328864
20130628 1024.22      0.850386      0.396235 0.400723 0.0647098 0.0765148 0.0289905 0.0328271
20130629 1026.37      1      0.396343 0.400931 0.0646414 0.0763108 0.029017 0.0327562
20130630 1025.99      0.999999      0.396439 0.400874 0.0646407 0.0762155 0.0290741 0.0327568
20130701 1025.69      0.986646      0.396276 0.401002 0.0645328 0.0763091 0.0290973 0.0327828
20130702 1025.75      1      0.396339 0.400945 0.0645226 0.0764566 0.0290514 0.0326852
20130703 1025.77      0.957118      0.396209 0.400735 0.0646548 0.0766016 0.029041 0.0327579
20130704 1019.81      0.999999      0.398246 0.397642 0.0649585 0.0770577 0.029177 0.032918
20130705 1025.41      0.855093      0.395835 0.401069 0.0646946 0.0766496 0.0290105 0.0327408
20130706 1024.45      1      0.395847 0.400971 0.0647051 0.0767376 0.0290457 0.0326937
20130707 1023.78      1      0.39578 0.40116 0.0647037 0.0766317 0.0290327 0.0326909
20130708 1024.48      0.993958      0.396213 0.400775 0.0646374 0.0766842 0.0289738 0.0327166
20130709 1024.03      0.999999      0.396689 0.400505 0.0646379 0.0764449 0.0290302 0.032692
20130710 1022.98      0.997186      0.39683 0.40062 0.0646698 0.0761092 0.029039 0.0327316
20130711 1021.89      1      0.396197 0.40089 0.0647594 0.076349 0.0290441 0.0327613
20130712 1022.51      0.891281      0.396351 0.400636 0.0647326 0.0765473 0.0290291 0.0327038
20130713 1020.52      1      0.395645 0.401032 0.0648091 0.0767526 0.0290647 0.0326965
20130714 1020.74      1      0.395224 0.401445 0.0647688 0.0767862 0.0290476 0.0327283
20130715 1021.6      0.994412      0.395609 0.401285 0.0646647 0.0767744 0.029023 0.032644
20130716 1020.78      1      0.395676 0.401413 0.0647341 0.0765759 0.0289919 0.0326088
20130717 1020.26      0.995184      0.395272 0.401595 0.0648847 0.0764887 0.0290349 0.0327239
20130718 1020.44      0.99315      0.39647 0.401391 0.0647609 0.0759178 0.0286761 0.0327836
20130719 1021.72      0.72674      0.396753 0.400773 0.0646626 0.0761729 0.0289516 0.0326868
20130720 1021.36      0.867635      0.397026 0.400409 0.0647472 0.0761742 0.0289089 0.0327343
20130721 1022.12      0.993155      0.396721 0.4003 0.0646989 0.0767389 0.0288552 0.0326864
20130722 1021.45      0.98747      0.396511 0.400355 0.0647401 0.0767402 0.0289576 0.032696
20130723 1021.27      1      0.396563 0.400229 0.0646461 0.0768469 0.0290009 0.0327142
20130724 1021.09      0.995667      0.39674 0.400184 0.0646141 0.0768021 0.0289688 0.0326911
20130725 1018.34      1      0.397347 0.39934 0.064674 0.0767989 0.0290747 0.0327654
20130726 1018.91      0.891294      0.396829 0.40018 0.0646441 0.0766059 0.0290192 0.0327223
20130727 1019.16      1      0.396848 0.400239 0.0646422 0.0765655 0.0289716 0.0327337
20130728 1020.45      1      0.397098 0.400113 0.0646432 0.0765179 0.0289468 0.0326811
20130729 1019.85      0.987912      0.396775 0.400299 0.0646634 0.0766608 0.0289146 0.0326869
20130730 1019.17      0.993086      0.396945 0.400184 0.0646789 0.0766299 0.0289474 0.0326147
20130731 1018.2      0.996198      0.396374 0.400428 0.0648226 0.0767203 0.0289466 0.0327087
20130801 1017.97      1      0.396529 0.40039 0.0647183 0.0766855 0.0289821 0.0326947
20130802 1015.8      0.89565      0.39598 0.400822 0.0647624 0.0766432 0.0290041 0.0327883
20130803 1015.26      1      0.395823 0.401096 0.0647195 0.0765539 0.0289938 0.0328141
20130804 1014.91      1      0.395871 0.400964 0.0647623 0.0766519 0.0289762 0.032775
20130805 1017.16      0.986344      0.396943 0.400264 0.0647209 0.0764922 0.0288777 0.0327017
20130806 1017.93      1      0.397523 0.399835 0.0646687 0.0763939 0.02894 0.0326402
20130807 1017.76      0.99529      0.397445 0.399654 0.0647153 0.0766704 0.0288638 0.0326511
20130808 1017.86      0.852305      0.397479 0.39953 0.0646858 0.0768372 0.02883 0.0326379
20130809 1016.14      0.887319      0.397182 0.399964 0.0647183 0.0765887 0.0289656 0.0325811
20130810 1017.1      1      0.397462 0.399273 0.0647468 0.0769012 0.0289365 0.0326806
20130811 1017.24      1      0.397341 0.399544 0.0647106 0.0768491 0.0288957 0.0326599
20130812 1016.98      0.996749      0.397731 0.399299 0.0646172 0.0768014 0.0289122 0.0326399
20130813 1014.37      0.983809      0.39788 0.400247 0.0647772 0.0769768 0.0274312 0.0326876
20130814 994.273      0.998635      0.405437 0.408145 0.0660035 0.0682661 0.0238511 0.0282974
20130815 990.585      1      0.407294 0.409799 0.0661433 0.0659759 0.0238574 0.0269304
20130816 1005.83      0.71633      0.402134 0.403241 0.0651213 0.073591 0.023415 0.0324985
20130817 1009.31      1      0.39986 0.40175 0.0649374 0.077154 0.0235057 0.0327926
20130818 1009.52      1      0.399446 0.402017 0.0650372 0.0772389 0.0234376 0.0328237
20130819 1014.21      0.995737      0.397703 0.399695 0.0646544 0.0768156 0.0285098 0.0326216
20130820 1013.81      1      0.397724 0.39935 0.0646801 0.0767319 0.0289213 0.0325924
20130821 1012.03      0.996025      0.397537 0.399474 0.0648271 0.0766588 0.0289026 0.0326008
20130822 1011.42      1      0.39698 0.399801 0.0648369 0.0767786 0.0289689 0.0326348
20130823 1010.81      0.892927      0.396636 0.400402 0.0648601 0.0765595 0.0289382 0.0326038
20130824 1011.33      1      0.396613 0.400217 0.0648129 0.0766991 0.0289751 0.032683
20130825 1012.54      1      0.396937 0.400195 0.0647206 0.0765454 0.028936 0.0326666
20130826 1013.5      0.995302      0.397772 0.399264 0.0646053 0.07687 0.0288846 0.0326042
20130827 1012.71      1      0.397915 0.39913 0.0646054 0.0769593 0.0288652 0.0325253
20130828 1012.22      0.995819      0.398204 0.398822 0.0646308 0.0768627 0.0288554 0.0326255
20130829 1012.55      0.993048      0.398204 0.399083 0.0645634 0.0766789 0.0288401 0.0326306
20130830 1011.63      0.86902      0.398049 0.399255 0.0645151 0.0766804 0.0288646 0.0326356
20130831 1011.46      1      0.39809 0.399198 0.0645727 0.0766619 0.0288524 0.0326255
20130901 1012.19      1      0.398347 0.398831 0.0645808 0.0768205 0.0288301 0.0325903
20130902 1011.99      0.997319      0.397948 0.399203 0.0646899 0.0767963 0.0287234 0.0326397
20130903 1011.52      1      0.398184 0.399116 0.064611 0.0766604 0.0288683 0.0325602
20130904 1011.18      0.99615      0.398445 0.39892 0.0645337 0.0766357 0.0288019 0.0326634
20130905 1007.01      1      0.396891 0.399994 0.0647216 0.076814 0.0288164 0.0327627
20130906 1010.52      0.875942      0.398365 0.398649 0.0646473 0.0768718 0.0288113 0.0326557
20130907 1011.45      1      0.398059 0.398843 0.06464 0.0769705 0.0288555 0.0326325
20130908 1011.19      0.997541      0.398337 0.398698 0.0645137 0.0769618 0.0288684 0.0326205
20130909 1007.19      1      0.399985 0.396482 0.0647473 0.0771845 0.0288956 0.0327053
20130910 1010.82      1      0.398205 0.398999 0.0645332 0.0768689 0.0288152 0.0325789
20130911 1010.5      0.997205      0.398502 0.398693 0.0644643 0.0769041 0.028818 0.0326184
20130912 1010.58      1      0.39854 0.398815 0.0644663 0.0767625 0.0288202 0.0325959
20130913 1009.71      0.713522      0.398331 0.398812 0.0645128 0.076868 0.028827 0.0326484
20130914 1009.43      1      0.398426 0.398745 0.064493 0.0768707 0.0288445 0.0326215
20130915 1009.76      1      0.398448 0.398804 0.0644185 0.0769041 0.0288192 0.0326066
20130916 1008.71      0.997189      0.398396 0.398872 0.0645277 0.0768126 0.0288462 0.0325446
20130917 1007.07      1      0.398622 0.398771 0.0643392 0.0768346 0.028867 0.0325665
20130918 996.568      0.995153      0.402563 0.403129 0.0616675 0.074083 0.0273953 0.0311614
20130919 973.079      1      0.412513 0.413382 0.0562326 0.0668055 0.0240344 0.0270329
20130920 972.215      0.761163      0.412505 0.413443 0.0561599 0.0668695 0.0240064 0.0270156
20130921 971.914      1      0.412132 0.413592 0.0562059 0.0668916 0.0240404 0.0271376
20130922 886.262      1      0.426913 0.382489 0.0614946 0.0731687 0.0262618 0.0296728
20130923 954.29      0.99724      0.411568 0.411205 0.0571102 0.0681212 0.0245006 0.0274955
20130924 1003.93      1      0.397393 0.400347 0.0640589 0.0768348 0.0288976 0.0324687
20130925 1006.36      0.996382      0.398766 0.399351 0.0640844 0.0764074 0.0288452 0.0325458
20130926 1003.98      1      0.397932 0.399678 0.0642274 0.0766642 0.0289168 0.0325815
20130927 1006.01      0.89268      0.399236 0.399013 0.0638787 0.0764376 0.028887 0.0325477
20130928 1006.02      1      0.398931 0.399142 0.064064 0.0765363 0.0288328 0.0324936
20130929 1006.19      1      0.398864 0.399173 0.0643166 0.0763952 0.0287771 0.0324748
20130930 997.626      0.994233      0.402077 0.402324 0.0599119 0.077451 0.025949 0.0322873
20131001 983.664      1      0.408206 0.407749 0.0552218 0.0786669 0.0235947 0.0265621
20131002 983.822      0.99615      0.408006 0.407804 0.0552413 0.0786719 0.0235892 0.026688
20131003 990.329      1      0.405575 0.404862 0.0551391 0.0780052 0.023439 0.0329799
20131004 1000.38      0.87613      0.401149 0.400715 0.0648766 0.0772639 0.0233701 0.0326253
20131005 1005.35      0.973628      0.398864 0.398541 0.0646084 0.0768206 0.0287496 0.0324163
20131006 1004.57      0.99545      0.398729 0.39874 0.0646567 0.0767423 0.0287276 0.0324046
20131007 1003.57      0.98818      0.398613 0.398703 0.0646818 0.0768612 0.0287236 0.0324176
20131008 1003.13      1      0.398594 0.398839 0.0646696 0.0767372 0.0287226 0.0324374
20131009 1003.28      0.986906      0.398604 0.398895 0.0647633 0.0764382 0.0287802 0.0325196
20131010 1003.89      1      0.398821 0.398404 0.0647842 0.0765496 0.0288196 0.0326213
20131011 1002.69      0.717412      0.398139 0.398807 0.0647768 0.0767524 0.0288473 0.0326783
20131012 1002.58      1      0.398028 0.398764 0.0647839 0.0769052 0.0288838 0.0326343
20131013 1002.11      0.99948      0.397968 0.398774 0.0648625 0.07688 0.0288644 0.0326513
20131014 1001.31      0.994583      0.39803 0.398728 0.0648308 0.0769035 0.028838 0.0326691
20131015 1001.31      1      0.397658 0.399091 0.0648593 0.0769071 0.0288527 0.0326317
20131016 906.152      0.997418      0.334739 0.440745 0.0716579 0.0849474 0.0318382 0.0360719
20131017 602.595      0.88755      0 0.662445 0.107802 0.12753 0.0479281 0.0542951
20131018 602.821      0.853333      0 0.662599 0.107854 0.127401 0.0479484 0.0541978
20131019 602.552      0.99308      0 0.662707 0.107667 0.12758 0.0479574 0.0540893
20131020 602.333      0.993057      0 0.662655 0.107715 0.127559 0.0479626 0.0541093
20131021 601.678      0.988874      0 0.662934 0.107598 0.127557 0.0479533 0.0539577
20131022 599.038      0.9414      0 0.665343 0.108161 0.124319 0.0481084 0.0540689
20131023 601.173      0.996883      0 0.662714 0.107834 0.127402 0.0479068 0.0541423
20131024 601.26      1      0 0.662809 0.107737 0.127233 0.0479529 0.0542676
20131025 601.101      0.870269      0 0.662037 0.107754 0.128047 0.0479021 0.0542598
20131026 591.251      1      0 0.6564 0.109282 0.130494 0.0487289 0.0550958
20131027 602.202      1      0 0.662146 0.107595 0.12829 0.0478456 0.0541231
20131028 601.893      0.965288      0 0.662367 0.107417 0.128287 0.0477849 0.0541442
20131029 601.217      1      0 0.66217 0.107567 0.128239 0.0478592 0.0541638
20131030 601.35      0.994076      0 0.66215 0.107522 0.128292 0.0478646 0.054172
20131031 601.354      1      0 0.662395 0.107505 0.1281 0.0477981 0.0542011
20131101 601.011      0.887361      0 0.662453 0.107486 0.128049 0.0478009 0.0542113
20131102 600.719      1      0 0.662652 0.1074 0.127969 0.0477739 0.0542044
20131103 600.48      0.993071      0 0.662606 0.107397 0.127972 0.0477675 0.0542575
20131104 600.075      0.996854      0 0.662511 0.10743 0.12795 0.0477932 0.0543155
20131105 600.075      1      0 0.662531 0.107422 0.128007 0.0477554 0.0542849
20131106 599.889      0.821949      0 0.662549 0.107314 0.12788 0.0479541 0.0543029
20131107 599.631      1      0 0.662861 0.106779 0.128076 0.0479608 0.0543237
20131108 599.953      0.617922      0 0.662756 0.107132 0.127902 0.0479217 0.0542881
20131109 599.301      0.929151      0 0.662477 0.107318 0.127952 0.0479341 0.0543191
20131110 599.409      1      0 0.662523 0.107392 0.127911 0.0479202 0.0542539
20131111 597.972      0.993723      0 0.662033 0.107629 0.128061 0.0479543 0.0543217
20131112 597.956      1      0 0.662453 0.107398 0.127876 0.0479508 0.0543221
20131113 597.458      0.993804      0 0.662656 0.107289 0.127868 0.0478724 0.054314
20131114 597.491      0.986159      0 0.663427 0.107302 0.127852 0.047975 0.053445
20131115 598.407      0.710552      0 0.662702 0.107601 0.127591 0.0478818 0.054223
20131116 598.24      0.823888      0 0.662157 0.108072 0.127709 0.0478719 0.0541898
20131117 597.937      0.940637      0 0.66232 0.10807 0.127594 0.0478467 0.0541695
20131118 597.306      0.99516      0 0.662563 0.108148 0.127366 0.0478904 0.0540327
20131119 597.23      0.943544      0 0.663073 0.108102 0.126961 0.0478964 0.0539676
20131120 597.366      0.996546      0 0.663227 0.108194 0.126549 0.0478624 0.0541671
20131121 577.814      1      0 0.685785 0.111792 0.0970915 0.0494696 0.0558615
20131122 521.549      0.853649      0 0.759807 0.123589 0 0.0547896 0.0618146
20131123 520.99      1      0 0.760028 0.123362 0 0.0547438 0.0618665
20131124 520.804      1      0 0.759721 0.123571 0 0.0547392 0.0619692
20131125 520.615      0.991416      0 0.759849 0.123596 0 0.054636 0.0619186
20131126 520.568      1      0 0.759548 0.123617 0 0.0548872 0.061948
20131127 521.064      0.0873833      0 0.759529 0.123535 0 0.0548402 0.0620956