20111224 679.277      0.379193      0.0428421 0.044562 0.344568 0 0.25374 0.314288
20111225 678.952      0.999999      0.0428683 0.0445603 0.344567 0 0.253827 0.314177
20111226 678.737      0.959781      0.042909 0.044569 0.344446 0 0.253747 0.314329
20111227 678.762      0.999999      0.0428952 0.0445289 0.344667 0 0.253645 0.314264
20111228 678.7      0.986108      0.0428878 0.0445123 0.344818 0 0.253607 0.314175
20111229 678.276      0.999999      0.0429066 0.0445218 0.344604 0 0.253572 0.314396
20111230 678.162      0.648227      0.0429227 0.0445247 0.344803 0 0.253643 0.314107
20111231 677.693      0.99499      0.0429242 0.0445253 0.344796 0 0.253332 0.314423
20120101 677.619      0.999999      0.0429238 0.0445083 0.344846 0 0.253463 0.314259
20120102 677.322      0.996978      0.0429167 0.044512 0.34479 0 0.253555 0.314226
20120103 678.005      0.998822      0.0428805 0.0444926 0.345043 0 0.253624 0.31396
20120104 677.638      1      0.0428643 0.0445503 0.344843 0 0.253771 0.313972
20120105 674.646      0.98049      0.0430396 0.0447064 0.346253 0 0.250889 0.315112
20120106 676.732      0.643923      0.0428318 0.0445538 0.344998 0 0.253804 0.313813
20120107 676.667      1      0.0428287 0.0445328 0.345048 0 0.253667 0.313923
20120108 677.5      0.991048      0.0427369 0.0444774 0.3449 0.00125816 0.253216 0.313412
20120109 678.267      1      0.0426352 0.0443013 0.343878 0.00328103 0.252866 0.313039
20120110 723.692      0.894815      0.0400307 0.0415999 0.321845 0.0662252 0.237132 0.293168
20120111 746.418      0.999999      0.038947 0.0403284 0.31227 0.0945788 0.229748 0.284127
20120112 781.149      0.869311      0.0372225 0.0385277 0.298097 0.135151 0.219514 0.271488
20120113 844.531      0.795002      0.0343953 0.0356122 0.274819 0.201343 0.20289 0.250941
20120114 851.105      0.69242      0.0341608 0.0353343 0.272342 0.207391 0.201314 0.249458
20120115 893.066      1      0.0325344 0.0336701 0.259523 0.244978 0.191725 0.23757
20120116 899.296      0.700137      0.0323028 0.0334103 0.257733 0.250262 0.190394 0.235897
20120117 854.094      0.916869      0.0340067 0.0351698 0.271524 0.26293 0.201139 0.195231
20120118 854.111      0.60725      0.0339922 0.0351469 0.271422 0.263071 0.200994 0.195374
20120119 848.513      0.646509      0.0342231 0.0353794 0.273064 0.267871 0.193038 0.196425
20120120 785.585      0.585041      0.0369627 0.0381829 0.229386 0.289623 0.193832 0.212014
20120121 591.711      0.856511      0.0490356 0.0507011 0 0.36818 0.250556 0.281527
20120122 553.685      0.92513      0.0523864 0.0541557 0 0.347342 0.244823 0.301292
20120123 553.215      0.958132      0.0523596 0.0541765 0 0.347733 0.244937 0.300794
20120124 553.389      1      0.0522597 0.0541415 0 0.347541 0.24565 0.300408
20120125 553.314      0.994308      0.0522864 0.0541127 0 0.347488 0.245897 0.300216
20120126 554.069      0.99763      0.0522609 0.0540534 0 0.346857 0.245557 0.301272
20120127 663.327      0.992536      0.0436588 0.0451537 0 0.340669 0.25286 0.317658
20120128 667.532      0.662618      0.0433812 0.044838 0 0.340311 0.255393 0.316076
20120129 667.528      0.884563      0.0433823 0.0448224 0 0.340566 0.255433 0.315797
20120130 667.125      0.862039      0.0433875 0.0448479 0 0.340434 0.255426 0.315904
20120131 665.471      0.912761      0.0435085 0.0449581 0 0.341157 0.256228 0.314148
20120201 655.763      0.996944      0.0441667 0.0448567 0 0.346049 0.252138 0.312789
20120202 666.555      0.999999      0.0434562 0.044877 0 0.339937 0.2559 0.31583
20120203 666.37      0.758652      0.0434382 0.0448778 0 0.340165 0.255699 0.31582
20120204 666.262      0.995324      0.0434582 0.044878 0 0.340398 0.255497 0.315768
20120205 665.736      1      0.0434792 0.0448753 0 0.340168 0.255728 0.31575
20120206 665.573      0.763575      0.0434562 0.0448793 0 0.340104 0.25567 0.315891
20120207 665.182      0.999999      0.0434605 0.0448817 0 0.340265 0.255556 0.315837
20120208 665.258      0.961089      0.0434492 0.0448705 0 0.340279 0.255632 0.31577
20120209 665.22      1      0.0434604 0.0448017 0 0.34039 0.255565 0.315783
20120210 704.425      0.668071      0.0410511 0.0423489 0.0558259 0.32149 0.241194 0.29809
20120211 741.179      0.996913      0.0389687 0.0402391 0.103124 0.30529 0.229157 0.283221
20120212 771.568      0.999999      0.0374509 0.0386374 0.138309 0.293695 0.22005 0.271858
20120213 849.744      0.995932      0.0339912 0.0350548 0.217869 0.266574 0.199491 0.247019
20120214 853.051      0.999999      0.0338101 0.0349302 0.221209 0.265122 0.198839 0.246089
20120215 884.214      0.995941      0.0326065 0.0336979 0.248679 0.255798 0.191839 0.23738
20120216 912.551      0.999999      0.031592 0.0326425 0.2721 0.247845 0.185838 0.229983
20120217 914.206      0.682744      0.0316098 0.0325616 0.273705 0.247144 0.18552 0.22946
20120218 913.243      0.918068      0.0316555 0.0325864 0.273526 0.247026 0.185546 0.22966
20120219 912.499      0.999999      0.0305643 0.032607 0.273883 0.24748 0.185708 0.229758
20120220 913.469      0.994969      0.0316191 0.0325597 0.274177 0.247073 0.185124 0.229447
20120221 913.562      0.988368      0.0316446 0.0325522 0.274041 0.247113 0.185375 0.229274
20120222 913.793      0.996777      0.0316493 0.0325309 0.273741 0.247351 0.185421 0.229307
20120223 901.023      0.999999      0.0320832 0.0329918 0.277542 0.238865 0.187609 0.230909
20120224 910.5      0.711155      0.0317218 0.03264 0.274665 0.245161 0.185845 0.229967
20120225 911.723      0.996608      0.0316828 0.0325809 0.274157 0.246606 0.185493 0.229481
20120226 911.615      1      0.0316429 0.0325768 0.274017 0.246977 0.185528 0.229258
20120227 911.73      0.995151      0.031633 0.0325486 0.27364 0.247448 0.18539 0.229341
20120228 911.436      0.999999      0.0315968 0.032589 0.273776 0.247605 0.185314 0.229119
20120229 911.15      0.990408      0.031593 0.032611 0.273901 0.247533 0.185222 0.229141
20120301 905.881      0.988274      0.0317701 0.032785 0.275147 0.243624 0.186385 0.230288
20120302 910.653      0.720661      0.031678 0.0325959 0.273743 0.247528 0.185609 0.228846
20120303 909.951      0.996413      0.0316642 0.0326426 0.273633 0.247351 0.185514 0.229196
20120304 909.813      0.988272      0.0316763 0.0326379 0.273517 0.24748 0.185611 0.229078
20120305 909.428      0.996409      0.031675 0.0326488 0.273672 0.247171 0.185495 0.229338
20120306 909.607      0.999999      0.0316776 0.0326467 0.273633 0.24735 0.185568 0.229125
20120307 909.251      0.99346      0.031654 0.0326439 0.273566 0.247496 0.185472 0.229168
20120308 908.327      0.968978      0.031692 0.0326483 0.273322 0.247561 0.185618 0.229159
20120309 906.885      0.673689      0.0317109 0.0326892 0.272705 0.247452 0.185911 0.229532
20120310 907.054      0.996966      0.0317056 0.0326904 0.272763 0.247469 0.185868 0.229504
20120311 906.662      0.999999      0.0317179 0.0326892 0.272737 0.24747 0.185851 0.229536
20120312 907.355      0.988008      0.0316903 0.0326543 0.273247 0.247566 0.185641 0.229202
20120313 906.585      0.966543      0.0317189 0.0326692 0.273754 0.247228 0.185703 0.228927
20120314 907.278      0.966728      0.0316612 0.0326277 0.273784 0.247215 0.185612 0.2291
20120315 906.295      0.999999      0.0316459 0.0326408 0.273718 0.247196 0.185664 0.229135
20120316 906.879      0.748038      0.0316706 0.0326494 0.273544 0.247573 0.185455 0.229107
20120317 906.571      0.999999      0.0316957 0.0326507 0.273475 0.247635 0.185566 0.228978
20120318 906.334      0.999999      0.0317187 0.0326634 0.273485 0.2476 0.185526 0.229006
20120319 905.779      0.962938      0.0317468 0.032669 0.273454 0.247769 0.185299 0.229062
20120320 906.004      0.999999      0.031733 0.0326633 0.273265 0.247549 0.185556 0.229233
20120321 906.128      0.986285      0.0317255 0.0326426 0.273433 0.247302 0.185555 0.229342
20120322 904.605      0.893798      0.0317823 0.0326821 0.273031 0.247242 0.185697 0.229565
20120323 905.93      0.671624      0.0317206 0.0326005 0.273811 0.24719 0.18547 0.229208
20120324 905.378      0.965108      0.0317327 0.0326253 0.273723 0.247124 0.1856 0.229195
20120325 905.25      0.988335      0.0317506 0.0326147 0.273809 0.247167 0.18547 0.229189
20120326 904.32      0.996376      0.0317851 0.0326514 0.273346 0.247324 0.185582 0.229311
20120327 904.339      0.992732      0.0317816 0.0326481 0.27332 0.247408 0.185649 0.229193
20120328 903.987      1      0.0317492 0.0326418 0.273313 0.247468 0.185644 0.229184
20120329 897.578      0.98515      0.031933 0.0328619 0.268218 0.249338 0.186875 0.230774
20120330 903.169      0.676968      0.0316739 0.0326578 0.273391 0.247271 0.185789 0.229217
20120331 903.246      0.990991      0.0316581 0.0326625 0.273184 0.247356 0.18594 0.229199
20120401 902.855      0.965131      0.031824 0.0326727 0.273079 0.247458 0.185755 0.229211
20120402 902.829      0.964967      0.0318347 0.0326576 0.273535 0.247178 0.185701 0.229094
20120403 867.842      0.992148      0.0331226 0.0339904 0.268123 0.244871 0.181053 0.23884
20120404 785.83      1      0.0365719 0.0375304 0.258413 0.23498 0.168804 0.263701
20120405 899.607      0.996387      0.031948 0.0327944 0.273355 0.245526 0.186103 0.230273
20120406 901.237      0.673708      0.0318689 0.032753 0.272654 0.247066 0.185961 0.229697
20120407 901.828      0.000108383      0.0318173 0.0327229 0.272262 0.24703 0.185936 0.230231
20120408 870.85      0.566964      0 0.03379 0.281707 0.254724 0.192326 0.237453
20120409 872.017      0.923905      0 0.033738 0.281421 0.255625 0.192076 0.23714
20120410 833.392      0.993055      0 0.0353211 0.276356 0.251452 0.196556 0.240315
20120411 870.236      0.999999      0 0.0338225 0.281312 0.254208 0.192772 0.237885
20120412 874.105      0.991101      0 0.0337165 0.282152 0.255158 0.192068 0.236905
20120413 874.028      0.711747      0 0.0337391 0.282345 0.25514 0.191948 0.236828
20120414 873.925      0.964266      0 0.0336907 0.282224 0.255193 0.191957 0.236935
20120415 873.501      0.997178      0 0.0336631 0.282253 0.255323 0.191847 0.236913
20120416 872.465      0.999999      0 0.0336927 0.282554 0.255661 0.191005 0.237087
20120417 873.133      0.99244      0 0.0336695 0.282178 0.255006 0.191922 0.237224
20120418 872.676      0.999999      0 0.0336507 0.281722 0.255411 0.191824 0.237392
20120419 872.079      0.995911      0 0.0336364 0.281493 0.255562 0.191898 0.23741
20120420 872.043      0.742737      0 0.0336828 0.281497 0.255487 0.191919 0.237414
20120421 871.988      1      0 0.0337172 0.281522 0.255488 0.191912 0.23736
20120422 872.188      0.993402      0 0.0337036 0.281394 0.25523 0.192148 0.237525
20120423 871.868      0.999999      0 0.0336774 0.281705 0.255401 0.192049 0.237168
20120424 870.528      0.995926      0 0.0332552 0.281513 0.255717 0.192244 0.237271
20120425 870.673      1      0 0.0337082 0.281401 0.255217 0.19217 0.237503
20120426 871.264      0.988323      0 0.0337051 0.281791 0.254841 0.192089 0.237574
20120427 870.62      0.660905      0 0.0337032 0.281794 0.254928 0.19205 0.237525
20120428 870.5      0.999999      0 0.0336971 0.281715 0.254935 0.191991 0.237662
20120429 842.623      0.954536      0 0.0348296 0.27365 0.248036 0.198291 0.245194
20120430 778.479      0.999999      0 0.0376772 0.25934 0.236124 0.201322 0.265538
20120501 756.922      0.898403      0 0.0387287 0.268146 0.243678 0.176537 0.27291
20120502 868.321      1      0 0.0337748 0.281381 0.254155 0.192629 0.23806
20120503 869.656      0.993263      0 0.0337137 0.281625 0.25393 0.192757 0.237975
20120504 870.898      0.667744      0 0.0336436 0.28096 0.254506 0.192747 0.238143
20120505 870.649      0.999999      0 0.0336365 0.281103 0.254871 0.192547 0.237843
20120506 870.382      0.831922      0 0.0336328 0.281272 0.254707 0.192563 0.237826
20120507 870.443      0.999999      0 0.0336137 0.281161 0.254784 0.192657 0.237785
20120508 869.764      0.999999      0 0.0336343 0.281014 0.254904 0.19293 0.237518
20120509 818.605      1      0 0.0357004 0.298918 0.270912 0.204475 0.189995
20120510 663.595      1      0 0.0440592 0.369048 0.334109 0.252783 0
20120511 662.997      0.661277      0 0.0441027 0.368678 0.334279 0.252941 0
20120512 662.712      0.999999      0 0.0440252 0.368887 0.334103 0.252985 0
20120513 662.093      0.993388      0 0.0440836 0.368693 0.33449 0.252733 0
20120514 661.949      0.999999      0 0.0441168 0.368282 0.334447 0.253153 0
20120515 661.881      0.992309      0 0.0441523 0.367937 0.334529 0.253381 0
20120516 661.237      0.941015      0 0.0441888 0.367911 0.334793 0.253107 0
20120517 661.649      0.95714      0 0.0438234 0.368448 0.334334 0.253395 0
20120518 661.761      0.701903      0 0.0441057 0.368923 0.333943 0.253028 0
20120519 661.623      0.974348      0 0.0440975 0.36937 0.333508 0.253025 0
20120520 661.472      0.85786      0 0.0441121 0.369402 0.333417 0.253068 0
20120521 661.139      0.754707      0 0.0441294 0.36927 0.333527 0.253074 0
20120522 660.384      0.57974      0 0.0440756 0.369435 0.333354 0.253135 0
20120523 659.978      0.919213      0 0.044127 0.369557 0.33298 0.253336 0
20120524 659.306      0.854564      0 0.0442488 0.370027 0.332424 0.2533 0
20120525 661.165      0.609403      0 0.0442039 0.369076 0.334005 0.252715 0
20120526 661.154      0.807962      0 0.0441313 0.369247 0.333935 0.252686 0
20120527 660.896      0.678577      0 0.0440886 0.368803 0.334245 0.252864 0
20120528 660.415      0.75114      0 0.0441391 0.368948 0.334107 0.252806 0
20120529 660.476      0.0412463      0 0.0441069 0.369214 0.334314 0.252366 0
20120530 659.897      0.742292      0 0.0440946 0.368429 0.334348 0.253129 0
20120531 659.889      0.951675      0 0.04412 0.36829 0.334697 0.252893 0
20120601 659.428      0.882206      8.82816e-05 0.0441437 0.368311 0.33431 0.253146 0
20120602 665.393      1      0.00937746 0.0436864 0.364627 0.331471 0.250839 0
20120603 667.985      0.999999      0.0147362 0.0435777 0.362485 0.329643 0.249558 0
20120604 672.769      0.995068      0.0219556 0.0432313 0.359797 0.327487 0.247529 0
20120605 682.908      0.946236      0.0346262 0.0425142 0.355715 0.322841 0.244304 0
20120606 683.973      0.99518      0.0354918 0.0425673 0.355937 0.32243 0.243574 0
20120607 689.777      0.987977      0.0442936 0.0422205 0.352879 0.31892 0.241687 0
20120608 689.471      0.0396372      0.0454684 0.0421378 0.352012 0.318292 0.242089 0
20120609 689.657      0      0.0455602 0.0421157 0.352639 0.317988 0.241698 0
20120610 689.591      0      0.0455351 0.0421177 0.352788 0.317869 0.24169 0
20120611 690.062      0      0.045825 0.0420664 0.353604 0.317314 0.241191 0
20120612 690.357      0      0.0457553 0.0420304 0.353796 0.317349 0.241069 0
20120613 689.651      0      0.0458724 0.042103 0.352581 0.318109 0.241334 0
20120614 689.735      0      0.0458191 0.0420842 0.352249 0.318601 0.241246 0
20120615 690.103      0.568441      0.0457938 0.0421541 0.351737 0.319165 0.24115 0
20120616 668.047      0.999999      0.047405 0.0435079 0.347791 0.317161 0.244136 0
20120617 606.306      0.999999      0.0521464 0.0479394 0.339721 0.307049 0.253144 0
20120618 611.208      0.990536      0.0516155 0.0474355 0.340506 0.308899 0.251544 0
20120619 611.423      0.797147      0.0516625 0.0471894 0.340658 0.309187 0.251303 0
20120620 610.493      0.988554      0.0517603 0.0475401 0.340423 0.30926 0.251017 0
20120621 611.223      0.999999      0.0516455 0.0474452 0.340664 0.309052 0.251194 0
20120622 609.834      0.577648      0.0516745 0.0474818 0.340204 0.308961 0.251678 0
20120623 609.928      0.999999      0.0516769 0.0474591 0.340586 0.308861 0.251417 0
20120624 609.496      0.999999      0.0514566 0.0474906 0.340407 0.30895 0.251695 0
20120625 604.69      0.618954      0.0521041 0.0478442 0.340074 0.308446 0.251533 0
20120626 595.131      0.684387      0.0529628 0.0486582 0.339271 0.308136 0.250972 0
20120627 636.04      1      0.0496181 0.0455904 0.344577 0.313383 0.246831 0
20120628 686.27      0.984237      0.0452259 0.0422042 0.352286 0.319308 0.240976 0
20120629 686.71      0.617901      0.0459075 0.0421397 0.351961 0.31902 0.240972 0
20120630 685.404      0.988925      0.0458813 0.0421402 0.351223 0.318925 0.241831 0
20120701 686.381      0.995076      0.0458665 0.0421656 0.351639 0.318778 0.24155 0
20120702 685.048      0.999999      0.0458758 0.0421399 0.351772 0.318346 0.241867 0
20120703 685.01      0.952789      0.0458567 0.0421865 0.351866 0.318474 0.241617 0
20120704 684.449      1      0.0451379 0.0422138 0.351819 0.319073 0.241756 0
20120705 684.879      0.999999      0.0456749 0.0421014 0.351601 0.318936 0.241687 0
20120706 685.817      0.624221      0.0457931 0.0421599 0.352196 0.319058 0.240793 0
20120707 685.037      0.996668      0.045332 0.0421938 0.352232 0.31954 0.240703 0
20120708 685.121      0.992918      0.0452489 0.0421284 0.352371 0.319516 0.240736 0
20120709 684.563      0.959171      0.0445189 0.0421577 0.352735 0.319813 0.240775 0
20120710 684.349      0.999999      0.0441123 0.0420638 0.352992 0.319894 0.240938 0
20120711 684.395      0.454187      0.0442812 0.0421231 0.352998 0.319894 0.240704 0
20120712 683.034      0.927566      0.0438976 0.0421765 0.353226 0.319797 0.240903 0
20120713 684.731      0.687694      0.0454559 0.042041 0.352309 0.319289 0.240905 0
20120714 685.089      0.999999      0.0456518 0.0420584 0.352081 0.318678 0.240544 0.000986815
20120715 686.228      0.998935      0.0455043 0.0419296 0.35101 0.317945 0.239729 0.0038821
20120716 700.197      0.985137      0.0445381 0.0411278 0.34396 0.311793 0.235081 0.0234988
20120717 745.415      0.999999      0.0418147 0.0386619 0.323245 0.29211 0.22117 0.0829994
20120718 755.606      0.996201      0.0412819 0.0381534 0.318934 0.288551 0.217966 0.0951127
20120719 821.293      0.892516      0.0365474 0.0350812 0.292757 0.265528 0.200908 0.169179
20120720 845.75      0.744309      0.0356301 0.0340968 0.284459 0.25843 0.194849 0.192535
20120721 860.352      0.999999      0.0362863 0.0334845 0.279345 0.254095 0.191582 0.205208
20120722 890.071      0.999999      0.0351108 0.0323617 0.269883 0.245616 0.18504 0.231989
20120723 857.561      0.966303      0.0363942 0.0335774 0.256648 0.234442 0.191147 0.247792
20120724 751.306      0.999999      0.0404461 0.0382453 0.249006 0.226625 0.217124 0.228553
20120725 778.816      0.997108      0.039134 0.0369302 0.257468 0.233559 0.209239 0.22367
20120726 798.052      0.988711      0.0388389 0.036034 0.250576 0.227873 0.203874 0.242805
20120727 818.701      0.711427      0.0372552 0.0351524 0.243565 0.22149 0.198614 0.263923
20120728 821.38      0.00902424      0.0378145 0.0350544 0.242939 0.220995 0.198374 0.264823
20120729 821.328      0      0.0377845 0.0349855 0.244236 0.220989 0.197501 0.264503
20120730 887.456      0      0.0346855 0.0323456 0.268803 0.242622 0.181029 0.240516
20120731 852.48      0      0.0363881 0.0336909 0.279506 0.254194 0.141086 0.255134
20120801 732.444      0      0.0424657 0.0392146 0.325809 0.295503 0 0.297008
20120802 734.703      0      0.042366 0.0391165 0.326751 0.295706 0 0.29606
20120803 735.015      0      0.0423208 0.0390958 0.327004 0.296226 0 0.295354
20120804 735.572      0      0.0422865 0.0390394 0.326687 0.296426 0 0.29556
20120805 735.744      0      0.0422965 0.0390224 0.326399 0.296673 0 0.295609
20120806 735.356      0      0.042325 0.0390613 0.326415 0.29667 0 0.295528
20120807 734.673      0      0.0423489 0.0390926 0.326724 0.296723 0 0.295111
20120808 734.654      0      0.0423343 0.0390811 0.326538 0.296763 0 0.295283
20120809 733.989      0      0.0422893 0.0390634 0.326761 0.296604 0 0.295282
20120810 733.975      0      0.0422404 0.0390671 0.326937 0.296354 0 0.295401
20120811 733.947      0      0.0422803 0.0390956 0.326727 0.296718 0 0.295179
20120812 733.83      0      0.0422885 0.0388244 0.327018 0.296685 0 0.295184
20120813 733.986      0      0.0422679 0.0390408 0.327082 0.296788 0 0.294822
20120814 733.46      0      0.0423337 0.0390904 0.326925 0.296787 0 0.294864
20120815 732.893      0      0.042342 0.0391206 0.326909 0.296847 0 0.294781
20120816 696.052      0      0.044506 0.0411299 0.325039 0.297799 0 0.291526
20120817 617.045      0      0.0501822 0.0464393 0.325169 0.295758 0 0.282452
20120818 614.769      0      0.0503289 0.046612 0.325096 0.295852 0 0.282111
20120819 614.846      0      0.0503819 0.0466054 0.32531 0.295942 0 0.281761
20120820 724.107      0      0.0428083 0.039576 0.328086 0.298844 0 0.290686
20120821 730.414      0      0.0424019 0.0392258 0.3259 0.297243 0 0.29523
20120822 730.575      0      0.0423283 0.0391935 0.32555 0.297336 0 0.295592
20120823 730.335      0      0.0424342 0.0392351 0.326508 0.295963 0 0.29586
20120824 731.58      0      0.0422985 0.0391436 0.327116 0.296399 0 0.295043
20120825 731.408      0      0.0422613 0.0391702 0.326656 0.2967 0 0.295212
20120826 730.653      0      0.0422722 0.0391531 0.327202 0.295994 0 0.295378
20120827 730.638      0      0.0422746 0.039118 0.327062 0.296207 0 0.295339
20120828 730.057      0      0.0423263 0.0391357 0.327012 0.296529 0 0.294997
20120829 730.378      0      0.0422939 0.0391422 0.327186 0.296376 0 0.295001
20120830 730.155      0      0.0423169 0.0391728 0.327285 0.296265 0 0.29496
20120831 731.221      0      0.0422534 0.0391233 0.327312 0.296676 0 0.294635
20120901 731.129      0      0.0422345 0.0391261 0.327213 0.296895 0 0.294532
20120902 731.071      0      0.0422273 0.0391272 0.327006 0.297204 0 0.294435
20120903 730.518      0      0.0422578 0.0391487 0.326894 0.297145 0 0.294554
20120904 730.42      0      0.0421718 0.0391085 0.326987 0.296823 0.000671928 0.294239
20120905 744.854      0      0.0414063 0.0383631 0.320105 0.291307 0.0198645 0.288954
20120906 784.428      0      0.039286 0.0364142 0.304318 0.276767 0.0690489 0.274166
20120907 793.264      0      0.0388911 0.0360415 0.300643 0.273534 0.0797446 0.271146
20120908 846.447      0      0.0364406 0.0337706 0.281917 0.256196 0.137623 0.254053
20120909 860.89      0      0.035807 0.0331995 0.276856 0.251719 0.15255 0.249869
20120910 896.059      0      0.0344014 0.0318694 0.265533 0.241972 0.18648 0.239745
20120911 903.6      0      0.0341046 0.0316215 0.263088 0.239884 0.193657 0.237645
20120912 902.994      0      0.0340682 0.0316415 0.263005 0.23987 0.193674 0.237742
20120913 899.058      0      0.0342279 0.0317853 0.264593 0.240774 0.19367 0.23495
20120914 892.315      0      0.0344252 0.0319321 0.267021 0.242371 0.184198 0.240053
20120915 869.653      0      0.0353246 0.0328017 0.274171 0.248878 0.162815 0.246011
20120916 868.864      0      0.0353596 0.0328013 0.274225 0.24872 0.162814 0.246079
20120917 882.442      0      0.0348395 0.0322955 0.270041 0.244531 0.175839 0.242454
20120918 901.238      0      0.0341025 0.031648 0.264066 0.239158 0.19338 0.237646
20120919 902.006      0      0.0340273 0.0316277 0.26417 0.23902 0.193448 0.237707
20120920 900.722      0      0.0340832 0.0316739 0.263399 0.239311 0.193701 0.237832
20120921 897.994      0      0.0341903 0.0317563 0.265167 0.24025 0.190201 0.238436
20120922 732.866      0      0.0418498 0.0389068 0.325021 0.294406 0.00840115 0.291415
20120923 757.555      0      0.0405008 0.0376411 0.314261 0.284108 0.0415901 0.281899
20120924 896.417      0      0.0342165 0.0318053 0.265651 0.240106 0.189765 0.238457
20120925 900.622      0      0.0340782 0.0316517 0.264196 0.239843 0.193382 0.236849
20120926 900.755      0      0.0340499 0.0315956 0.26409 0.240008 0.1931 0.237156
20120927 900.471      0      0.0340185 0.0316528 0.264184 0.239878 0.193079 0.237187
20120928 888.687      0      0.0344694 0.0320685 0.254948 0.243098 0.195393 0.240023
20120929 831.279      0      0.036894 0.0342464 0.238719 0.247561 0.197505 0.245075
20120930 737.08      0      0.0415665 0.0385874 0.256942 0.245337 0.186812 0.230755
20121001 746.312      0      0.0410902 0.0381303 0.265736 0.241192 0.185842 0.22801
20121002 779.34      0      0.0393364 0.0364985 0.254489 0.27254 0.178398 0.218737
20121003 784.344      0      0.03908 0.0362409 0.252646 0.274738 0.177062 0.220234
20121004 824.731      0      0.0371468 0.0344566 0.240227 0.261313 0.168519 0.258337
20121005 857.082      0      0.0357347 0.0331369 0.231595 0.251605 0.199292 0.248637
20121006 896.659      0      0.0341673 0.0316816 0.263074 0.240339 0.192987 0.237751
20121007 896.444      0      0.0341468 0.0316837 0.262938 0.239926 0.193569 0.237735
20121008 896.635      0      0.0341406 0.0316803 0.263338 0.239652 0.19359 0.237599
20121009 897.831      0      0.0340754 0.0316338 0.264369 0.239832 0.193149 0.236941
20121010 897.75      0      0.0340144 0.0316024 0.264592 0.239324 0.193319 0.237148
20121011 897.442      0      0.0340224 0.0315828 0.264594 0.239399 0.193254 0.237149
20121012 897.298      0      0.0340558 0.0316247 0.264659 0.239228 0.193325 0.237108
20121013 895.97      0      0.0341035 0.0316504 0.264883 0.239183 0.193541 0.23664
20121014 895.838      0      0.034089 0.0316294 0.265025 0.239137 0.193356 0.236764
20121015 896.197      0      0.0340725 0.0315122 0.265117 0.239664 0.193042 0.236593
20121016 896.124      0      0.0337945 0.0314901 0.264772 0.240139 0.193124 0.23668
20121017 896.318      0      0.0340138 0.0314962 0.264459 0.240262 0.192921 0.236848
20121018 896.984      0      0.0340085 0.0315834 0.264259 0.24029 0.192866 0.236994
20121019 896.47      0.531877      0.0339972 0.0316198 0.264195 0.240258 0.193098 0.236833
20121020 896.479      1      0.0340077 0.0316083 0.264343 0.24015 0.19304 0.236851
20121021 895.463      1      0.0340529 0.0316308 0.264103 0.239981 0.193231 0.237001
20121022 895.717      0.942339      0.034042 0.0316539 0.264454 0.239717 0.193179 0.236955
20121023 894.565      1      0.0341013 0.0317078 0.264234 0.240063 0.193149 0.236745
20121024 893.167      0.990704      0.0341082 0.0317503 0.264515 0.24015 0.191963 0.237513
20121025 894.194      1      0.0340914 0.0317018 0.264131 0.239898 0.193095 0.237083
20121026 893.433      0.628956      0.0340968 0.0316828 0.264123 0.239914 0.193022 0.237161
20121027 894.657      1      0.0340652 0.0316394 0.263983 0.240244 0.193085 0.236984
20121028 893.52      0.995999      0.0340838 0.0316223 0.263851 0.240246 0.193173 0.237023
20121029 892.796      0.999999      0.0340846 0.031598 0.263946 0.240505 0.192726 0.23714
20121030 890.995      1      0.0341569 0.0316398 0.26433 0.240829 0.191876 0.237168
20121031 889.631      0.996293      0.0341499 0.0316454 0.264415 0.240864 0.191686 0.237241
20121101 880.921      1      0.0344723 0.0316256 0.267127 0.243038 0.184266 0.239471
20121102 856.949      0.729024      0.0354921 0.032843 0.275833 0.250057 0.158918 0.246856
20121103 856.756      1      0.0354911 0.03286 0.275588 0.25025 0.158851 0.24696
20121104 856.303      0.989556      0.0355053 0.0328351 0.275856 0.249935 0.159003 0.246865
20121105 838.226      0.984965      0.0362457 0.0336776 0.27403 0.255045 0.162629 0.238373
20121106 792.165      0      0.0383642 0.0357143 0.273563 0.269536 0.172074 0.210749
20121107 792.143      0.983059      0.0383189 0.0356952 0.273434 0.269419 0.172252 0.210881
20121108 791.353      0.999999      0.0383131 0.0357626 0.273014 0.269803 0.172195 0.210912
20121109 791.507      0.626043      0.0382878 0.0357983 0.272883 0.269643 0.172316 0.211071
20121110 790.789      0.981261      0.0383536 0.0357904 0.273223 0.269435 0.172026 0.211172
20121111 790.255      0.999999      0.03836 0.0357879 0.273114 0.269475 0.172148 0.211115
20121112 789.744      0.987096      0.038367 0.0357827 0.273193 0.269613 0.172022 0.211023
20121113 789.802      0.999999      0.0383569 0.0357698 0.273321 0.269397 0.172093 0.211063
20121114 790.716      0.989641      0.0383073 0.0357482 0.273489 0.269746 0.1719 0.210809
20121115 810.091      0.999999      0.0373736 0.0348664 0.266687 0.264719 0.180476 0.215878
20121116 887.952      0.656548      0.0340681 0.0317558 0.264453 0.241692 0.192997 0.235034
20121117 888.919      1      0.0340286 0.0317487 0.265268 0.241358 0.193 0.234597
20121118 888.778      0.99897      0.0340704 0.0317516 0.264318 0.241293 0.192769 0.235797
20121119 887.516      0.796493      0.034142 0.0318156 0.263881 0.241589 0.191961 0.236611
20121120 887.043      1      0.0341448 0.031832 0.264739 0.241346 0.191657 0.236282
20121121 887.212      0.983431      0.0341023 0.0317706 0.264472 0.24115 0.192114 0.236392
20121122 883.733      0.967072      0.0342409 0.0319027 0.266716 0.236155 0.193727 0.237258
20121123 888.354      0.67745      0.0340283 0.0317321 0.265567 0.240266 0.192605 0.235803
20121124 888.339      1      0.0340155 0.0317083 0.265479 0.240608 0.192396 0.235793
20121125 888.084      0.999999      0.0340214 0.031694 0.265494 0.24067 0.192314 0.235807
20121126 887.295      0.989762      0.0340348 0.0316959 0.265588 0.240303 0.192303 0.236075
20121127 886.202      0.999999      0.0340891 0.0317185 0.265474 0.23984 0.192714 0.236165
20121128 886.271      0.99702      0.0340674 0.0316786 0.265441 0.240249 0.192515 0.236048
20121129 886.926      1      0.0340341 0.0317155 0.26598 0.240233 0.192228 0.235809
20121130 886.532      0.699408      0.0341093 0.0317728 0.265828 0.240139 0.192353 0.235799
20121201 885.833      1      0.0341421 0.0318037 0.265691 0.239732 0.19241 0.236221
20121202 885.618      1      0.0341438 0.0318053 0.265413 0.240087 0.192568 0.235984
20121203 884.375      0.995221      0.0341775 0.0318797 0.265099 0.240258 0.192304 0.236281
20121204 884.71      0.999999      0.0341566 0.0318694 0.26497 0.240652 0.192452 0.235901
20121205 884.37      0.990773      0.0341606 0.03186 0.264838 0.240617 0.192518 0.236007
20121206 882.95      0.997586      0.034196 0.0306839 0.265418 0.240871 0.192726 0.236105
20121207 881.93      0.700581      0.0342249 0.0318505 0.262888 0.241416 0.193037 0.236584
20121208 883.769      0.997701      0.0341503 0.0318236 0.264684 0.240779 0.192583 0.235981
20121209 883.272      0.833383      0.0341712 0.0318458 0.265142 0.240406 0.19237 0.236065
20121210 882.283      0.816207      0.0342193 0.0318528 0.264804 0.240373 0.1925 0.23625
20121211 829.163      1      0.0363872 0.03387 0.283001 0.19085 0.204754 0.251138
20121212 670.881      0.997376      0.0449728 0.0418745 0.349889 0 0.252957 0.310307
20121213 670.738      1      0.0449841 0.0418565 0.349635 0 0.252987 0.310538
20121214 671.384      0.685009      0.0449371 0.0418358 0.350273 0 0.252706 0.310248
20121215 671.151      0.999999      0.0449653 0.0418505 0.350091 0 0.252728 0.310365
20121216 671.686      1      0.0449107 0.0418072 0.350268 0 0.252781 0.310233
20121217 671.259      0.996719      0.0449421 0.0416753 0.350122 0 0.252952 0.310309
20121218 661.082      1      0.0455953 0.042244 0.354681 0 0.243425 0.314054
20121219 635.272      0.997002      0.0474082 0.0439048 0.369702 0 0.211571 0.327414
20121220 628.002      1      0.0479481 0.0444878 0.362707 0 0.21402 0.330837
20121221 634.465      0.641904      0.0474235 0.0441465 0.369649 0 0.21134 0.327441
20121222 640.937      1      0.0469638 0.0437008 0.365907 0 0.21935 0.324078
20121223 669.266      0.999999      0.0449616 0.0418164 0.350044 0 0.252977 0.3102
20121224 669.092      0.778082      0.0449523 0.0418527 0.350189 0 0.252737 0.310269
20121225 668.728      1      0.0449698 0.0418669 0.350142 0 0.252808 0.310213
20121226 667.492      0.965006      0.0450426 0.0419278 0.350857 0 0.251514 0.310658
20121227 668.27      1      0.0449738 0.0419057 0.350447 0 0.252548 0.310126
20121228 668.874      0.704526      0.0449412 0.041863 0.350317 0 0.252915 0.309964
20121229 671.889      1      0.0447284 0.0416641 0.348095 0.00509997 0.25206 0.308352
20121230 719.847      1      0.0417257 0.0388688 0.324578 0.0716527 0.235274 0.287901
20121231 736.771      0.99121      0.0407712 0.0379429 0.317276 0.0936175 0.229197 0.281196
20130101 738.933      0      0.0406104 0.0378295 0.316436 0.146244 0.178888 0.279992
20130102 827.327      0      0.0362903 0.0338055 0.282729 0.196294 0.200723 0.250159
20130103 838.837      0      0.0357898 0.0332902 0.278648 0.204796 0.200657 0.246819
20130104 880.669      0      0.0340722 0.0316955 0.26524 0.243202 0.190809 0.234981
20130105 890.532      0      0.0336972 0.0313389 0.26158 0.25249 0.188634 0.23226
20130106 889.815      0      0.0337196 0.0314026 0.261133 0.252568 0.188815 0.232362
20130107 889.843      0.798944      0.0337007 0.0314208 0.261549 0.252476 0.188583 0.23227
20130108 890.236      0.999999      0.0336701 0.0314245 0.261711 0.252321 0.188729 0.232144
20130109 891.459      0.992006      0.0336001 0.0313973 0.261003 0.253593 0.188513 0.231894
20130110 891.53      0.991411      0.0335959 0.0310397 0.260859 0.254236 0.188496 0.231773
20130111 893.383      0.856668      0.0335119 0.0312675 0.261402 0.254437 0.188183 0.231199
20130112 893.777      0.999999      0.0334853 0.0312559 0.261928 0.254136 0.188109 0.231085
20130113 893.071      1      0.0334995 0.0312809 0.261808 0.254109 0.188055 0.231247
20130114 892.538      0.992152      0.0335179 0.0312726 0.261447 0.254346 0.188069 0.231348
20130115 892.08      1      0.0335344 0.0312949 0.261447 0.254181 0.18863 0.230913
20130116 890.67      0.991497      0.0331006 0.0313428 0.261425 0.254244 0.188607 0.231281
20130117 890.349      0.982247      0.032897 0.03137 0.261447 0.254332 0.188655 0.231299
20130118 890.138      0.999999      0.0335203 0.0313496 0.261246 0.253854 0.188782 0.231248
20130119 890.423      0.968179      0.0335175 0.0313385 0.261254 0.25421 0.188571 0.231109
20130120 787.319      0.567173      0.0379481 0.0353709 0.165732 0.286539 0.213117 0.261293
20130121 656.646      0.858393      0.0455267 0.0424291 0 0.343182 0.255361 0.313501
20130122 653.07      1      0.0457627 0.0426452 0 0.344384 0.256871 0.310337
20130123 656.088      0.994238      0.0456042 0.0424846 0 0.342329 0.255622 0.31396
20130124 657.051      1      0.0455534 0.0424965 0 0.343092 0.25544 0.313419
20130125 657.06      0.897074      0.0455501 0.0425034 0 0.34347 0.255142 0.313335
20130126 656.89      1      0.0455463 0.0425019 0 0.343476 0.255222 0.313254
20130127 656.777      1      0.0455557 0.0425133 0 0.34345 0.255259 0.313222
20130128 656.596      0.99687      0.0455458 0.0425245 0 0.343692 0.254861 0.313377
20130129 655.412      0.994806      0.0455978 0.0425657 0 0.342491 0.2557 0.313646
20130130 655.922      0.995795      0.0455206 0.0425768 0 0.343032 0.255276 0.313595
20130131 655.883      0.999999      0.0454934 0.0425381 0 0.343015 0.255513 0.31344
20130201 655.568      0.698476      0.0455616 0.0425382 0 0.34307 0.255298 0.313533
20130202 655.798      1      0.0455353 0.0425417 0 0.343274 0.255273 0.313376
20130203 655.46      1      0.0455154 0.0425417 0 0.34317 0.255325 0.313447
20130204 654.913      1      0.0455419 0.0425593 0 0.343064 0.255221 0.313613
20130205 653.479      0.999999      0.0456307 0.0426773 0 0.341567 0.255886 0.314239
20130206 625.279      0.993665      0.0476887 0.0445233 0 0.311983 0.267357 0.328448
20130207 605.843      1      0.0492151 0.0459078 0 0.306175 0.259839 0.338862
20130208 579.693      0.868265      0.0514041 0.0481037 0 0.319508 0.227075 0.353909
20130209 579.883      0.999999      0.0513863 0.0480872 0 0.319363 0.227435 0.353728
20130210 579.951      1      0.0514012 0.0480791 0 0.319341 0.227534 0.353645
20130211 579.966      0.972009      0.0513693 0.0480721 0 0.319427 0.227454 0.353678
20130212 579.319      0.982726      0.0514177 0.0481305 0 0.319616 0.226955 0.353881
20130213 579.83      0.991955      0.0513569 0.0480718 0 0.319419 0.227706 0.353447
20130214 579.791      0.999999      0.0513467 0.0480738 0 0.319252 0.227886 0.353442
20130215 579.668      0.865136      0.0513722 0.0480981 0 0.319369 0.227563 0.353597
20130216 579.163      1      0.0513929 0.0480656 0 0.319447 0.22744 0.353655
20130217 613.273      0.999999      0.0485254 0.0453941 0 0.30157 0.27076 0.33375
20130218 652.085      0.997244      0.0456748 0.042676 0 0.34097 0.256631 0.314048
20130219 652.752      1      0.0456485 0.0426356 0 0.341298 0.256564 0.313853
20130220 652.809      0.997531      0.045649 0.0425948 0 0.342494 0.255579 0.313682
20130221 652.806      1      0.0456034 0.0425906 0 0.342248 0.25569 0.313869
20130222 652.542      0.863017      0.0456121 0.0425706 0 0.342559 0.25582 0.313439
20130223 652.168      0.999999      0.0456408 0.0425816 0 0.342523 0.255772 0.313483
20130224 651.922      0.999999      0.045619 0.0425437 0 0.34248 0.256026 0.313331
20130225 651.131      1      0.0456307 0.0426401 0 0.342421 0.255788 0.31352
20130226 651.51      0.999999      0.0456034 0.0426407 0 0.3423 0.255836 0.31362
20130227 652.164      0.994182      0.0455575 0.0426229 0 0.343079 0.255417 0.313324
20130228 650.372      1      0.0456476 0.0427333 0 0.344429 0.25307 0.31412
20130301 651.644      0.725252      0.0455366 0.0426591 0 0.343417 0.255037 0.31335
20130302 651.954      0.965944      0.0455315 0.0426436 0 0.343224 0.255609 0.312991
20130303 651.731      1      0.0455542 0.0426289 0 0.343354 0.255415 0.313048
20130304 651.543      0.963038      0.0455134 0.0426245 0 0.343326 0.255462 0.313074
20130305 610.026      1      0.0486088 0.0455169 0 0.366503 0.272875 0.266497
20130306 447.735      0.988319      0.0662545 0.0620376 0 0.499266 0.372442 0
20130307 447.364      1      0.0663249 0.0620808 0 0.499749 0.371846 0
20130308 447.071      0.837494      0.0663403 0.0620525 0 0.499602 0.372005 0
20130309 447.315      1      0.0663538 0.061997 0 0.499717 0.371932 0
20130310 447.164      0.990955      0.0663592 0.0619708 0 0.499559 0.372111 0
20130311 446.798      0.997649      0.0663547 0.0619727 0 0.499762 0.371911 0
20130312 446.906      1      0.0663118 0.0619405 0 0.499817 0.371931 0
20130313 446.567      0.991177      0.0663401 0.0619907 0 0.499713 0.371956 0
20130314 446.377      1      0.066448 0.0617984 0 0.499603 0.372151 0
20130315 446.63      0.873164      0.0663822 0.0617357 0 0.499919 0.371963 0
20130316 446.612      1      0.0663661 0.0617178 0 0.499667 0.372249 0
20130317 446.083      0.999999      0.0664092 0.0617811 0 0.499509 0.372301 0
20130318 448.289      0.997409      0.0662019 0.0615016 0.004481 0.497165 0.37065 0
20130319 459.065      1      0.0646054 0.0600183 0.028353 0.485439 0.361584 0
20130320 463.464      0.997737      0.0639557 0.0595016 0.0367171 0.480945 0.35888 0
20130321 516.528      1      0.0573531 0.0537565 0.135533 0.431873 0.321485 0
20130322 523.214      0.899365      0.0566099 0.0530566 0.147575 0.425608 0.31715 0
20130323 576.626      1      0.0513589 0.0481361 0.226335 0.386423 0.287747 0
20130324 634.202      1      0.0467244 0.0437768 0.296522 0.351329 0.261648 0
20130325 638.899      0.99457      0.046371 0.0434648 0.301985 0.348693 0.259486 0
20130326 691.78      1      0.0427354 0.040086 0.356472 0.321484 0.239222 0
20130327 695.977      0.927336      0.0425243 0.0398521 0.36032 0.31923 0.238074 0
20130328 697.923      1      0.042394 0.0397088 0.362553 0.318086 0.237258 0
20130329 696.229      0.714655      0.0425191 0.0397965 0.361014 0.318717 0.237953 0
20130330 696.526      0.999999      0.042476 0.0397619 0.361467 0.318692 0.237603 0
20130331 697.98      1      0.0423755 0.0396539 0.362979 0.317721 0.237271 0
20130401 697.415      0.989574      0.0423815 0.0391519 0.363563 0.317467 0.237436 0
20130402 697.717      0.999999      0.0423205 0.039515 0.363384 0.317454 0.237327 0
20130403 672.798      0.993609      0.0438573 0.0411503 0.355349 0.313685 0.245958 0
20130404 614.743      1      0.0479585 0.0450189 0.33988 0.298204 0.268939 0
20130405 694.96      0.882606      0.0424184 0.0398719 0.363699 0.316143 0.237867 0
20130406 696.998      1      0.0422441 0.0397578 0.363114 0.317765 0.237119 0
20130407 695.796      0.988375      0.0423085 0.0398204 0.363528 0.316842 0.237501 0
20130408 695.416      0.999999      0.0423449 0.0398148 0.363616 0.316548 0.237677 0
20130409 695.386      1      0.0423316 0.0398083 0.363228 0.316215 0.238417 0
20130410 696.383      0.986349      0.0422657 0.0397467 0.362842 0.315796 0.238006 0.00134285
20130411 723.238      1      0.0407152 0.0285571 0.34937 0.304971 0.228708 0.0476778
20130412 737.244      0.836648      0.0399284 0 0.342795 0.300291 0.224662 0.0923236
20130413 752.272      1      0.039119 0 0.335679 0.294101 0.219918 0.111183
20130414 820.323      0.867566      0.0359726 0 0.307607 0.26981 0.201467 0.185144
20130415 834.519      0.993336      0.0353921 0 0.302531 0.265104 0.198077 0.198897
20130416 865.124      0.999999      0.0341162 0 0.289729 0.255645 0.19079 0.229719
20130417 886.777      0.994234      0.0332211 0 0.28367 0.24901 0.186159 0.247941
20130418 886.496      1      0.0327908 0 0.283803 0.249295 0.186252 0.247859
20130419 886.411      0.97197      0.0331733 0 0.284061 0.249094 0.186308 0.247364
20130420 883.453      0.841691      0.0333329 0 0.285001 0.249517 0.186561 0.245588
20130421 885.63      0.408575      0.0332471 0 0.284514 0.248659 0.185982 0.247598
20130422 884.957      0.995486      0.0332654 0 0.284207 0.249434 0.185635 0.247459
20130423 885.354      1      0.0332251 0 0.28372 0.249666 0.186238 0.247151
20130424 884.497      0.995015      0.0332246 0 0.283248 0.249256 0.186722 0.24755
20130425 884.97      0.999999      0.0332561 0 0.282628 0.249773 0.186791 0.247552
20130426 883.965      0.734476      0.0333253 0 0.281914 0.250154 0.18681 0.247796
20130427 884.363      0.999999      0.0332609 0 0.282925 0.249853 0.186634 0.247327
20130428 884.978      1      0.0332063 0 0.283488 0.24952 0.186463 0.247322
20130429 843.674      0.994368      0.0347904 0 0.297864 0.261954 0.147023 0.258368
20130430 654.213      1      0.0448353 0 0.373511 0.316274 0 0.26538
20130501 615.051      0.995653      0.0476394 0 0.374623 0.295817 0 0.28192
20130502 698.45      0.999999      0.0419169 0 0.357149 0.313112 0 0.287823
20130503 719.072      0.853719      0.0406492 0 0.347976 0.306401 0 0.304974
20130504 719.46      0.860543      0.0406576 0 0.348141 0.306383 0 0.304818
20130505 718.486      0.955757      0.0407887 0 0.348062 0.306611 0 0.304538
20130506 717.938      0.996141      0.0408971 0 0.348498 0.306742 0 0.303864
20130507 718.378      1      0.040927 0 0.348532 0.306688 0 0.303854
20130508 717.964      0.8509      0.0409328 0 0.348641 0.306523 0 0.303903
20130509 717.16      0.973456      0.0409895 0 0.348217 0.306462 0 0.304331
20130510 717.251      0.946993      0.0409463 0 0.349194 0.305817 0 0.304043
20130511 717.455      1      0.0409188 0 0.348968 0.305946 0 0.304168
20130512 717.131      1      0.0407997 0 0.348658 0.30607 0 0.304473
20130513 716.745      0.993821      0.0408425 0 0.348645 0.305867 0 0.304646
20130514 716.081      0.999999      0.0408822 0 0.348557 0.305903 0 0.304658
20130515 716.055      0.984602      0.040982 0 0.348171 0.306937 0 0.30391
20130516 713.8      1      0.0410973 0 0.348373 0.30847 0 0.302059
20130517 717.17      0.898923      0.0409303 0 0.347346 0.307398 0 0.304326
20130518 716.259      0.991336      0.040985 0 0.347556 0.306769 0 0.304689
20130519 715.938      1      0.0410145 0 0.347184 0.307058 0 0.304743
20130520 715.48      0.993989      0.0410592 0 0.347275 0.306875 0 0.304791
20130521 715.378      0.999999      0.0410792 0 0.346836 0.30714 0 0.304945
20130522 714.582      0.996758      0.0410846 0 0.346767 0.30748 0 0.304668
20130523 714.622      0.999999      0.0410662 0 0.346968 0.307342 0 0.304624
20130524 716.019      0.700086      0.0410179 0.000105522 0.347938 0.306606 0 0.304332
20130525 716.422      1      0.040969 0.000266204 0.348098 0.306705 0 0.303962
20130526 716.17      0.998174      0.0409415 0.000314904 0.34811 0.306615 0 0.304018
20130527 715.63      0.987997      0.040907 0.000301912 0.348117 0.30674 0 0.303934
20130528 716.178      1      0.0408465 0.000393374 0.347866 0.306558 0.000561555 0.303775
20130529 717.815      0.996418      0.0407801 0.00379725 0.346574 0.305145 0.00123539 0.302468
20130530 738.604      0.996426      0.0395978 0.0119085 0.336931 0.297101 0.0213389 0.293123
20130531 776.383      0.861281      0.0376262 0.012051 0.320251 0.282653 0.0688593 0.27856
20130601 784.199      1      0.0371688 0.0187966 0.316851 0.279459 0.072014 0.27571
20130602 843.22      0.999999      0.0344956 0.0265841 0.294888 0.260009 0.127752 0.25627
20130603 870.271      0.996206      0.0335174 0.0263163 0.286042 0.25235 0.152964 0.24881
20130604 900.839      1      0.0325051 0.0319074 0.276196 0.243525 0.176338 0.239528
20130605 919.135      0.977889      0.0318282 0.0325631 0.270613 0.238295 0.191618 0.235083
20130606 920.117      1      0.0317953 0.0328089 0.270281 0.238532 0.191674 0.234908
20130607 919.302      0.845132      0.0318155 0.0328073 0.270234 0.238537 0.191838 0.234769
20130608 914.908      1      0.0319052 0.0325244 0.27137 0.23644 0.191782 0.235978
20130609 918.68      0.999999      0.0318645 0.0330598 0.270217 0.238526 0.191583 0.23475
20130610 917.797      0.840824      0.0317819 0.0331156 0.270624 0.238858 0.19093 0.234691
20130611 877.884      0.991419      0.033404 0.0345936 0.282611 0.249236 0.160411 0.239744
20130612 810.803      0.897174      0.0361504 0.0374407 0.305534 0.23349 0.174604 0.212781
20130613 914.798      0.681534      0.0319963 0.0331314 0.270457 0.237269 0.192037 0.235109
20130614 916.988      0.842874      0.0319156 0.033066 0.270027 0.237494 0.191248 0.23625
20130615 916.352      0.991421      0.0318852 0.0330948 0.270247 0.237516 0.191352 0.235905
20130616 916.231      1      0.0319653 0.0330749 0.270112 0.237536 0.191454 0.235858
20130617 915.843      0.999999      0.0318412 0.0330872 0.270315 0.237728 0.191046 0.235983
20130618 916.997      1      0.0318567 0.0329921 0.269977 0.237558 0.192023 0.235593
20130619 916.439      0.997091      0.0313973 0.033016 0.269866 0.237953 0.192024 0.235743
20130620 917.045      0.00758129      0.0317925 0.0329767 0.26914 0.238187 0.192094 0.23581
20130621 916.909      0.654207      0.0318366 0.0329565 0.269901 0.238256 0.191751 0.235299
20130622 916.933      0.999999      0.0318419 0.032941 0.269673 0.23826 0.191783 0.2355
20130623 915.344      1      0.0318489 0.0329356 0.269986 0.237985 0.191746 0.235498
20130624 914.566      0.993437      0.0318884 0.0330024 0.269775 0.238217 0.191605 0.235512
20130625 914.348      1      0.0318683 0.0329684 0.269863 0.238182 0.191581 0.235537
20130626 914.675      0.996812      0.0317975 0.0329285 0.270065 0.237841 0.191652 0.235717
20130627 914.795      1      0.0318107 0.0328144 0.270039 0.238336 0.191462 0.235537
20130628 912.919      0.850394      0.0319563 0.0329554 0.269949 0.238089 0.19113 0.23592
20130629 913.71      0.999999      0.0320044 0.0330131 0.269995 0.237747 0.191541 0.235699
20130630 913.449      0.974591      0.0320094 0.0330056 0.26997 0.23743 0.191902 0.235684
20130701 913.348      0.986448      0.0319905 0.0330102 0.269471 0.237679 0.192021 0.235829
20130702 912.863      0.999999      0.0320144 0.033025 0.269587 0.238278 0.19183 0.235265
20130703 914.186      0.990642      0.0319582 0.0329605 0.269753 0.238389 0.191488 0.235452
20130704 913.095      1      0.0319741 0.0325549 0.269768 0.2387 0.191495 0.235508
20130705 913.862      0.840811      0.0319284 0.0329883 0.269922 0.238541 0.191289 0.235331
20130706 913.191      1      0.0319229 0.0329735 0.269911 0.238766 0.191482 0.234945
20130707 912.195      1      0.0319312 0.0330033 0.270022 0.23854 0.191478 0.235026
20130708 912.535      0.997522      0.0319762 0.032982 0.26983 0.238778 0.19115 0.235284
20130709 911.655      1      0.0320317 0.0329773 0.269975 0.238159 0.191624 0.235233
20130710 910.219      0.997623      0.0320606 0.0330049 0.270257 0.237244 0.191787 0.235647
20130711 910.464      0.999999      0.0319666 0.0329828 0.270269 0.237673 0.191564 0.235545
20130712 911.007      0.864735      0.0319795 0.0329625 0.270161 0.238294 0.191468 0.235135
20130713 910.244      0.999999      0.0318869 0.0329583 0.270179 0.238666 0.191489 0.234821
20130714 910.492      1      0.0318514 0.0329905 0.269997 0.238758 0.191367 0.235036
20130715 910.147      0.993441      0.0319213 0.0330176 0.269892 0.239013 0.191438 0.234718
20130716 908.713      0.999999      0.0319514 0.0330536 0.27039 0.238579 0.191381 0.234645
20130717 909.569      0.99523      0.0318725 0.0330207 0.270626 0.237962 0.191386 0.235132
20130718 905.951      1      0.0321023 0.0331414 0.271235 0.23717 0.189809 0.236543
20130719 908.432      0.707157      0.0320776 0.0330414 0.270422 0.237614 0.191349 0.235495
20130720 908.486      0.867916      0.0320865 0.0329979 0.270665 0.237521 0.190988 0.235741
20130721 909.913      0.982925      0.0320354 0.0329617 0.270241 0.239085 0.190476 0.235201
20130722 910.145      0.989821      0.0319894 0.0329363 0.270167 0.238872 0.190979 0.235057
20130723 910.303      1      0.0319825 0.0329144 0.26968 0.23912 0.191197 0.235106
20130724 909.559      0.996249      0.0320172 0.0329318 0.269719 0.239134 0.191108 0.23509
20130725 908.426      0.999999      0.0320197 0.0328146 0.269578 0.238777 0.191528 0.235283
20130726 907.684      0.886876      0.0320219 0.0329288 0.269824 0.238504 0.191425 0.235296
20130727 907.587      0.999999      0.0320349 0.0329456 0.269913 0.238464 0.19118 0.235463
20130728 908.119      0.999999      0.0320768 0.0329575 0.2701 0.238477 0.191146 0.235243
20130729 907.897      0.994603      0.0320396 0.0329613 0.27009 0.238839 0.190866 0.235203
20130730 906.994      1      0.0320639 0.0329627 0.270244 0.238822 0.191146 0.234761
20130731 907.514      0.996277      0.0319689 0.0329326 0.270431 0.238739 0.19085 0.235078
20130801 906.946      1      0.0319943 0.0329426 0.270105 0.238726 0.19116 0.235072
20130802 905.794      0.895667      0.0319224 0.0329498 0.270056 0.238389 0.191141 0.235542
20130803 905.011      0.987971      0.0319203 0.0329832 0.269966 0.23819 0.191136 0.235805
20130804 904.778      0.999595      0.0319216 0.0329696 0.270123 0.238476 0.191004 0.235506
20130805 905.132      0.999465      0.0320663 0.032972 0.270441 0.238412 0.190701 0.235407
20130806 905.33      0.999999      0.0321306 0.0329546 0.27037 0.238235 0.191217 0.235092
20130807 905.732      0.98613      0.0321048 0.0329196 0.2704 0.238952 0.190597 0.235027
20130808 905.88      0.865894      0.0321052 0.032907 0.270258 0.239455 0.190361 0.234915
20130809 904.227      0.87921      0.0320857 0.0329474 0.270432 0.238714 0.191283 0.234539
20130810 906.511      0.97433      0.0320576 0.0328385 0.270123 0.239309 0.190788 0.234883
20130811 905.983      0.999999      0.0320708 0.0328844 0.270166 0.239319 0.190656 0.234904
20130812 905.24      0.996747      0.0321204 0.0328827 0.269928 0.239305 0.190873 0.234892
20130813 895.58      0.998339      0.0323958 0.0332309 0.272814 0.241817 0.18258 0.237163
20130814 810.585      0.998715      0.0357499 0.0366981 0.301041 0.232245 0.171921 0.222344
20130815 793.416      0.999999      0.0365547 0.0375045 0.307064 0.22846 0.175036 0.21538
20130816 855.451      0.716337      0.0339894 0.0347548 0.284711 0.239987 0.161785 0.244773
20130817 869.859      1      0.0333524 0.0341707 0.28017 0.248295 0.160274 0.243737
20130818 870.442      0.999999      0.0333026 0.0341776 0.280472 0.248454 0.159736 0.243857
20130819 900.47      0.996001      0.0322006 0.0329998 0.270776 0.239963 0.188699 0.235362
20130820 902.21      1      0.0321273 0.0328946 0.270253 0.239144 0.190977 0.234604
20130821 900.913      0.996626      0.032102 0.0328943 0.270781 0.23884 0.190793 0.23459
20130822 901.346      1      0.0320224 0.0328858 0.27053 0.238955 0.191024 0.234582
20130823 899.908      0.892426      0.0320263 0.0329678 0.270895 0.238509 0.191011 0.234591
20130824 901.305      1      0.0319915 0.0329185 0.270418 0.238697 0.191057 0.234918
20130825 901.288      1      0.0320565 0.0329567 0.270362 0.238508 0.191031 0.235086
20130826 901.894      0.996869      0.0321325 0.0328889 0.269952 0.239584 0.190743 0.234699
20130827 900.817      1      0.0321575 0.0328915 0.270065 0.239963 0.190694 0.234229
20130828 900.8      0.997164      0.0321661 0.0328511 0.270047 0.239551 0.190542 0.234842
20130829 900.278      1      0.032195 0.0329021 0.270008 0.239193 0.190612 0.23509
20130830 899.465      0.86576      0.0321824 0.0329162 0.269805 0.239197 0.190773 0.235126
20130831 899.341      1      0.0321848 0.0329105 0.270038 0.239133 0.190687 0.235046
20130901 900.093      1      0.0322018 0.0328764 0.27004 0.239599 0.190517 0.234765
20130902 899.945      0.991917      0.0321685 0.0329061 0.270489 0.239517 0.189807 0.235114
20130903 899.207      1      0.0321991 0.0329107 0.270255 0.239178 0.190832 0.234625
20130904 898.825      0.99764      0.0322231 0.0328975 0.269956 0.239123 0.190411 0.23539
20130905 897.009      1      0.0320297 0.0329164 0.27017 0.239173 0.190104 0.235606
20130906 899.306      0.877864      0.0321784 0.0328361 0.27011 0.239574 0.190246 0.235055
20130907 900.487      1      0.032141 0.0328391 0.269973 0.239788 0.190463 0.234795
20130908 899.763      0.997285      0.032181 0.0328451 0.269593 0.239891 0.190652 0.234837
20130909 898.362      0.999999      0.0322364 0.032584 0.269919 0.240007 0.190373 0.234881
20130910 898.676      1      0.0321976 0.0328977 0.269903 0.239804 0.190462 0.234736
20130911 898.502      0.997169      0.0322176 0.0328684 0.269581 0.239885 0.190457 0.234991
20130912 898.064      0.997793      0.0322389 0.0328972 0.269743 0.239579 0.19058 0.234963
20130913 898.122      0.715595      0.0321921 0.0328664 0.269686 0.239685 0.190448 0.235123
20130914 897.741      0.999999      0.0322046 0.0328658 0.269644 0.23973 0.190592 0.234964
20130915 897.61      1      0.0322217 0.0328862 0.26946 0.239948 0.190515 0.234969
20130916 896.589      0.996773      0.0322206 0.032895 0.269943 0.239685 0.190712 0.234544
20130917 894.76      0.999999      0.0322522 0.0329003 0.269266 0.239853 0.190929 0.234799
20130918 850.933      0.995283      0.0338915 0.0346081 0.268547 0.240638 0.188539 0.233776
20130919 748.046      1      0.0385746 0.0394179 0.271994 0.241028 0.183725 0.22526
20130920 747.027      0.765098      0.0385922 0.0394425 0.271771 0.241373 0.183598 0.225223
20130921 747.96      1      0.0384973 0.0393953 0.271571 0.241077 0.183572 0.225887
20130922 739.786      1      0.0367654 0.033589 0.273934 0.243117 0.184883 0.227712
20130923 745.424      0.997129      0.0378759 0.0385885 0.271859 0.241877 0.184319 0.225481
20130924 890.499      0.999999      0.0322057 0.0330848 0.268535 0.240249 0.191446 0.23448
20130925 891.776      0.617564      0.0323491 0.0330352 0.268908 0.23915 0.191288 0.23527
20130926 891.525      0.991353      0.0322139 0.0329931 0.268945 0.239452 0.191362 0.235035
20130927 891.041      0.892611      0.0324023 0.0330227 0.26817 0.239356 0.191655 0.235394
20130928 891.342      1      0.0323672 0.0330227 0.268862 0.239588 0.191234 0.234926
20130929 891.593      1      0.0323582 0.0330216 0.269892 0.23912 0.190843 0.234765
20130930 853.265      0.993947      0.0337938 0.0344811 0.260464 0.251157 0.178287 0.241817
20131001 778.628      1      0.0370715 0.03776 0.259406 0.275641 0.175165 0.214957
20131002 779.589      0.987532      0.0370136 0.0377246 0.259219 0.275363 0.174936 0.215744
20131003 821.191      1      0.0351601 0.0357902 0.247256 0.260912 0.166107 0.254774
20131004 860.394      0.875646      0.033529 0.0341528 0.280485 0.249161 0.159678 0.242994
20131005 892.533      1      0.0322969 0.0329069 0.270603 0.239996 0.1903 0.233898
20131006 891.605      1      0.0322945 0.0329321 0.270877 0.239815 0.190205 0.233876
20131007 891.195      0.99097      0.032268 0.0329115 0.270839 0.240059 0.190077 0.233845
20131008 890.545      0.999999      0.0322759 0.0329324 0.270867 0.239742 0.190127 0.234056
20131009 891.061      0.978354      0.0322626 0.0329226 0.27114 0.238703 0.190424 0.234547
20131010 892.863      0.991367      0.0322348 0.0328359 0.270847 0.238715 0.190417 0.23495
20131011 892.835      0.716715      0.0321419 0.0328305 0.270499 0.239067 0.190377 0.235085
20131012 893.118      1      0.0321196 0.0328134 0.270415 0.239443 0.190538 0.23467
20131013 892.91      1      0.032107 0.0328063 0.270679 0.239307 0.190365 0.234736
20131014 892.102      0.99422      0.0321155 0.032806 0.270574 0.239406 0.19021 0.234889
20131015 892.068      1      0.0320868 0.0328372 0.270705 0.239427 0.190315 0.234629
20131016 884.939      0.997543      0.0246399 0.0330825 0.272837 0.241253 0.19158 0.236607
20131017 863.257      0.89332      0 0.0338967 0.279811 0.246906 0.196603 0.242783
20131018 863.183      0.851801      0 0.0339202 0.280074 0.24677 0.196777 0.242459
20131019 862.295      0.999999      0 0.0339455 0.279751 0.24726 0.196929 0.242115
20131020 862.149      0.999999      0 0.0339363 0.279822 0.247172 0.196912 0.242158
20131021 860.342      0.994214      0 0.0339848 0.279802 0.247418 0.197073 0.241723
20131022 853.519      0.942001      0 0.0342301 0.28227 0.241998 0.198416 0.243086
20131023 860.427      0.99735      0 0.0339417 0.280152 0.246887 0.196697 0.242322
20131024 860.703      1      0 0.0339406 0.279851 0.246516 0.196852 0.24284
20131025 861.626      0.861804      0 0.0338558 0.279522 0.247761 0.19638 0.242481
20131026 860.672      1      0 0.0330541 0.279148 0.248633 0.196714 0.242451
20131027 862.531      1      0 0.0338878 0.279327 0.248424 0.196302 0.242059
20131028 861.562      0.953126      0 0.0339199 0.279034 0.248572 0.196173 0.242302
20131029 861.179      0.999999      0 0.0338867 0.279235 0.24831 0.196344 0.242225
20131030 861.405      0.993523      0 0.0338843 0.279106 0.248401 0.196358 0.242251
20131031 860.943      0.999999      0 0.0339152 0.279215 0.248165 0.196192 0.242513
20131101 860.376      0.855019      0 0.0339212 0.27919 0.248087 0.196221 0.24258
20131102 859.519      1      0 0.0339487 0.279109 0.248059 0.19621 0.242673
20131103 859.355      0.98289      0 0.0339394 0.279043 0.248013 0.196143 0.242861
20131104 859.121      0.988858      0 0.0339208 0.279016 0.247871 0.19617 0.243022
20131105 858.948      0.931366      0 0.0339287 0.279051 0.248032 0.196054 0.242934
20131106 859.001      0.817588      0 0.033917 0.278668 0.247693 0.196797 0.242925
20131107 857.88      1      0 0.0339627 0.27752 0.24829 0.196997 0.243231
20131108 858.56      0.593317      0 0.0339486 0.278368 0.247889 0.196786 0.243009
20131109 858.276      0.929152      0 0.0339087 0.27864 0.247799 0.196688 0.242964
20131110 858.228      1      0 0.0339191 0.278896 0.247778 0.196677 0.242729
20131111 857.307      0.993519      0 0.0338491 0.279143 0.247741 0.196556 0.242711
20131112 856.469      1      0 0.0339027 0.278807 0.247618 0.196729 0.242944
20131113 855.204      0.992667      0 0.033935 0.278706 0.247761 0.196534 0.243064
20131114 852.321      1      0 0.0340913 0.279696 0.248582 0.197633 0.239997
20131115 856.485      0.711464      0 0.0339404 0.279542 0.247248 0.19659 0.242679
20131116 857.302      0.851605      0 0.0338708 0.280418 0.247172 0.196308 0.242231
20131117 856.514      0.9406      0 0.0338931 0.28053 0.24705 0.196285 0.242241
20131118 855.044      0.995165      0 0.0339279 0.280916 0.246773 0.196595 0.241789
20131119 853.958      0.943619      0 0.0339929 0.28112 0.246269 0.196844 0.241774
20131120 854.326      0.996554      0 0.0339939 0.281302 0.245421 0.196665 0.242619
20131121 799.569      0.999999      0 0.0363281 0.300397 0.194602 0.21008 0.258593
20131122 643.166      0.853658      0 0.0451645 0.372653 0 0.261087 0.321096
20131123 642.078      1      0 0.0452057 0.372199 0 0.261031 0.321565
20131124 642.571      0.999999      0 0.0451367 0.372411 0 0.260715 0.321737
20131125 641.906      0.992469      0 0.0451746 0.372737 0 0.260399 0.32169
20131126 642.743      0.951462      0 0.0450938 0.37228 0 0.261232 0.321394
20131127 643.545      0.0874637      0 0.0450795 0.371924 0 0.260931 0.322066