20111224 673.049      0.379193      0.0430334 0.0447819 0.340771 0 0.255735 0.315679
20111225 672.727      0.999999      0.0430597 0.0447801 0.34077 0 0.255823 0.315567
20111226 672.515      0.959781      0.0431005 0.0447888 0.34065 0 0.255741 0.31572
20111227 672.537      0.999999      0.0430868 0.0447486 0.340869 0 0.255639 0.315656
20111228 672.474      0.986108      0.0430795 0.0447321 0.34102 0 0.255601 0.315567
20111229 672.057      0.999999      0.0430982 0.0447415 0.340807 0 0.255565 0.315788
20111230 671.942      0.648227      0.0431145 0.0447446 0.341005 0 0.255638 0.315498
20111231 671.476      0.99499      0.0431161 0.0447452 0.340998 0 0.255324 0.315817
20120101 671.403      0.999999      0.0431157 0.0447281 0.341048 0 0.255457 0.315651
20120102 671.109      0.996978      0.0431085 0.0447318 0.340992 0 0.255549 0.315619
20120103 671.784      0.998822      0.0430724 0.0447124 0.341244 0 0.255619 0.315352
20120104 671.422      1      0.0430559 0.0447702 0.341044 0 0.255767 0.315363
20120105 668.436      0.98049      0.0432333 0.0449286 0.34245 0 0.25287 0.316518
20120106 670.523      0.643923      0.0430233 0.0447739 0.341198 0 0.255801 0.315204
20120107 670.458      1      0.0430203 0.0447528 0.341249 0 0.255663 0.315315
20120108 671.271      0.991048      0.0429289 0.044698 0.341109 0.00124374 0.255213 0.314808
20120109 672.018      1      0.0428275 0.0445219 0.340103 0.00324349 0.254865 0.314438
20120110 716.511      0.894815      0.0402401 0.041837 0.318541 0.0655143 0.239178 0.29469
20120111 738.767      0.999999      0.0391637 0.0405717 0.309167 0.0935943 0.231807 0.285697
20120112 772.784      0.869311      0.037447 0.038778 0.295271 0.133806 0.221584 0.273114
20120113 834.858      0.795002      0.0346288 0.0358706 0.272419 0.19949 0.204957 0.252635
20120114 841.303      0.69242      0.0343949 0.035593 0.269981 0.205495 0.203379 0.251157
20120115 882.397      1      0.0327716 0.0339313 0.257385 0.242844 0.193776 0.239292
20120116 888.498      0.700137      0.0325403 0.0336716 0.255626 0.248098 0.192442 0.237622
20120117 843.519      0.916869      0.0342696 0.0354582 0.269405 0.260755 0.203379 0.196733
20120118 843.535      0.60725      0.0342551 0.0354352 0.269305 0.260895 0.203233 0.196878
20120119 837.898      0.646509      0.0344923 0.0356743 0.270969 0.26569 0.195213 0.197962
20120120 776.017      0.585041      0.037241 0.0384882 0.22755 0.287169 0.195951 0.213601
20120121 585.966      0.856511      0.0492814 0.050979 0 0.364149 0.252663 0.282927
20120122 548.482      0.92513      0.0526325 0.0544355 0 0.343431 0.246805 0.302696
20120123 548.013      0.958132      0.0526059 0.0544567 0 0.34382 0.246921 0.302197
20120124 548.188      1      0.0525052 0.0544212 0 0.343627 0.247639 0.301808
20120125 548.114      0.994308      0.0525319 0.0543922 0 0.343575 0.247887 0.301614
20120126 548.867      0.99763      0.0525059 0.0543321 0 0.342948 0.247541 0.302673
20120127 657.178      0.992536      0.0438583 0.0453811 0 0.33679 0.254874 0.319097
20120128 661.353      0.662618      0.0435787 0.0450632 0 0.336431 0.257423 0.317504
20120129 661.347      0.884563      0.0435801 0.0450477 0 0.336684 0.257464 0.317224
20120130 660.949      0.862039      0.0435852 0.0450732 0 0.336553 0.257457 0.317331
20120131 659.304      0.912761      0.0437071 0.0451844 0 0.337271 0.258267 0.31557
20120201 649.627      0.996944      0.0443723 0.0450866 0 0.342139 0.254168 0.314234
20120202 660.391      0.999999      0.0436537 0.045102 0 0.336059 0.257932 0.317253
20120203 660.205      0.758652      0.0436359 0.045103 0 0.336286 0.257731 0.317245
20120204 660.095      0.995324      0.0436562 0.0451035 0 0.336518 0.257529 0.317194
20120205 659.576      1      0.0436771 0.0451005 0 0.336288 0.257759 0.317175
20120206 659.415      0.763575      0.0436539 0.0451045 0 0.336225 0.257701 0.317316
20120207 659.026      0.999999      0.0436583 0.045107 0 0.336385 0.257587 0.317263
20120208 659.102      0.961089      0.043647 0.0450958 0 0.336399 0.257664 0.317195
20120209 659.063      1      0.0436583 0.0450268 0 0.336509 0.257597 0.317209
20120210 697.477      0.668071      0.0412634 0.0425876 0.0552495 0.31802 0.24326 0.299619
20120211 733.491      0.996913      0.0391904 0.0404869 0.102112 0.30215 0.23124 0.284821
20120212 763.266      0.999999      0.0376787 0.0388905 0.137005 0.290788 0.222136 0.273501
20120213 839.867      0.995932      0.0342278 0.0353152 0.216004 0.264166 0.201559 0.248729
20120214 843.11      0.999999      0.0340464 0.0351908 0.219321 0.262735 0.200906 0.2478
20120215 873.647      0.995941      0.0328443 0.0339596 0.246631 0.253571 0.193891 0.239102
20120216 901.413      0.999999      0.0318306 0.0329044 0.269929 0.245751 0.187875 0.231711
20120217 903.034      0.682744      0.0318491 0.0328233 0.271525 0.245059 0.187556 0.231188
20120218 902.087      0.918068      0.0318949 0.0328482 0.271346 0.244941 0.187582 0.231388
20120219 901.341      0.999999      0.0307959 0.0328694 0.271704 0.245395 0.187747 0.231489
20120220 902.3      0.994969      0.0318587 0.0328216 0.271995 0.244991 0.187157 0.231177
20120221 902.393      0.988368      0.0318843 0.0328141 0.27186 0.24503 0.18741 0.231002
20120222 902.623      0.996777      0.031889 0.0327925 0.271562 0.245266 0.187457 0.231034
20120223 890.084      0.999999      0.0323234 0.0332543 0.27531 0.236831 0.189652 0.232629
20120224 899.39      0.711155      0.0319613 0.0329018 0.272472 0.243089 0.187881 0.231694
20120225 900.583      0.996608      0.0319225 0.0328428 0.271973 0.244525 0.187529 0.231208
20120226 900.473      1      0.0318825 0.0328387 0.271835 0.244894 0.187564 0.230985
20120227 900.584      0.995151      0.0318726 0.0328104 0.271462 0.245361 0.187425 0.231069
20120228 900.29      0.999999      0.0318363 0.0328513 0.271598 0.245519 0.187349 0.230846
20120229 900.007      0.990408      0.0318324 0.0328734 0.271722 0.245448 0.187256 0.230868
20120301 894.844      0.988274      0.0320093 0.0330473 0.272946 0.24156 0.188424 0.232014
20120302 899.519      0.720661      0.0319179 0.0328581 0.271565 0.245441 0.187648 0.23057
20120303 898.83      0.996413      0.0319039 0.032905 0.271454 0.245265 0.18755 0.230922
20120304 898.693      0.988272      0.0319161 0.0329003 0.271339 0.245393 0.187648 0.230803
20120305 898.315      0.996409      0.0319147 0.0329113 0.271493 0.245086 0.18753 0.231065
20120306 898.489      0.999999      0.0319174 0.0329091 0.271454 0.245264 0.187605 0.230851
20120307 898.137      0.99346      0.0318937 0.0329064 0.271388 0.24541 0.187508 0.230895
20120308 897.227      0.968978      0.0319319 0.0329107 0.271145 0.245473 0.187655 0.230885
20120309 895.814      0.673689      0.0319506 0.0329515 0.27053 0.245361 0.187949 0.231258
20120310 895.98      0.996966      0.0319453 0.0329528 0.270588 0.245379 0.187905 0.231229
20120311 895.593      0.999999      0.0319576 0.0329516 0.270561 0.24538 0.187888 0.231262
20120312 896.268      0.988008      0.0319302 0.0329167 0.27107 0.245478 0.187678 0.230927
20120313 895.505      0.966543      0.031959 0.0329318 0.271574 0.245143 0.187742 0.230651
20120314 896.189      0.966728      0.0319009 0.03289 0.271604 0.245131 0.187649 0.230826
20120315 895.22      0.999999      0.0318854 0.0329032 0.271539 0.245111 0.187701 0.230861
20120316 895.793      0.748038      0.0319104 0.032912 0.271367 0.245486 0.187491 0.230833
20120317 895.49      0.999999      0.0319357 0.0329133 0.271298 0.245547 0.187603 0.230703
20120318 895.255      0.999999      0.0319589 0.0329261 0.271308 0.245513 0.187563 0.230732
20120319 894.704      0.962938      0.0319873 0.0329318 0.271278 0.245681 0.187333 0.230789
20120320 894.934      0.999999      0.0319732 0.0329258 0.271089 0.245461 0.187592 0.230959
20120321 895.057      0.986285      0.0319655 0.0329049 0.271255 0.245216 0.187591 0.231068
20120322 893.56      0.893798      0.0320226 0.0329444 0.270854 0.245155 0.187733 0.231291
20120323 894.857      0.671624      0.0319608 0.0328626 0.271631 0.245105 0.187506 0.230935
20120324 894.315      0.965108      0.0319729 0.0328875 0.271543 0.24504 0.187636 0.230921
20120325 894.186      0.988335      0.031991 0.032877 0.271628 0.245083 0.187505 0.230915
20120326 893.272      0.996376      0.0320256 0.0329137 0.271168 0.245237 0.187618 0.231037
20120327 893.29      0.992732      0.032022 0.0329105 0.271143 0.245321 0.187686 0.230918
20120328 892.941      1      0.0319895 0.0329041 0.271136 0.24538 0.187681 0.23091
20120329 886.658      0.98515      0.0321729 0.0331242 0.266067 0.247222 0.188915 0.232499
20120330 892.136      0.676968      0.0319135 0.0329201 0.271213 0.245185 0.187827 0.230942
20120331 892.213      0.990991      0.0318975 0.0329249 0.271006 0.245268 0.187979 0.230923
20120401 891.827      0.965131      0.0320646 0.0329351 0.270903 0.24537 0.187792 0.230936
20120402 891.799      0.964967      0.0320756 0.03292 0.271355 0.245092 0.187738 0.230818
20120403 857.33      0.992148      0.0333697 0.0342599 0.265959 0.242779 0.18302 0.240612
20120404 776.519      1      0.0368348 0.0378178 0.256259 0.23291 0.170592 0.265587
20120405 888.643      0.996387      0.0321887 0.0330569 0.271169 0.243447 0.188139 0.231999
20120406 890.241      0.673708      0.0321095 0.0330157 0.270477 0.244977 0.187998 0.231422
20120407 890.831      0.000108383      0.0320573 0.032985 0.270087 0.24494 0.187972 0.231959
20120408 860.017      0.566964      0 0.0340691 0.279525 0.252631 0.19448 0.239294
20120409 861.16      0.923905      0 0.0340171 0.279245 0.253528 0.194229 0.238981
20120410 823.149      0.993055      0 0.0356075 0.274174 0.249349 0.198727 0.242142
20120411 859.424      0.999999      0 0.0341014 0.279129 0.252115 0.194928 0.239726
20120412 863.218      0.991101      0 0.0339955 0.279972 0.253066 0.194221 0.238746
20120413 863.14      0.711747      0 0.0340185 0.280163 0.253049 0.194101 0.238669
20120414 863.04      0.964266      0 0.0339696 0.280043 0.253101 0.19411 0.238776
20120415 862.618      0.997178      0 0.0339419 0.280072 0.253231 0.194 0.238755
20120416 861.584      0.999999      0 0.0339722 0.280375 0.253569 0.193151 0.238933
20120417 862.26      0.99244      0 0.0339481 0.279997 0.252915 0.194073 0.239067
20120418 861.809      0.999999      0 0.0339292 0.279544 0.253316 0.193975 0.239235
20120419 861.221      0.995911      0 0.0339147 0.279316 0.253465 0.19405 0.239254
20120420 861.187      0.742737      0 0.0339614 0.27932 0.253391 0.19407 0.239257
20120421 861.132      1      0 0.0339961 0.279345 0.253392 0.194063 0.239203
20120422 861.335      0.993402      0 0.0339822 0.279216 0.253134 0.1943 0.239367
20120423 861.012      0.999999      0 0.033956 0.279527 0.253306 0.194202 0.239009
20120424 859.687      0.995926      0 0.0335304 0.279336 0.253619 0.194399 0.239114
20120425 859.84      1      0 0.0339869 0.279223 0.253122 0.194323 0.239346
20120426 860.423      0.988323      0 0.0339837 0.27961 0.252748 0.194241 0.239417
20120427 859.785      0.660905      0 0.0339818 0.279613 0.252835 0.194202 0.239368
20120428 859.667      0.999999      0 0.0339757 0.279534 0.252842 0.194142 0.239506
20120429 832.351      0.954536      0 0.0351085 0.271462 0.245937 0.20046 0.247032
20120430 769.315      0.999999      0 0.0379628 0.257157 0.234026 0.203439 0.267415
20120501 747.757      0.898403      0 0.0390356 0.265981 0.241595 0.178455 0.274934
20120502 857.532      1      0 0.0340534 0.279197 0.252063 0.194783 0.239902
20120503 858.851      0.993263      0 0.0339917 0.27944 0.25184 0.194912 0.239816
20120504 860.079      0.667744      0 0.033921 0.278779 0.252411 0.194903 0.239986
20120505 859.825      0.999999      0 0.0339141 0.278924 0.252776 0.194701 0.239685
20120506 859.562      0.831922      0 0.0339104 0.279091 0.252613 0.194718 0.239668
20120507 859.622      0.999999      0 0.0338912 0.278981 0.252689 0.194813 0.239626
20120508 858.953      0.999999      0 0.0339118 0.278835 0.252807 0.195089 0.239357
20120509 808.033      1      0 0.0360127 0.296746 0.268816 0.206865 0.191561
20120510 653.763      1      0 0.0445304 0.367074 0.332164 0.256231 0
20120511 653.176      0.661277      0 0.0445742 0.366704 0.332332 0.25639 0
20120512 652.895      0.999999      0 0.044496 0.366912 0.332157 0.256435 0
20120513 652.282      0.993388      0 0.0445551 0.366721 0.332544 0.25618 0
20120514 652.146      0.999999      0 0.0445883 0.366309 0.332498 0.256604 0
20120515 652.082      0.992309      0 0.0446239 0.365964 0.332578 0.256834 0
20120516 651.445      0.941015      0 0.044661 0.36594 0.332842 0.256557 0
20120517 651.85      0.95714      0 0.0442918 0.366474 0.332385 0.256849 0
20120518 651.959      0.701903      0 0.0445772 0.366948 0.331997 0.256478 0
20120519 651.823      0.974348      0 0.0445689 0.367392 0.331565 0.256475 0
20120520 651.675      0.85786      0 0.0445836 0.367424 0.331474 0.256518 0
20120521 651.347      0.754707      0 0.044601 0.367292 0.331583 0.256524 0
20120522 650.604      0.57974      0 0.0445466 0.367456 0.331411 0.256586 0
20120523 650.207      0.919213      0 0.0445984 0.367575 0.331038 0.256788 0
20120524 649.546      0.854564      0 0.0447215 0.368043 0.330484 0.256752 0
20120525 651.369      0.609403      0 0.0446766 0.367102 0.33206 0.256161 0
20120526 651.358      0.807962      0 0.0446033 0.367272 0.331992 0.256133 0
20120527 651.105      0.678577      0 0.04456 0.366829 0.332298 0.256312 0
20120528 650.63      0.75114      0 0.0446111 0.366974 0.332162 0.256253 0
20120529 650.685      0.0412463      0 0.044579 0.367242 0.33237 0.255809 0
20120530 650.124      0.742292      0 0.0445659 0.366455 0.3324 0.256579 0
20120531 650.113      0.951675      0 0.0445917 0.366319 0.332748 0.256342 0
20120601 649.664      0.882206      8.91834e-05 0.0446154 0.366338 0.332361 0.256597 0
20120602 655.602      1      0.00947235 0.044149 0.362638 0.329507 0.254234 0
20120603 658.194      0.999999      0.0148844 0.0440366 0.360488 0.327671 0.25292 0
20120604 662.954      0.995068      0.0221749 0.0436835 0.357789 0.325506 0.250847 0
20120605 673.031      0.946236      0.0349677 0.0429535 0.353685 0.320847 0.247547 0
20120606 674.081      0.99518      0.0358418 0.0430071 0.353906 0.320438 0.246808 0
20120607 679.867      0.987977      0.0447261 0.0426526 0.350831 0.316919 0.244871 0
20120608 679.582      0.0396372      0.0459112 0.042568 0.349961 0.316287 0.245273 0
20120609 679.762      0      0.0460042 0.042546 0.350586 0.315986 0.244878 0
20120610 679.696      0      0.0459789 0.0425479 0.350734 0.315869 0.24487 0
20120611 680.156      0      0.0462718 0.0424963 0.351547 0.315319 0.244366 0
20120612 680.444      0      0.0462016 0.0424602 0.35174 0.315355 0.244243 0
20120613 679.753      0      0.0463196 0.0425331 0.350529 0.316108 0.24451 0
20120614 679.834      0      0.0462658 0.0425143 0.3502 0.316598 0.244422 0
20120615 680.197      0.568441      0.0462404 0.042585 0.349692 0.317158 0.244325 0
20120616 658.526      0.999999      0.0478623 0.0439481 0.345732 0.315134 0.247324 0
20120617 597.857      0.999999      0.0526326 0.0484088 0.337602 0.304989 0.256368 0
20120618 602.662      0.990536      0.0520992 0.0479023 0.338398 0.306841 0.254759 0
20120619 602.869      0.797147      0.052147 0.0476542 0.338551 0.30713 0.254517 0
20120620 601.953      0.988554      0.0522457 0.0480083 0.338318 0.307201 0.254227 0
20120621 602.673      0.999999      0.0521297 0.0479124 0.338557 0.306995 0.254406 0
20120622 601.309      0.577648      0.0521585 0.0479489 0.338097 0.306902 0.254894 0
20120623 601.398      0.999999      0.0521612 0.0479262 0.338478 0.306803 0.254631 0
20120624 600.974      0.999999      0.0519387 0.0479578 0.338299 0.306892 0.254912 0
20120625 596.243      0.618954      0.0525916 0.0483143 0.337964 0.306387 0.254744 0
20120626 586.826      0.684387      0.0534574 0.0491356 0.337161 0.306074 0.254172 0
20120627 627.051      1      0.0500907 0.0460461 0.342496 0.311343 0.250024 0
20120628 676.41      0.984237      0.0456675 0.042636 0.350241 0.317304 0.244151 0
20120629 676.851      0.617901      0.0463552 0.0425705 0.349914 0.317015 0.244145 0
20120630 675.574      0.988925      0.046328 0.0425704 0.349176 0.316915 0.245011 0
20120701 676.534      0.995076      0.0463134 0.0425963 0.349591 0.316771 0.244728 0
20120702 675.224      0.999999      0.0463224 0.04257 0.349721 0.31634 0.245047 0
20120703 675.184      0.952789      0.0463033 0.0426172 0.349816 0.316468 0.244795 0
20120704 674.625      1      0.045578 0.0426452 0.349772 0.317067 0.244938 0
20120705 675.053      0.999999      0.04612 0.0425314 0.349554 0.316929 0.244866 0
20120706 675.967      0.624221      0.04624 0.0425912 0.35015 0.317055 0.243964 0
20120707 675.193      0.996668      0.0457748 0.0426257 0.350189 0.317535 0.243875 0
20120708 675.274      0.992918      0.0456909 0.0425597 0.350328 0.317512 0.243909 0
20120709 674.718      0.959171      0.0449542 0.0425898 0.350693 0.317811 0.243951 0
20120710 674.503      0.999999      0.0445439 0.0424951 0.350951 0.317893 0.244117 0
20120711 674.548      0.454187      0.0447144 0.0425551 0.350956 0.317893 0.243881 0
20120712 673.206      0.927566      0.0443272 0.042609 0.351184 0.317797 0.244082 0
20120713 674.894      0.687694      0.0458997 0.0424713 0.350264 0.317285 0.244079 0
20120714 675.254      0.999999      0.0460969 0.0424883 0.350034 0.316674 0.24371 0.000996399
20120715 676.394      0.998935      0.0459468 0.0423571 0.34896 0.315938 0.242878 0.0039197
20120716 690.295      0.985137      0.0449627 0.0415392 0.341886 0.309766 0.238124 0.0237219
20120717 735.305      0.999999      0.0421885 0.0390257 0.321107 0.29004 0.223901 0.0837382
20120718 745.442      0.996201      0.0416462 0.0385081 0.316789 0.286475 0.220633 0.0959485
20120719 810.823      0.892516      0.0368437 0.0353821 0.29058 0.263429 0.203221 0.170544
20120720 835.153      0.744309      0.0359111 0.0343816 0.282282 0.256331 0.197049 0.194046
20120721 849.688      0.999999      0.0365674 0.0337596 0.277169 0.251996 0.193718 0.20679
20120722 879.266      0.999999      0.0353736 0.0326192 0.267711 0.243524 0.187055 0.233716
20120723 847.494      0.966303      0.0366518 0.0338308 0.25448 0.232351 0.19315 0.249536
20120724 742.736      0.999999      0.0407187 0.0385211 0.24682 0.224529 0.219326 0.230085
20120725 769.724      0.997108      0.0394084 0.0372065 0.255277 0.231461 0.211419 0.225229
20120726 788.876      0.988711      0.0391043 0.0362971 0.248398 0.225786 0.20596 0.244454
20120727 809.443      0.711427      0.0375026 0.0354023 0.241402 0.219419 0.200608 0.265665
20120728 812.106      0.00902424      0.0380649 0.035303 0.240778 0.218925 0.200363 0.266566
20120729 812.035      0      0.0380356 0.0352344 0.242069 0.218924 0.199486 0.266251
20120730 876.728      0      0.0349434 0.0326012 0.266627 0.240543 0.182991 0.242294
20120731 841.764      0      0.0366765 0.0339738 0.277378 0.25214 0.142685 0.257146
20120801 721.891      0      0.042882 0.0396175 0.323932 0.293661 0 0.299908
20120802 724.105      0      0.0427821 0.0395191 0.324874 0.293868 0 0.298957
20120803 724.404      0      0.042737 0.0394987 0.325129 0.294388 0 0.298247
20120804 724.954      0      0.0427023 0.0394417 0.324814 0.294587 0 0.298455
20120805 725.123      0      0.0427124 0.0394245 0.324527 0.294831 0 0.298504
20120806 724.741      0      0.0427412 0.0394637 0.324543 0.294829 0 0.298423
20120807 724.064      0      0.0427656 0.0394956 0.324852 0.294883 0 0.298003
20120808 724.046      0      0.0427508 0.0394839 0.324666 0.294923 0 0.298176
20120809 723.391      0      0.0427053 0.0394661 0.324888 0.294765 0 0.298175
20120810 723.378      0      0.0426559 0.0394697 0.325064 0.294516 0 0.298295
20120811 723.348      0      0.0426963 0.0394986 0.324855 0.294878 0 0.298072
20120812 723.23      0      0.0427048 0.0392248 0.325146 0.294846 0 0.298078
20120813 723.382      0      0.0426841 0.0394436 0.32521 0.294949 0 0.297713
20120814 722.866      0      0.0427504 0.0394935 0.325053 0.294948 0 0.297754
20120815 722.307      0      0.0427588 0.0395241 0.325038 0.295008 0 0.297671
20120816 686.007      0      0.0449434 0.0415535 0.323173 0.29595 0 0.29438
20120817 608.161      0      0.0506737 0.046916 0.323292 0.293911 0 0.285207
20120818 605.918      0      0.0508219 0.0470905 0.32322 0.294005 0 0.284863
20120819 605.99      0      0.0508756 0.047084 0.323434 0.294095 0 0.284511
20120820 713.611      0      0.0432319 0.0399861 0.326224 0.297007 0 0.293551
20120821 719.869      0      0.0428189 0.03963 0.324031 0.295398 0 0.298122
20120822 720.031      0      0.0427444 0.0395972 0.323682 0.29549 0 0.298486
20120823 719.799      0      0.042851 0.039639 0.324632 0.294124 0 0.298754
20120824 721.015      0      0.0427147 0.0395472 0.325242 0.294562 0 0.297935
20120825 720.847      0      0.0426771 0.039574 0.324785 0.29486 0 0.298104
20120826 720.105      0      0.0426879 0.0395566 0.325326 0.294157 0 0.298272
20120827 720.089      0      0.0426904 0.0395212 0.325187 0.294369 0 0.298232
20120828 719.513      0      0.0427428 0.0395392 0.325139 0.294691 0 0.297888
20120829 719.83      0      0.0427101 0.0395458 0.325312 0.294539 0 0.297893
20120830 719.61      0      0.0427333 0.0395767 0.325411 0.294428 0 0.297851
20120831 720.655      0      0.0426695 0.0395269 0.32544 0.294839 0 0.297525
20120901 720.564      0      0.0426505 0.0395299 0.325341 0.295057 0 0.297422
20120902 720.505      0      0.0426433 0.039531 0.325137 0.295365 0 0.297324
20120903 719.962      0      0.042674 0.0395527 0.325024 0.295305 0 0.297444
20120904 719.87      0      0.0425869 0.0395118 0.325114 0.294983 0.000680834 0.297123
20120905 734.287      0      0.041803 0.0387487 0.318189 0.289426 0.0201226 0.29171
20120906 773.799      0      0.0396367 0.0367564 0.302301 0.274803 0.0699007 0.276602
20120907 782.629      0      0.0392325 0.0363748 0.298607 0.271553 0.0807166 0.273516
20120908 835.739      0      0.0367324 0.0340569 0.279794 0.254145 0.139194 0.256077
20120909 850.17      0      0.0360864 0.0334743 0.274715 0.249654 0.15426 0.25181
20120910 885.297      0      0.0346544 0.0321187 0.263363 0.23988 0.188486 0.241498
20120911 892.833      0      0.0343522 0.0318659 0.260912 0.237788 0.195722 0.23936
20120912 892.236      0      0.0343154 0.0318859 0.26083 0.237773 0.195738 0.239458
20120913 888.312      0      0.0344776 0.0320321 0.262415 0.238678 0.195743 0.236655
20120914 881.565      0      0.0346797 0.0321831 0.264848 0.240284 0.186186 0.241819
20120915 858.929      0      0.035596 0.0330691 0.272018 0.246806 0.16462 0.247891
20120916 858.151      0      0.0356311 0.0330686 0.272072 0.24665 0.164619 0.24796
20120917 871.715      0      0.0351009 0.0325529 0.267873 0.242453 0.177757 0.244264
20120918 890.495      0      0.0343501 0.0318927 0.261883 0.237069 0.195442 0.239363
20120919 891.255      0      0.0342744 0.0318722 0.261987 0.236931 0.195512 0.239424
20120920 889.993      0      0.0343304 0.0319185 0.261219 0.237218 0.195766 0.239548
20120921 887.25      0      0.0344402 0.0320032 0.262987 0.238162 0.192239 0.240169
20120922 722.349      0      0.0422577 0.0393042 0.323129 0.292553 0.0085117 0.294244
20120923 747.017      0      0.0408773 0.0380087 0.312293 0.282195 0.0421185 0.284508
20120924 885.686      0      0.0344668 0.0320529 0.263469 0.238021 0.191799 0.240192
20120925 889.875      0      0.0343261 0.0318969 0.262015 0.237751 0.195447 0.238563
20120926 890.005      0      0.0342977 0.0318403 0.261911 0.237915 0.195163 0.238873
20120927 889.725      0      0.0342661 0.031898 0.262004 0.237786 0.195142 0.238904
20120928 878.169      0      0.0347168 0.0323137 0.252819 0.240954 0.197461 0.241736
20120929 821.595      0      0.0371518 0.0345017 0.236681 0.245331 0.199557 0.246777
20120930 728.289      0      0.0418686 0.0388861 0.25482 0.243195 0.188806 0.232424
20121001 737.356      0      0.041392 0.0384282 0.263561 0.239104 0.18784 0.229676
20121002 769.717      0      0.0396393 0.0367966 0.252495 0.270277 0.18038 0.220413
20121003 774.65      0      0.0393813 0.0365373 0.250669 0.272459 0.17903 0.221923
20121004 814.845      0      0.0374192 0.0347254 0.238258 0.259048 0.170329 0.260221
20121005 847.141      0      0.0359825 0.0333823 0.229606 0.249325 0.201353 0.250352
20121006 885.966      0      0.0344157 0.0319267 0.260901 0.238241 0.195046 0.23947
20121007 885.764      0      0.0343946 0.0319285 0.260764 0.237829 0.195633 0.239451
20121008 885.951      0      0.0343884 0.0319252 0.26116 0.237558 0.195655 0.239314
20121009 887.115      0      0.0343235 0.0318789 0.262188 0.237741 0.195212 0.238657
20121010 887.039      0      0.0342619 0.0318471 0.262408 0.237236 0.195383 0.238864
20121011 886.733      0      0.0342699 0.0318274 0.26241 0.23731 0.195318 0.238865
20121012 886.593      0      0.0343035 0.0318696 0.262474 0.23714 0.195389 0.238823
20121013 885.279      0      0.0343516 0.0318955 0.262697 0.237096 0.195608 0.238352
20121014 885.146      0      0.0343371 0.0318744 0.262838 0.237052 0.195421 0.238478
20121015 885.491      0      0.0343209 0.0317567 0.262932 0.237576 0.195106 0.238308
20121016 885.417      0      0.0340409 0.0317344 0.262591 0.238048 0.19519 0.238396
20121017 885.611      0      0.0342617 0.0317405 0.26228 0.238169 0.194984 0.238565
20121018 886.272      0      0.0342563 0.0318283 0.262081 0.238196 0.194927 0.238712
20121019 885.765      0.531877      0.0342448 0.0318649 0.262017 0.238164 0.195161 0.238548
20121020 885.774      1      0.0342554 0.0318534 0.262163 0.238058 0.195103 0.238567
20121021 884.776      1      0.0343007 0.0318758 0.261924 0.237888 0.195294 0.238717
20121022 885.026      0.942339      0.0342898 0.0318991 0.262272 0.237626 0.195243 0.23867
20121023 883.886      1      0.0343496 0.0319535 0.262054 0.23797 0.195213 0.23846
20121024 882.496      0.990704      0.0343569 0.0319967 0.262336 0.238059 0.194016 0.239236
20121025 883.523      1      0.0343395 0.0319474 0.261951 0.237805 0.195157 0.238799
20121026 882.771      0.628956      0.034345 0.0319282 0.261944 0.237822 0.195084 0.238877
20121027 883.978      1      0.0343132 0.0318846 0.261806 0.238149 0.195148 0.2387
20121028 882.856      0.995999      0.0343318 0.0318673 0.261674 0.238151 0.195237 0.238739
20121029 882.134      0.999999      0.0343329 0.031843 0.26177 0.23841 0.194786 0.238858
20121030 880.342      1      0.0344062 0.0318856 0.262155 0.238734 0.19393 0.23889
20121031 878.993      0.996293      0.0343993 0.0318913 0.262239 0.238769 0.193738 0.238964
20121101 870.298      1      0.0347276 0.0318747 0.264956 0.240949 0.186258 0.241235
20121102 846.333      0.729024      0.0357668 0.0331127 0.273683 0.247991 0.16069 0.248757
20121103 846.142      1      0.0357658 0.0331297 0.27344 0.248182 0.160621 0.248862
20121104 845.696      0.989556      0.0357801 0.0331046 0.273705 0.247869 0.160775 0.248766
20121105 827.809      0.984965      0.0365277 0.0339554 0.271904 0.252947 0.164448 0.240218
20121106 782.172      0      0.03867 0.0360158 0.271493 0.267369 0.174031 0.212421
20121107 782.153      0.983059      0.0386241 0.0359963 0.271364 0.267252 0.174211 0.212553
20121108 781.373      0.999999      0.0386183 0.0360643 0.270947 0.267633 0.174154 0.212584
20121109 781.529      0.626043      0.0385926 0.0361001 0.270816 0.267473 0.174275 0.212743
20121110 780.818      0.981261      0.038659 0.0360923 0.271153 0.267267 0.173983 0.212846
20121111 780.292      0.999999      0.0386654 0.0360897 0.271045 0.267307 0.174105 0.212788
20121112 779.784      0.987096      0.0386727 0.0360846 0.271124 0.267444 0.173979 0.212696
20121113 779.843      0.999999      0.0386625 0.0360715 0.271251 0.26723 0.17405 0.212736
20121114 780.739      0.989641      0.0386128 0.0360501 0.27142 0.267579 0.173857 0.212482
20121115 800.041      0.999999      0.0376635 0.0351533 0.264613 0.262535 0.182491 0.217544
20121116 877.325      0.656548      0.0343172 0.0320028 0.26228 0.239592 0.195065 0.236743
20121117 878.275      1      0.0342776 0.0319959 0.263089 0.239262 0.19507 0.236305
20121118 878.149      0.99897      0.0343192 0.0319984 0.262144 0.239195 0.194833 0.23751
20121119 876.901      0.796493      0.0343914 0.0320629 0.26171 0.239489 0.194017 0.23833
20121120 876.425      1      0.0343946 0.0320797 0.262564 0.23925 0.193711 0.238001
20121121 876.6      0.983431      0.0343515 0.0320176 0.262297 0.239053 0.194171 0.23811
20121122 873.206      0.967072      0.0344893 0.0321491 0.26451 0.23409 0.195792 0.23897
20121123 877.726      0.67745      0.0342769 0.0319789 0.263383 0.238177 0.194668 0.237516
20121124 877.707      1      0.0342642 0.031955 0.263297 0.238518 0.194458 0.237508
20121125 877.454      0.999999      0.0342703 0.0319406 0.263313 0.238579 0.194375 0.237522
20121126 876.678      0.989762      0.0342836 0.0319424 0.263405 0.238215 0.194363 0.237791
20121127 875.608      0.999999      0.0343379 0.0319649 0.263289 0.237753 0.194776 0.237879
20121128 875.67      0.99702      0.0343162 0.0319248 0.263258 0.23816 0.194577 0.237763
20121129 876.309      1      0.034283 0.0319624 0.263795 0.238147 0.194288 0.237524
20121130 875.923      0.699408      0.0343586 0.03202 0.263643 0.238052 0.194413 0.237513
20121201 875.241      1      0.0343914 0.0320508 0.263505 0.237647 0.19447 0.237937
20121202 875.027      1      0.0343931 0.0320525 0.263229 0.237998 0.194629 0.237698
20121203 873.8      0.995221      0.034427 0.0321274 0.262918 0.238168 0.194363 0.237997
20121204 874.128      0.999999      0.0344061 0.0321171 0.26279 0.238559 0.194512 0.237615
20121205 873.795      0.990773      0.03441 0.0321075 0.262659 0.238524 0.194579 0.237721
20121206 872.381      0.997586      0.0344461 0.0309228 0.263237 0.238779 0.194791 0.237823
20121207 871.401      0.700581      0.0344741 0.0320974 0.26072 0.239311 0.1951 0.238298
20121208 873.201      0.997701      0.0343996 0.0320709 0.262506 0.238684 0.194644 0.237695
20121209 872.708      0.833383      0.0344208 0.0320933 0.262961 0.238315 0.19443 0.237779
20121210 871.736      0.816207      0.034469 0.0321002 0.262624 0.238281 0.19456 0.237965
20121211 819.703      1      0.0366325 0.0341142 0.280516 0.189085 0.206831 0.252821
20121212 664.673      0.997376      0.0451775 0.0420847 0.346063 0 0.254967 0.311707
20121213 664.533      1      0.0451887 0.0420665 0.345811 0 0.254996 0.311938
20121214 665.166      0.685009      0.045142 0.0420461 0.346445 0 0.254716 0.311651
20121215 664.938      0.999999      0.0451702 0.0420608 0.346264 0 0.254738 0.311767
20121216 665.466      1      0.0451155 0.0420173 0.34644 0 0.254792 0.311635
20121217 665.045      0.996719      0.0451469 0.0418847 0.346295 0 0.254963 0.311711
20121218 654.895      1      0.0458078 0.0424606 0.350841 0 0.245386 0.315505
20121219 629.112      0.997002      0.0476453 0.0441449 0.365823 0 0.213348 0.329039
20121220 621.985      1      0.0481823 0.0447259 0.35886 0 0.215792 0.33244
20121221 628.313      0.641904      0.0476607 0.0443879 0.365771 0 0.213114 0.329066
20121222 634.776      1      0.0471947 0.0439361 0.362038 0 0.221174 0.325658
20121223 663.071      0.999999      0.0451664 0.0420264 0.346218 0 0.254988 0.311601
20121224 662.896      0.778082      0.0451572 0.0420631 0.346362 0 0.254747 0.311671
20121225 662.537      1      0.0451747 0.0420772 0.346315 0 0.254818 0.311615
20121226 661.302      0.965006      0.0452485 0.0421392 0.347028 0 0.253518 0.312066
20121227 662.079      1      0.045179 0.0421165 0.346618 0 0.254558 0.311528
20121228 662.68      0.704526      0.0451461 0.0420734 0.346489 0 0.254927 0.311365
20121229 665.634      1      0.0449345 0.0418756 0.344309 0.0050421 0.254078 0.309761
20121230 712.607      1      0.0419497 0.0390956 0.32129 0.0708932 0.237336 0.289435
20121231 729.171      0.99121      0.0410007 0.0381742 0.314143 0.0926491 0.231266 0.282767
20130101 730.581      0      0.0408798 0.0380982 0.313625 0.144876 0.180683 0.281838
20130102 817.81      0      0.0365384 0.0340525 0.280274 0.194497 0.202779 0.251859
20130103 829.127      0      0.0360372 0.0335359 0.276249 0.202936 0.202727 0.248515
20130104 870.092      0      0.0343229 0.0319435 0.263072 0.241099 0.192862 0.2367
20130105 879.749      0      0.0339484 0.0315872 0.259467 0.250332 0.190682 0.233983
20130106 879.046      0      0.0339708 0.0316512 0.259022 0.250408 0.190864 0.234083
20130107 879.069      0.798944      0.033952 0.0316698 0.259437 0.250318 0.190631 0.233993
20130108 879.457      0.999999      0.0339211 0.0316735 0.259597 0.250165 0.190779 0.233865
20130109 880.656      0.992006      0.0338509 0.0316464 0.258897 0.251428 0.190562 0.233616
20130110 880.719      0.991411      0.0338469 0.0312862 0.258757 0.252068 0.190547 0.233496
20130111 882.539      0.856668      0.0337628 0.0315162 0.259298 0.25227 0.190232 0.232921
20130112 882.925      0.999999      0.0337361 0.0315047 0.259821 0.251973 0.190159 0.232807
20130113 882.23      1      0.0337503 0.0315298 0.259702 0.251946 0.190104 0.232969
20130114 881.705      0.992152      0.0337688 0.0315213 0.259343 0.25218 0.190117 0.23307
20130115 881.256      1      0.0337852 0.0315437 0.259342 0.252015 0.190683 0.232631
20130116 879.862      0.991497      0.0333482 0.031592 0.25932 0.252077 0.19066 0.233002
20130117 879.544      0.982247      0.0331431 0.0316195 0.259342 0.252166 0.190709 0.23302
20130118 879.345      0.999999      0.0337708 0.0315986 0.25914 0.251689 0.190835 0.232967
20130119 879.621      0.968179      0.0337681 0.0315875 0.25915 0.252043 0.190623 0.232828
20130120 778.585      0.567173      0.0381918 0.0356146 0.164225 0.283798 0.21521 0.262961
20130121 650.538      0.858393      0.0457362 0.0426442 0 0.339285 0.257403 0.314931
20130122 646.986      1      0.0459739 0.042862 0 0.340479 0.258928 0.311757
20130123 649.994      0.994238      0.0458134 0.0426993 0 0.338437 0.257662 0.315388
20130124 650.94      1      0.0457629 0.0427118 0 0.339195 0.257482 0.314848
20130125 650.944      0.897074      0.0457599 0.0427191 0 0.339571 0.257184 0.314766
20130126 650.776      1      0.0457561 0.0427175 0 0.339578 0.257264 0.314685
20130127 650.664      1      0.0457656 0.042729 0 0.339552 0.257302 0.314652
20130128 650.481      0.99687      0.0457559 0.0427405 0 0.339792 0.256901 0.31481
20130129 649.323      0.994806      0.0458071 0.042781 0 0.338598 0.257741 0.315073
20130130 649.822      0.995795      0.04573 0.0427926 0 0.339136 0.257316 0.315025
20130131 649.784      0.999999      0.0457026 0.0427536 0 0.339119 0.257556 0.314869
20130201 649.47      0.698476      0.0457712 0.0427537 0 0.339173 0.257339 0.314963
20130202 649.696      1      0.0457449 0.0427574 0 0.339377 0.257315 0.314806
20130203 649.363      1      0.0457249 0.0427574 0 0.339273 0.257367 0.314877
20130204 648.822      1      0.0457514 0.0427749 0 0.339168 0.257262 0.315044
20130205 647.418      0.999999      0.0458394 0.0428925 0 0.337679 0.257925 0.315664
20130206 619.796      0.993665      0.0478823 0.0447248 0 0.308274 0.269349 0.329769
20130207 600.571      1      0.0494116 0.0461125 0 0.302515 0.261758 0.340202
20130208 574.463      0.868265      0.051626 0.0483338 0 0.31579 0.228826 0.355424
20130209 574.653      0.999999      0.051608 0.0483172 0 0.315646 0.229188 0.35524
20130210 574.721      1      0.0516229 0.048309 0 0.315624 0.229288 0.355157
20130211 574.735      0.972009      0.051591 0.048302 0 0.315709 0.229207 0.355191
20130212 574.091      0.982726      0.0516398 0.0483609 0 0.315898 0.228706 0.355396
20130213 574.601      0.991955      0.0515784 0.0483017 0 0.315701 0.229461 0.354957
20130214 574.564      0.999999      0.051568 0.0483035 0 0.315535 0.229642 0.354951
20130215 574.441      0.865136      0.0515938 0.048328 0 0.315652 0.229317 0.355109
20130216 573.939      1      0.0516147 0.0482955 0 0.315729 0.229193 0.355167
20130217 608.004      0.999999      0.0487137 0.0455916 0 0.297932 0.27273 0.335033
20130218 646.045      0.997244      0.0458831 0.0428907 0 0.337085 0.258673 0.315468
20130219 646.702      1      0.045857 0.0428503 0 0.337411 0.258607 0.315275
20130220 646.744      0.997531      0.0458585 0.0428103 0 0.338601 0.25762 0.31511
20130221 646.744      1      0.0458125 0.0428058 0 0.338356 0.25773 0.315296
20130222 646.48      0.863017      0.0458215 0.0427859 0 0.338665 0.257862 0.314865
20130223 646.11      0.999999      0.0458503 0.0427969 0 0.33863 0.257814 0.314909
20130224 645.867      0.999999      0.0458282 0.0427588 0 0.338587 0.25807 0.314757
20130225 645.083      1      0.04584 0.0428556 0 0.338528 0.25783 0.314946
20130226 645.459      0.999999      0.0458125 0.0428562 0 0.338408 0.257877 0.315046
20130227 646.098      0.994182      0.045767 0.0428389 0 0.339182 0.257459 0.314753
20130228 644.305      1      0.0458589 0.0429511 0 0.340527 0.255101 0.315562
20130301 645.579      0.725252      0.0457463 0.0428756 0 0.339519 0.257078 0.314781
20130302 645.89      0.965944      0.045741 0.0428598 0 0.339327 0.257653 0.314419
20130303 645.667      1      0.0457639 0.0428451 0 0.339457 0.257458 0.314477
20130304 645.481      0.963038      0.045723 0.0428407 0 0.339428 0.257505 0.314503
20130305 604.164      1      0.0488476 0.0457618 0 0.362454 0.275142 0.267795
20130306 442.651      0.988319      0.0666976 0.0624816 0 0.494621 0.3762 0
20130307 442.28      1      0.0667691 0.0625257 0 0.495104 0.375601 0
20130308 441.992      0.837494      0.0667844 0.062497 0 0.494958 0.375761 0
20130309 442.232      1      0.0667981 0.0624412 0 0.495073 0.375688 0
20130310 442.084      0.990955      0.0668034 0.0624147 0 0.494915 0.375867 0
20130311 441.72      0.997649      0.0667991 0.0624168 0 0.495117 0.375667 0
20130312 441.826      1      0.0667559 0.0623844 0 0.495173 0.375687 0
20130313 441.493      0.991177      0.0667843 0.0624349 0 0.495069 0.375712 0
20130314 441.306      1      0.0668927 0.062241 0 0.494958 0.375908 0
20130315 441.553      0.873164      0.0668269 0.0621782 0 0.495275 0.37572 0
20130316 441.537      1      0.0668104 0.0621599 0 0.495022 0.376008 0
20130317 441.016      0.999999      0.0668536 0.0622235 0 0.494864 0.376059 0
20130318 443.18      0.997409      0.0666474 0.0619443 0.00444161 0.492561 0.374405 0
20130319 453.736      1      0.0650541 0.0604633 0.0281098 0.481047 0.365326 0
20130320 458.053      0.997737      0.0644042 0.0599468 0.0364046 0.476626 0.362618 0
20130321 510.049      1      0.0578061 0.0542064 0.134497 0.428371 0.325119 0
20130322 516.598      0.899365      0.0570629 0.0535061 0.146463 0.4222 0.320768 0
20130323 568.936      1      0.0518061 0.0485778 0.224786 0.383597 0.291233 0
20130324 625.357      1      0.0471605 0.044206 0.294675 0.348976 0.264983 0
20130325 629.956      0.99457      0.0468062 0.0438931 0.30012 0.346375 0.262806 0
20130326 681.769      1      0.0431572 0.0405005 0.354441 0.319501 0.2424 0
20130327 685.886      0.927336      0.0429452 0.0402653 0.358277 0.317269 0.241243 0
20130328 687.79      1      0.0428145 0.0401213 0.360504 0.316139 0.240421 0
20130329 686.132      0.714655      0.0429401 0.0402093 0.358969 0.316761 0.241121 0
20130330 686.419      0.999999      0.0428969 0.0401746 0.359422 0.316738 0.240769 0
20130331 687.846      1      0.0427959 0.0400659 0.360928 0.315776 0.240434 0
20130401 687.286      0.989574      0.0428021 0.0395589 0.361511 0.315525 0.240603 0
20130402 687.586      0.999999      0.0427404 0.0399257 0.361331 0.315511 0.240491 0
20130403 663.171      0.993609      0.0442829 0.0415689 0.353266 0.311698 0.249184 0
20130404 606.292      1      0.0483963 0.045451 0.337695 0.296146 0.272312 0
20130405 684.88      0.882606      0.0428385 0.0402855 0.361638 0.314203 0.241035 0
20130406 686.876      1      0.0426633 0.040171 0.361064 0.315821 0.240281 0
20130407 685.698      0.988375      0.0427279 0.0402339 0.361472 0.3149 0.240666 0
20130408 685.326      0.999999      0.0427645 0.040228 0.361558 0.314606 0.240843 0
20130409 685.306      1      0.0427505 0.0402209 0.361167 0.314272 0.24159 0
20130410 686.296      0.986349      0.0426835 0.0401583 0.36078 0.313852 0.241171 0.00135607
20130411 713.008      1      0.0411035 0.0288429 0.347264 0.302989 0.23167 0.0481306
20130412 726.924      0.836648      0.0403031 0 0.340678 0.298295 0.227537 0.0931866
20130413 741.885      1      0.0394786 0 0.333542 0.29209 0.222689 0.112201
20130414 809.611      0.867566      0.0362757 0 0.305416 0.267761 0.20385 0.186697
20130415 823.739      0.993336      0.0356852 0 0.300333 0.263053 0.200392 0.200536
20130416 854.226      0.999999      0.0343875 0 0.287531 0.253586 0.192958 0.231537
20130417 875.767      0.994234      0.0334792 0 0.281466 0.246959 0.188239 0.249857
20130418 875.483      1      0.0330457 0 0.2816 0.247243 0.188335 0.249776
20130419 875.399      0.97197      0.0334312 0 0.281856 0.247044 0.188391 0.249278
20130420 872.461      0.841691      0.0335928 0 0.282795 0.247468 0.188651 0.247493
20130421 874.627      0.408575      0.0335056 0 0.282306 0.246612 0.188062 0.249514
20130422 873.955      0.995486      0.0335244 0 0.282004 0.247383 0.187712 0.249376
20130423 874.352      1      0.0334836 0 0.28152 0.247612 0.188321 0.249064
20130424 873.519      0.995015      0.0334826 0 0.281046 0.247201 0.188807 0.249463
20130425 873.987      0.999999      0.0335142 0 0.280431 0.247714 0.188877 0.249464
20130426 872.999      0.734476      0.0335838 0 0.279722 0.248091 0.188895 0.249709
20130427 873.382      0.999999      0.0335193 0 0.280727 0.247795 0.18872 0.249239
20130428 873.987      1      0.0334644 0 0.281287 0.247466 0.188547 0.249235
20130429 832.731      0.994368      0.0350804 0 0.295716 0.259942 0.14875 0.260512
20130430 644.083      1      0.0453245 0 0.371764 0.314646 0 0.268265
20130501 605.715      0.995653      0.0481442 0 0.372756 0.294203 0 0.284896
20130502 687.845      0.999999      0.0423613 0 0.355371 0.311405 0 0.290863
20130503 708.331      0.853719      0.0410698 0 0.346158 0.304655 0 0.308118
20130504 708.711      0.860543      0.0410785 0 0.346322 0.304638 0 0.307962
20130505 707.75      0.955757      0.041211 0 0.346244 0.304865 0 0.30768
20130506 707.204      0.996141      0.041321 0 0.346681 0.304998 0 0.307
20130507 707.637      1      0.0413511 0 0.346715 0.304944 0 0.306991
20130508 707.23      0.8509      0.041357 0 0.346823 0.30478 0 0.30704
20130509 706.443      0.973456      0.0414139 0 0.346399 0.304717 0 0.30747
20130510 706.53      0.946993      0.0413704 0 0.347372 0.304077 0 0.307181
20130511 706.732      1      0.0413426 0 0.347146 0.304205 0 0.307306
20130512 706.415      1      0.0412222 0 0.346837 0.304328 0 0.307613
20130513 706.037      0.993821      0.0412652 0 0.346823 0.304124 0 0.307788
20130514 705.384      0.999999      0.0413053 0 0.346735 0.30416 0 0.3078
20130515 705.35      0.984602      0.0414067 0 0.346355 0.305191 0 0.307047
20130516 703.109      1      0.0415243 0 0.346566 0.306725 0 0.305185
20130517 706.453      0.898923      0.0413542 0 0.345533 0.305648 0 0.307465
20130518 705.56      0.991336      0.0414092 0 0.345739 0.305021 0 0.307831
20130519 705.244      1      0.0414389 0 0.345369 0.305307 0 0.307885
20130520 704.794      0.993989      0.041484 0 0.345459 0.305125 0 0.307932
20130521 704.696      0.999999      0.0415041 0 0.345021 0.305388 0 0.308087
20130522 703.908      0.996758      0.0415098 0 0.344954 0.305728 0 0.307809
20130523 703.947      0.999999      0.0414912 0 0.345154 0.30559 0 0.307764
20130524 705.321      0.700086      0.0414425 0.000106664 0.34612 0.30486 0 0.307471
20130525 705.715      1      0.0413933 0.000269086 0.34628 0.30496 0 0.307098
20130526 705.468      0.998174      0.0413655 0.000318313 0.346292 0.30487 0 0.307154
20130527 704.934      0.987997      0.0413307 0.000305181 0.3463 0.304994 0 0.30707
20130528 705.48      1      0.0412692 0.00039763 0.346047 0.30481 0.000569283 0.306906
20130529 707.126      0.996418      0.0412001 0.00383815 0.344746 0.303391 0.00125233 0.305572
20130530 727.862      0.996426      0.0399916 0.0120325 0.335035 0.29529 0.021624 0.296026
20130531 765.592      0.861281      0.0379756 0.0121686 0.318241 0.280746 0.0697335 0.281135
20130601 773.391      1      0.0375094 0.0189777 0.314826 0.277541 0.0729197 0.278226
20130602 832.303      0.999999      0.0347823 0.0268175 0.292755 0.258006 0.129249 0.25839
20130603 859.301      0.996206      0.0337842 0.0265382 0.283875 0.250319 0.154703 0.250781
20130604 889.819      1      0.0327515 0.0321643 0.274 0.241474 0.178275 0.241335
20130605 908.094      0.977889      0.0320623 0.0328179 0.268401 0.236235 0.19368 0.236803
20130606 909.066      1      0.0320292 0.0330657 0.268072 0.23647 0.193736 0.236627
20130607 908.262      0.845132      0.0320494 0.0330639 0.268025 0.236475 0.193901 0.236486
20130608 903.935      1      0.0321393 0.0327783 0.269147 0.234392 0.193842 0.237701
20130609 907.647      0.999999      0.0320988 0.0333184 0.268008 0.236464 0.193644 0.236467
20130610 906.762      0.840824      0.0320161 0.0333752 0.268415 0.236796 0.192987 0.236411
20130611 866.934      0.991419      0.0336654 0.0348806 0.280432 0.247198 0.162213 0.241611
20130612 800.647      0.897174      0.0364354 0.0377534 0.303194 0.231592 0.176575 0.21445
20130613 903.827      0.681534      0.0322311 0.03339 0.268241 0.235214 0.194099 0.236825
20130614 905.991      0.842874      0.0321497 0.0333241 0.267814 0.235436 0.193302 0.237974
20130615 905.361      0.991421      0.0321192 0.0333532 0.268033 0.235459 0.193408 0.237628
20130616 905.243      1      0.0321998 0.0333331 0.267899 0.235478 0.19351 0.237579
20130617 904.852      0.999999      0.0320751 0.0333458 0.268102 0.23567 0.1931 0.237707
20130618 906.002      1      0.0320903 0.0332496 0.267764 0.2355 0.194085 0.237312
20130619 905.447      0.997091      0.0316277 0.0332738 0.267656 0.235892 0.194087 0.237464
20130620 906.054      0.00758129      0.0320255 0.0332339 0.266933 0.236122 0.194156 0.237529
20130621 905.905      0.654207      0.0320705 0.033214 0.267691 0.236194 0.193812 0.237018
20130622 905.933      0.999999      0.0320757 0.0331982 0.267465 0.236197 0.193844 0.23722
20130623 904.363      1      0.0320828 0.0331929 0.267775 0.235925 0.193807 0.237218
20130624 903.593      0.993437      0.0321225 0.0332602 0.267566 0.236155 0.193664 0.237232
20130625 903.377      1      0.0321024 0.033226 0.267654 0.23612 0.19364 0.237258
20130626 903.702      0.996812      0.0320309 0.0331856 0.267853 0.235781 0.193711 0.237438
20130627 903.814      1      0.0320444 0.033071 0.26783 0.236275 0.193521 0.237259
20130628 901.963      0.850394      0.032191 0.0332129 0.26774 0.236029 0.193185 0.237643
20130629 902.751      0.999999      0.0322393 0.0332708 0.267784 0.235687 0.193599 0.23742
20130630 902.499      0.974591      0.032244 0.033263 0.267756 0.235372 0.193962 0.237403
20130701 902.403      0.986448      0.0322249 0.0332675 0.267261 0.235618 0.194081 0.237548
20130702 901.912      0.999999      0.0322494 0.0332829 0.267379 0.236215 0.193891 0.236983
20130703 903.215      0.990642      0.032193 0.033218 0.267545 0.236326 0.193546 0.237172
20130704 902.132      1      0.0322091 0.0328095 0.267561 0.236635 0.193555 0.23723
20130705 902.89      0.840811      0.0321631 0.0332463 0.267715 0.236478 0.193346 0.237052
20130706 902.224      1      0.0321576 0.0332315 0.267704 0.236702 0.193541 0.236663
20130707 901.242      1      0.032166 0.0332614 0.267813 0.236477 0.193538 0.236745
20130708 901.576      0.997522      0.0322113 0.03324 0.267624 0.236714 0.193206 0.237005
20130709 900.715      1      0.0322669 0.033235 0.267765 0.236098 0.193684 0.236951
20130710 899.306      0.997623      0.0322958 0.0332624 0.268042 0.235188 0.193846 0.237366
20130711 899.541      0.999999      0.0322013 0.0332405 0.268056 0.235615 0.193623 0.237265
20130712 900.069      0.864735      0.0322146 0.0332202 0.267951 0.236233 0.193527 0.236854
20130713 899.31      0.999999      0.0321215 0.0332162 0.267971 0.236603 0.19355 0.236539
20130714 899.557      1      0.0320857 0.0332486 0.26779 0.236694 0.193426 0.236756
20130715 899.213      0.993441      0.0321562 0.033276 0.267686 0.236948 0.193498 0.236435
20130716 897.796      0.999999      0.0321865 0.0333124 0.268181 0.236517 0.19344 0.236363
20130717 898.647      0.99523      0.0321068 0.033279 0.268413 0.235904 0.193445 0.236852
20130718 895.071      1      0.0323384 0.0334007 0.269018 0.235119 0.191851 0.238273
20130719 897.532      0.707157      0.0323132 0.0332996 0.268209 0.235558 0.193405 0.237215
20130720 897.581      0.867916      0.0323223 0.0332558 0.268451 0.235466 0.193042 0.237464
20130721 898.974      0.982925      0.0322715 0.03322 0.268035 0.237021 0.192528 0.236925
20130722 899.208      0.989821      0.0322249 0.0331942 0.26796 0.236808 0.193035 0.236778
20130723 899.368      1      0.0322178 0.033172 0.267476 0.237053 0.193254 0.236826
20130724 898.632      0.996249      0.0322528 0.0331895 0.267515 0.237067 0.193165 0.23681
20130725 897.521      0.999999      0.032255 0.0330712 0.267373 0.236711 0.193588 0.237002
20130726 896.788      0.886876      0.0322572 0.0331863 0.267616 0.236441 0.193484 0.237016
20130727 896.691      0.999999      0.0322704 0.0332032 0.267705 0.236401 0.193236 0.237184
20130728 897.214      0.999999      0.0323127 0.0332153 0.267891 0.236415 0.193202 0.236964
20130729 896.988      0.994603      0.0322754 0.0332194 0.267883 0.236776 0.192921 0.236925
20130730 896.095      1      0.0322999 0.0332208 0.268036 0.236759 0.193204 0.23648
20130731 896.606      0.996277      0.0322043 0.0331905 0.268223 0.236677 0.192905 0.2368
20130801 896.051      1      0.0322297 0.0332004 0.267897 0.236663 0.193217 0.236792
20130802 894.918      0.895667      0.0321571 0.0332075 0.267847 0.236328 0.193197 0.237264
20130803 894.149      0.987971      0.0321548 0.0332409 0.267757 0.236129 0.19319 0.237528
20130804 893.912      0.999595      0.0321564 0.0332276 0.267914 0.236414 0.193059 0.237229
20130805 894.257      0.999465      0.0323023 0.0332301 0.268232 0.236352 0.192754 0.23713
20130806 894.458      0.999999      0.0323669 0.0332124 0.26816 0.236176 0.193274 0.236811
20130807 894.843      0.98613      0.0323413 0.0331775 0.268193 0.236889 0.19265 0.236749
20130808 894.983      0.865894      0.032342 0.0331651 0.268053 0.237389 0.192412 0.236638
20130809 893.361      0.87921      0.0323219 0.0332055 0.268223 0.236652 0.193342 0.236256
20130810 895.611      0.97433      0.0322938 0.0330959 0.267918 0.237243 0.192844 0.236605
20130811 895.088      0.999999      0.0323072 0.0331422 0.267961 0.237253 0.19271 0.236626
20130812 894.358      0.996747      0.032357 0.0331403 0.267724 0.237238 0.192928 0.236613
20130813 884.715      0.998339      0.0326381 0.033495 0.270617 0.239756 0.184567 0.238927
20130814 800.496      0.998715      0.0360287 0.0370016 0.298713 0.230339 0.173848 0.22407
20130815 783.523      0.999999      0.0368407 0.0378155 0.304695 0.22659 0.177002 0.217057
20130816 844.881      0.716337      0.0342513 0.035039 0.282482 0.237996 0.163582 0.24665
20130817 859.054      1      0.0336117 0.0344524 0.277996 0.246251 0.162066 0.245623
20130818 859.621      0.999999      0.0335619 0.0344597 0.278298 0.246411 0.161524 0.245746
20130819 889.619      0.996001      0.0324387 0.0332593 0.268573 0.237898 0.190737 0.237093
20130820 891.363      1      0.032364 0.0331523 0.268047 0.237079 0.193034 0.236323
20130821 890.078      0.996626      0.0323386 0.0331522 0.268572 0.236779 0.192849 0.23631
20130822 890.509      1      0.0322584 0.0331435 0.268322 0.236893 0.193082 0.236301
20130823 889.089      0.892426      0.0322623 0.0332261 0.268684 0.23645 0.193068 0.23631
20130824 890.474      1      0.032227 0.0331763 0.26821 0.236635 0.193114 0.236638
20130825 890.461      1      0.0322924 0.0332147 0.268152 0.236447 0.193087 0.236806
20130826 891.049      0.996869      0.0323694 0.0331467 0.26775 0.237517 0.192798 0.23642
20130827 889.977      1      0.0323948 0.0331496 0.267864 0.237894 0.19275 0.235948
20130828 889.966      0.997164      0.0324032 0.0331087 0.267844 0.237484 0.192595 0.236564
20130829 889.456      1      0.0324321 0.0331599 0.267803 0.237128 0.192664 0.236812
20130830 888.656      0.86576      0.0324193 0.033174 0.267602 0.237131 0.192827 0.236847
20130831 888.531      1      0.0324218 0.0331684 0.267833 0.237068 0.19274 0.236768
20130901 889.267      1      0.0324392 0.0331342 0.267838 0.237532 0.19257 0.236487
20130902 889.113      0.991917      0.0324059 0.0331644 0.268284 0.237452 0.191854 0.23684
20130903 888.396      1      0.0324363 0.0331686 0.268049 0.237114 0.192888 0.236345
20130904 888.022      0.99764      0.0324604 0.0331552 0.267752 0.237057 0.192461 0.237114
20130905 886.223      1      0.0322657 0.0331744 0.267966 0.237108 0.192152 0.237334
20130906 888.488      0.877864      0.0324157 0.0330936 0.267907 0.237508 0.192297 0.236779
20130907 889.654      1      0.0323781 0.0330967 0.267772 0.237719 0.192517 0.236518
20130908 888.943      0.997285      0.0324182 0.0331026 0.267393 0.237821 0.192706 0.236559
20130909 887.553      0.999999      0.0324743 0.0328397 0.267718 0.237937 0.192425 0.236605
20130910 887.865      1      0.032435 0.0331557 0.267701 0.237736 0.192515 0.236457
20130911 887.697      0.997169      0.032455 0.0331261 0.267381 0.237814 0.192509 0.236714
20130912 887.267      0.997793      0.0324764 0.033155 0.267541 0.237511 0.192633 0.236684
20130913 887.323      0.715595      0.0324293 0.033124 0.267485 0.237616 0.192499 0.236846
20130914 886.947      0.999999      0.0324419 0.0331234 0.267444 0.23766 0.192645 0.236686
20130915 886.816      1      0.0324591 0.033144 0.267261 0.237877 0.192568 0.236691
20130916 885.805      0.996773      0.0324581 0.033153 0.267741 0.237617 0.192767 0.236264
20130917 884.006      0.999999      0.0324897 0.033158 0.267067 0.237782 0.192985 0.236519
20130918 840.699      0.995283      0.0341413 0.0348795 0.266356 0.238562 0.190571 0.23549
20130919 738.994      1      0.0388619 0.0397299 0.269795 0.238966 0.185718 0.226929
20130920 737.987      0.765098      0.0388797 0.0397547 0.269575 0.239308 0.185591 0.226892
20130921 738.914      1      0.0387838 0.0397069 0.269374 0.239013 0.185563 0.227559
20130922 730.789      1      0.0370415 0.033857 0.271736 0.241053 0.1869 0.229413
20130923 736.397      0.997129      0.0381583 0.0388943 0.269663 0.23981 0.186321 0.227154
20130924 879.803      0.999999      0.0324427 0.0333437 0.26634 0.238172 0.193506 0.236196
20130925 881.075      0.617564      0.0325867 0.0332933 0.266707 0.23708 0.193345 0.236989
20130926 880.822      0.991353      0.0324507 0.0332511 0.266745 0.23738 0.19342 0.236753
20130927 880.356      0.892611      0.03264 0.0332804 0.265973 0.237282 0.193713 0.237111
20130928 880.64      1      0.0326051 0.033281 0.266663 0.237516 0.193291 0.236644
20130929 880.879      1      0.0325964 0.0332802 0.267687 0.237054 0.192898 0.236484
20130930 842.937      0.993947      0.0340456 0.0347542 0.25836 0.249009 0.180222 0.243609
20131001 768.908      1      0.037362 0.0380737 0.257408 0.273389 0.177134 0.216633
20131002 769.862      0.987532      0.0373034 0.0380377 0.257221 0.273111 0.176902 0.217425
20131003 811.258      1      0.0354218 0.0360734 0.245256 0.258679 0.167909 0.256661
20131004 849.688      0.875646      0.0337903 0.0344351 0.278314 0.247115 0.161466 0.244879
20131005 881.784      1      0.0325355 0.0331654 0.2684 0.237929 0.192354 0.235617
20131006 880.866      1      0.0325332 0.0331909 0.268672 0.23775 0.192258 0.235595
20131007 880.457      0.99097      0.0325066 0.0331703 0.268635 0.237993 0.19213 0.235565
20131008 879.819      0.999999      0.0325144 0.0331912 0.268661 0.237677 0.192179 0.235777
20131009 880.341      0.978354      0.0325005 0.0331808 0.268929 0.236644 0.192477 0.236268
20131010 882.125      0.991367      0.0324724 0.0330934 0.268637 0.236656 0.192469 0.236673
20131011 882.097      0.716715      0.0323789 0.033088 0.268292 0.237004 0.192428 0.236809
20131012 882.373      1      0.0323566 0.0330708 0.26821 0.237378 0.192592 0.236392
20131013 882.165      1      0.0323439 0.0330637 0.268472 0.237244 0.192417 0.236459
20131014 881.367      0.99422      0.0323524 0.0330634 0.268369 0.237341 0.192261 0.236613
20131015 881.331      1      0.0323236 0.0330949 0.268499 0.237363 0.192368 0.236352
20131016 874.237      0.997543      0.0248232 0.0333441 0.27063 0.239187 0.193658 0.238358
20131017 852.663      0.89332      0 0.034171 0.277598 0.244836 0.198771 0.244624
20131018 852.589      0.851801      0 0.0341947 0.277859 0.244701 0.198947 0.244298
20131019 851.71      0.999999      0 0.0342203 0.277538 0.245189 0.199101 0.243952
20131020 851.565      0.999999      0 0.034211 0.277609 0.245101 0.199084 0.243995
20131021 849.778      0.994214      0 0.03426 0.27759 0.245346 0.199247 0.243557
20131022 843.083      0.942001      0 0.0345055 0.280023 0.239959 0.200595 0.244918
20131023 849.864      0.99735      0 0.0342165 0.277937 0.244818 0.198867 0.244161
20131024 850.145      1      0 0.034215 0.277636 0.244448 0.199021 0.24468
20131025 851.043      0.861804      0 0.0341301 0.277313 0.245686 0.198548 0.244323
20131026 850.095      1      0 0.0333221 0.276944 0.246553 0.198887 0.244294
20131027 851.931      1      0 0.0341626 0.277122 0.246346 0.19847 0.243899
20131028 850.975      0.953126      0 0.0341949 0.276831 0.246492 0.198339 0.244143
20131029 850.598      0.999999      0 0.0341614 0.27703 0.246232 0.198512 0.244065
20131030 850.822      0.993523      0 0.0341589 0.276902 0.246322 0.198526 0.244091
20131031 850.367      0.999999      0 0.0341901 0.277009 0.246088 0.198358 0.244355
20131101 849.808      0.855019      0 0.034196 0.276984 0.24601 0.198387 0.244423
20131102 848.963      1      0 0.0342237 0.276903 0.245982 0.198376 0.244515
20131103 848.802      0.98289      0 0.0342143 0.276838 0.245936 0.198308 0.244704
20131104 848.574      0.988858      0 0.0341955 0.27681 0.245794 0.198334 0.244866
20131105 848.4      0.931366      0 0.0342035 0.276846 0.245955 0.198218 0.244778
20131106 848.464      0.817588      0 0.0341913 0.276462 0.245615 0.198966 0.244766
20131107 847.365      1      0 0.034237 0.27532 0.246205 0.199166 0.245072
20131108 848.03      0.593317      0 0.0342231 0.276164 0.245809 0.198954 0.24485
20131109 847.746      0.929152      0 0.034183 0.276435 0.24572 0.198856 0.244806
20131110 847.696      1      0 0.0341935 0.27669 0.245701 0.198846 0.24457
20131111 846.783      0.993519      0 0.0341231 0.276935 0.245665 0.198724 0.244552
20131112 845.962      1      0 0.0341769 0.2766 0.245541 0.198897 0.244785
20131113 844.712      0.992667      0 0.0342095 0.2765 0.245684 0.198701 0.244906
20131114 841.842      1      0 0.0343679 0.277489 0.246504 0.199816 0.241823
20131115 845.973      0.711464      0 0.0342151 0.277331 0.245176 0.198758 0.24452
20131116 846.768      0.851605      0 0.0341453 0.278204 0.245104 0.198476 0.244072
20131117 845.99      0.9406      0 0.0341678 0.278315 0.244983 0.198453 0.244082
20131118 844.538      0.995165      0 0.034203 0.278698 0.244708 0.198766 0.243626
20131119 843.47      0.943619      0 0.0342683 0.278899 0.244207 0.199017 0.24361
20131120 843.842      0.996554      0 0.034269 0.279076 0.243363 0.198833 0.244458
20131121 790.201      0.999999      0 0.0366014 0.297852 0.192862 0.212277 0.260407
20131122 637.008      0.853658      0 0.045406 0.368698 0 0.263247 0.322649
20131123 635.935      1      0 0.0454471 0.368246 0 0.263189 0.323119
20131124 636.42      0.999999      0 0.0453779 0.368457 0 0.262872 0.323293
20131125 635.758      0.992469      0 0.0454163 0.368782 0 0.262554 0.323248
20131126 636.593      0.951462      0 0.0453346 0.368326 0 0.263391 0.322947
20131127 637.39      0.0874637      0 0.04532 0.367972 0 0.263087 0.32362