20111224 96.6192      0.379184      0.145314 0.161248 0.2256 0 0.230736 0.237102
20111225 96.5804      1      0.145391 0.16123 0.225583 0 0.230797 0.236999
20111226 96.5626      0.963933      0.14551 0.16124 0.225474 0 0.230693 0.237083
20111227 96.5478      1      0.145491 0.161125 0.225661 0 0.230644 0.237079
20111228 96.5305      0.997025      0.145478 0.161079 0.22578 0 0.23063 0.237032
20111229 96.4792      0.999999      0.145529 0.161099 0.225618 0 0.230577 0.237177
20111230 96.467      0.635641      0.145577 0.161103 0.225739 0 0.230632 0.236949
20111231 96.3962      0.993334      0.145589 0.161111 0.225744 0 0.230358 0.237198
20120101 96.3824      0.998375      0.145592 0.161056 0.225784 0 0.230486 0.237082
20120102 96.3413      1      0.145566 0.161067 0.225745 0 0.230567 0.237055
20120103 96.4225      0.996007      0.145468 0.161023 0.225949 0 0.230668 0.236893
20120104 96.3862      1      0.145389 0.161205 0.22578 0 0.230763 0.236863
20120105 95.9915      0.982698      0.145936 0.161718 0.22663 0 0.228069 0.237646
20120106 96.2491      0.652559      0.145291 0.161232 0.225901 0 0.230813 0.236763
20120107 96.2307      1      0.145294 0.161171 0.225955 0 0.23071 0.236869
20120108 96.3008      0.990878      0.145056 0.161052 0.225972 0.000903207 0.230415 0.236602
20120109 96.3326      0.986111      0.144826 0.160543 0.225482 0.00235726 0.230282 0.236509
20120110 101.016      0.951323      0.13836 0.153392 0.214729 0.0484125 0.219733 0.225374
20120111 103.366      0.999999      0.135684 0.149886 0.209998 0.0696893 0.214583 0.22016
20120112 106.912      0.798922      0.13121 0.144887 0.202837 0.100762 0.20745 0.212854
20120113 113.363      0.774843      0.123622 0.13655 0.190666 0.153057 0.195501 0.200605
20120114 114.047      0.698922      0.122993 0.135719 0.189276 0.157928 0.194319 0.199765
20120115 118.316      1      0.118477 0.130807 0.18243 0.188684 0.18718 0.192421
20120116 118.94      0.681316      0.117833 0.130018 0.18148 0.193082 0.186196 0.191391
20120117 114.098      0.859007      0.122813 0.135502 0.189286 0.200835 0.194745 0.156819
20120118 114.085      0.530548      0.122777 0.135431 0.189239 0.200968 0.194629 0.156955
20120119 113.301      0.6647      0.12365 0.136371 0.190445 0.204701 0.186985 0.157849
20120120 107.014      0.489618      0.130909 0.144268 0.15682 0.216949 0.184044 0.16701
20120121 88.7204      0.82767      0.157779 0.17404 0 0.250563 0.216139 0.201479
20120122 84.4849      0.894277      0.165636 0.182673 0 0.23228 0.207529 0.211883
20120123 84.4125      0.902807      0.165552 0.182745 0 0.232543 0.207626 0.211534
20120124 84.4197      0.994955      0.165274 0.182668 0 0.232468 0.208279 0.211311
20120125 84.4104      0.986322      0.165354 0.182566 0 0.232426 0.208483 0.21117
20120126 84.5046      0.968976      0.165315 0.182412 0 0.232062 0.208246 0.211966
20120127 96.7512      0.974778      0.144409 0.159335 0 0.238328 0.22423 0.233698
20120128 97.2476      0.648659      0.143663 0.158411 0 0.238363 0.226748 0.232814
20120129 97.2428      0.862452      0.143674 0.158363 0 0.238552 0.226793 0.232618
20120130 97.1927      0.847961      0.143678 0.158439 0 0.238439 0.226767 0.232677
20120131 97.021      0.923818      0.143976 0.158715 0 0.238775 0.227317 0.231218
20120201 95.6645      0.997546      0.146064 0.15826 0 0.24205 0.223551 0.230076
20120202 97.1434      0.999999      0.143855 0.158487 0 0.238008 0.227109 0.232541
20120203 97.1084      0.740853      0.143808 0.158503 0 0.238187 0.226949 0.232553
20120204 97.094      0.992956      0.143872 0.158501 0 0.238347 0.226768 0.232511
20120205 97.0259      0.999999      0.143929 0.158478 0 0.238165 0.226951 0.232478
20120206 96.9969      0.7624      0.14386 0.1585 0 0.238133 0.226913 0.232594
20120207 96.9394      1      0.143875 0.15851 0 0.238247 0.226813 0.232555
20120208 96.9458      0.994978      0.143845 0.158478 0 0.238268 0.226891 0.232517
20120209 96.9231      0.999999      0.143908 0.158263 0 0.238388 0.226872 0.232568
20120210 100.584      0.653177      0.138702 0.152649 0.0364102 0.229744 0.218481 0.224014
20120211 103.986      0.99632      0.134004 0.14762 0.0684526 0.222041 0.211264 0.216619
20120212 106.814      1      0.130515 0.143649 0.0930418 0.216478 0.205593 0.210723
20120213 114.071      0.936742      0.122161 0.134402 0.151144 0.202628 0.192211 0.197454
20120214 114.368      0.994963      0.121666 0.134097 0.153658 0.201785 0.191829 0.196964
20120215 117.265      0.997037      0.118616 0.130779 0.174626 0.196814 0.187097 0.192068
20120216 119.898      0.999999      0.116004 0.127872 0.192865 0.192484 0.182945 0.187829
20120217 120.068      0.646448      0.116116 0.127606 0.194081 0.192016 0.182705 0.187477
20120218 119.969      0.876134      0.116256 0.127673 0.193908 0.191879 0.182688 0.187596
20120219 119.502      0.999999      0.112596 0.128149 0.194761 0.192826 0.183412 0.188256
20120220 119.96      0.996825      0.116161 0.12761 0.194433 0.191979 0.182332 0.187484
20120221 119.984      1      0.116243 0.127568 0.194317 0.19199 0.18256 0.187323
20120222 120.012      0.993362      0.116262 0.127487 0.194108 0.192179 0.18261 0.187354
20120223 118.686      1      0.117508 0.128911 0.196222 0.185037 0.184217 0.188105
20120224 119.652      0.673035      0.116458 0.127837 0.194645 0.190363 0.182917 0.187779
20120225 119.77      0.994666      0.116356 0.127651 0.194355 0.191553 0.182635 0.18745
20120226 119.741      1      0.116224 0.127651 0.194279 0.191864 0.182692 0.18729
20120227 119.742      0.961183      0.116201 0.127555 0.194035 0.192252 0.182577 0.18738
20120228 119.702      1      0.11607 0.127715 0.194134 0.192377 0.182504 0.187201
20120229 119.669      0.993107      0.116052 0.127797 0.194216 0.192315 0.182408 0.187213
20120301 119.127      1      0.116555 0.128317 0.194854 0.189039 0.183322 0.187913
20120302 119.637      0.71995      0.116332 0.127702 0.19405 0.192257 0.182739 0.18692
20120303 119.557      0.996371      0.116268 0.127871 0.193951 0.192099 0.182625 0.187186
20120304 119.544      0.999999      0.116308 0.127847 0.19386 0.192191 0.182712 0.187081
20120305 119.495      0.994138      0.116303 0.127889 0.193969 0.19195 0.182597 0.187292
20120306 119.519      1      0.116311 0.12788 0.193939 0.192087 0.182667 0.187116
20120307 119.462      0.996698      0.116235 0.12788 0.193909 0.192218 0.182589 0.187169
20120308 119.361      0.929442      0.116354 0.127876 0.193703 0.192236 0.182701 0.187129
20120309 119.207      0.613238      0.116389 0.127997 0.193208 0.192093 0.182935 0.187378
20120310 119.226      0.997353      0.116372 0.128006 0.193254 0.192112 0.182897 0.187359
20120311 119.178      1      0.116414 0.127997 0.193229 0.192106 0.182875 0.187379
20120312 119.236      0.994127      0.116345 0.127896 0.193645 0.192235 0.18272 0.187159
20120313 119.146      1      0.116439 0.127942 0.193986 0.191953 0.182764 0.186917
20120314 119.2      0.9932      0.116263 0.127819 0.194067 0.192003 0.18273 0.187117
20120315 119.073      1      0.116206 0.127869 0.194018 0.191986 0.182779 0.187143
20120316 119.157      0.724871      0.116289 0.127894 0.193882 0.192266 0.182562 0.187107
20120317 119.129      1      0.116369 0.127887 0.193814 0.192295 0.182652 0.186983
20120318 119.109      1      0.116442 0.127924 0.193802 0.192249 0.182595 0.186988
20120319 119.043      0.971158      0.116539 0.127938 0.193769 0.192369 0.182361 0.187023
20120320 119.074      0.97509      0.116486 0.127914 0.193632 0.192196 0.182612 0.18716
20120321 119.08      0.963657      0.11647 0.127845 0.193769 0.192022 0.182628 0.187266
20120322 118.921      0.901081      0.116637 0.127954 0.193416 0.191908 0.182703 0.187382
20120323 119.03      0.635414      0.116475 0.127705 0.194075 0.191972 0.18258 0.187193
20120324 118.975      0.974908      0.116502 0.127784 0.193984 0.191893 0.182681 0.187156
20120325 118.956      1      0.116569 0.127744 0.194048 0.19193 0.182556 0.187153
20120326 118.867      0.993534      0.116664 0.127853 0.193667 0.191998 0.182616 0.187202
20120327 118.868      0.974108      0.116652 0.127841 0.193651 0.192066 0.182683 0.187107
20120328 118.808      1      0.116547 0.127831 0.193668 0.192134 0.1827 0.187121
20120329 118.189      0.950059      0.117001 0.12845 0.189699 0.193221 0.183565 0.188064
20120330 118.684      0.669743      0.116287 0.127912 0.19375 0.192008 0.182869 0.187174
20120331 118.696      0.956454      0.116227 0.127928 0.193601 0.192072 0.183014 0.187157
20120401 118.702      0.935595      0.11678 0.127907 0.193433 0.192059 0.182744 0.187077
20120402 118.691      1      0.116827 0.127856 0.193768 0.191853 0.182703 0.186993
20120403 114.97      0.987447      0.120624 0.132057 0.188483 0.18861 0.176768 0.193458
20120404 106.192      1      0.130568 0.142944 0.178087 0.177434 0.16157 0.209398
20120405 118.373      0.96495      0.117137 0.128276 0.193467 0.1904 0.182934 0.187787
20120406 118.545      0.676849      0.116889 0.128161 0.193041 0.191663 0.182861 0.187385
20120407 118.599      0.000145767      0.116724 0.128068 0.192802 0.191674 0.182873 0.187858
20120408 104.48      0.548991      0 0.144959 0.218671 0.216646 0.207344 0.21238
20120409 104.596      0.936762      0 0.144769 0.218499 0.217462 0.207122 0.212148
20120410 100.661      0.988033      0 0.150511 0.213078 0.212429 0.210483 0.213498
20120411 104.433      0.958331      0 0.145061 0.218307 0.216151 0.207771 0.21271
20120412 104.831      0.992233      0 0.144697 0.219097 0.217096 0.207142 0.211968
20120413 104.826      0.710282      0 0.14479 0.219239 0.217073 0.207006 0.211892
20120414 104.798      0.914156      0 0.144604 0.219179 0.217151 0.207047 0.21202
20120415 104.734      0.996769      0 0.144503 0.219228 0.217289 0.206954 0.212026
20120416 104.599      1      0 0.144645 0.219485 0.217598 0.206067 0.212204
20120417 104.696      0.990419      0 0.144522 0.219157 0.217006 0.207022 0.212292
20120418 104.636      0.999999      0 0.144448 0.218813 0.21736 0.206927 0.212452
20120419 104.563      0.996494      0 0.144389 0.218638 0.217492 0.20701 0.212471
20120420 104.576      0.707159      0 0.144564 0.218606 0.217392 0.206998 0.21244
20120421 104.581      0.999999      0 0.144696 0.218601 0.217369 0.206967 0.212368
20120422 104.608      0.996292      0 0.144634 0.218496 0.217144 0.207216 0.21251
20120423 104.553      0.999999      0 0.144543 0.21877 0.217323 0.207141 0.212222
20120424 104.248      0.996229      0 0.14293 0.218925 0.217894 0.20764 0.212611
20120425 104.428      0.99363      0 0.144651 0.218497 0.217129 0.207236 0.212486
20120426 104.493      0.960267      0 0.144646 0.218811 0.216821 0.20716 0.212562
20120427 104.414      0.664589      0 0.14464 0.218818 0.216899 0.207122 0.212521
20120428 104.397      0.999999      0 0.144617 0.218761 0.21691 0.207063 0.212649
20120429 101.687      0.959974      0 0.148547 0.211177 0.209727 0.212526 0.218023
20120430 95.1077      1      0 0.158729 0.197688 0.197215 0.21314 0.233228
20120501 92.2603      0.888564      0 0.163537 0.204875 0.203996 0.187333 0.240258
20120502 104.183      0.999999      0 0.144885 0.218403 0.216148 0.207657 0.212908
20120503 104.322      0.98957      0 0.144652 0.218637 0.216 0.207836 0.212875
20120504 104.452      0.639404      0 0.144378 0.218161 0.216531 0.207865 0.213066
20120505 104.412      1      0 0.144361 0.218293 0.216862 0.207668 0.212817
20120506 104.378      0.844305      0 0.144348 0.218428 0.216727 0.20769 0.212806
20120507 104.381      0.983903      0 0.144272 0.21835 0.2168 0.2078 0.212777
20120508 104.314      1      0 0.144341 0.218208 0.216874 0.208067 0.21251
20120509 98.7984      0.999999      0 0.152245 0.230652 0.229046 0.219133 0.168924
20120510 82.1756      1      0 0.183123 0.27754 0.275308 0.264028 0
20120511 82.1184      0.683274      0 0.183266 0.277204 0.275391 0.264139 0
20120512 82.0615      1      0 0.182993 0.277434 0.275319 0.264254 0
20120513 81.9973      0.99473      0 0.183207 0.277246 0.275596 0.263951 0
20120514 81.9986      0.999999      0 0.183303 0.276873 0.275496 0.264328 0
20120515 82.0061      0.97437      0 0.183414 0.27656 0.275511 0.264515 0
20120516 81.9314      0.996552      0 0.183555 0.276523 0.275711 0.264212 0
20120517 81.8848      0.977589      0 0.182254 0.277257 0.275661 0.264828 0
20120518 81.9663      0.684765      0 0.183277 0.277385 0.275111 0.264227 0
20120519 81.9442      0.979033      0 0.183254 0.277737 0.274769 0.264239 0
20120520 81.9301      0.993442      0 0.183304 0.277747 0.27468 0.26427 0
20120521 81.8944      0.940152      0 0.183363 0.277628 0.274751 0.264257 0
20120522 81.7864      0.907378      0 0.183172 0.277802 0.274657 0.264369 0
20120523 81.7531      0.871975      0 0.183348 0.277836 0.274293 0.264524 0
20120524 81.6996      0.936011      0 0.183787 0.278088 0.273734 0.26439 0
20120525 81.9127      0.585958      0 0.183639 0.277432 0.275095 0.263834 0
20120526 81.89      0.965916      0 0.183386 0.277633 0.275109 0.263873 0
20120527 81.8522      0.948893      0 0.183221 0.277318 0.275383 0.264078 0
20120528 81.8044      0.880884      0 0.183405 0.277387 0.27523 0.263978 0
20120529 81.7937      0.0413291      0 0.183312 0.277649 0.275462 0.263578 0
20120530 81.7371      0.72355      0 0.183227 0.277008 0.275439 0.264326 0
20120531 81.7396      0.967849      0 0.183324 0.276891 0.275715 0.264069 0
20120601 81.7156      0.879518      0.000343705 0.183349 0.276796 0.275285 0.264227 0
20120602 84.6603      0.999999      0.0355579 0.176722 0.266887 0.265836 0.254997 0
20120603 86.3112      1      0.055022 0.173584 0.261259 0.260324 0.249811 0
20120604 88.6597      0.976616      0.0803779 0.168844 0.25426 0.253574 0.242945 0
20120605 93.0502      1      0.122603 0.160593 0.243124 0.241771 0.231909 0
20120606 93.4205      0.99519      0.125365 0.160406 0.24269 0.240881 0.230659 0
20120607 96.4074      0.999999      0.152894 0.155478 0.235129 0.232836 0.223662 0
20120608 96.662      0.0396687      0.156467 0.154696 0.233829 0.231663 0.223346 0
20120609 96.6948      0      0.156772 0.154604 0.23423 0.231425 0.222969 0
20120610 96.6784      0      0.156697 0.154623 0.234346 0.231356 0.222978 0
20120611 96.7914      0      0.157618 0.154359 0.234774 0.23084 0.22241 0
20120612 96.8008      0      0.15743 0.154278 0.234979 0.230942 0.222371 0
20120613 96.7656      0      0.157729 0.154443 0.234018 0.231342 0.222468 0
20120614 96.7585      0      0.157576 0.154404 0.233843 0.231745 0.222431 0
20120615 96.8248      0.575985      0.157466 0.154637 0.233468 0.23212 0.222309 0
20120616 94.5908      1      0.161523 0.158151 0.228748 0.228564 0.223013 0
20120617 88.2438      0.999999      0.172856 0.16953 0.217376 0.215271 0.224967 0
20120618 88.6757      0.991039      0.171639 0.168281 0.21857 0.217256 0.224254 0
20120619 88.6509      0.815908      0.171904 0.167514 0.218805 0.217596 0.224181 0
20120620 88.6236      0.917483      0.172021 0.168554 0.21839 0.217383 0.223653 0
20120621 88.6806      1      0.171734 0.16831 0.218665 0.217357 0.223935 0
20120622 88.5055      0.530312      0.171779 0.16839 0.218304 0.217228 0.2243 0
20120623 88.5076      1      0.171809 0.168331 0.218578 0.217185 0.224096 0
20120624 88.4074      1      0.171149 0.168514 0.218556 0.217341 0.22444 0
20120625 87.9465      0.577999      0.172838 0.169313 0.217755 0.216403 0.223692 0
20120626 86.9457      0.715441      0.174899 0.171422 0.216268 0.215217 0.222193 0
20120627 91.206      0.996162      0.166938 0.163637 0.223784 0.223001 0.22264 0
20120628 96.1462      0.999999      0.155741 0.155047 0.234174 0.232564 0.222474 0
20120629 96.3696      0.587897      0.157822 0.154551 0.233566 0.231965 0.222096 0
20120630 96.2002      0.989128      0.15771 0.15453 0.233042 0.231862 0.222856 0
20120701 96.3329      0.989536      0.157666 0.154631 0.233329 0.231766 0.222608 0
20120702 96.146      1      0.157698 0.154536 0.233417 0.231451 0.222899 0
20120703 96.1437      0.999999      0.157627 0.154702 0.233472 0.231537 0.222662 0
20120704 95.8884      0.996899      0.155442 0.155087 0.233871 0.2324 0.2232 0
20120705 96.0568      1      0.157114 0.1545 0.233462 0.232038 0.222885 0
20120706 96.2153      0.665664      0.157477 0.154672 0.233792 0.232062 0.221998 0
20120707 95.9935      0.999999      0.156074 0.154977 0.23409 0.232684 0.222175 0
20120708 95.9648      0.999999      0.155853 0.154802 0.234281 0.232765 0.222299 0
20120709 95.7034      0.990217      0.153632 0.155206 0.234972 0.233428 0.222761 0
20120710 95.5425      0.999999      0.152438 0.155073 0.235466 0.233807 0.223217 0
20120711 95.6053      0.457177      0.152931 0.1552 0.23533 0.233669 0.222869 0
20120712 95.3329      0.929774      0.151737 0.155531 0.235686 0.2338 0.223246 0
20120713 95.943      0.686079      0.156513 0.154428 0.23416 0.23252 0.222379 0
20120714 96.0472      1      0.157098 0.154405 0.233876 0.231944 0.221921 0.000755302
20120715 96.1337      1      0.15671 0.154049 0.233342 0.231587 0.221337 0.0029736
20120716 97.6291      0.944142      0.154108 0.151818 0.229737 0.22818 0.218072 0.0180846
20120717 102.491      0.999999      0.146721 0.144724 0.21894 0.216784 0.208055 0.0647754
20120718 103.592      0.99644      0.145272 0.143235 0.216647 0.214765 0.205637 0.0744444
20120719 110.206      0.899188      0.131401 0.134559 0.203179 0.201917 0.193655 0.135288
20120720 112.876      0.726226      0.128798 0.131492 0.198491 0.197585 0.188834 0.154801
20120721 114.842      0.999999      0.13115 0.129112 0.194893 0.194241 0.185639 0.164965
20120722 118.04      1      0.127728 0.125595 0.189518 0.188982 0.180469 0.187708
20120723 114.893      0.947524      0.131055 0.128992 0.178398 0.178556 0.184535 0.198463
20120724 103.771      0.951717      0.141277 0.142517 0.167893 0.167425 0.203325 0.177563
20120725 106.513      0.996522      0.138051 0.138983 0.175323 0.174261 0.197888 0.175495
20120726 108.771      0.999999      0.137479 0.136074 0.171213 0.1706 0.193473 0.19116
20120727 110.819      0.695718      0.132785 0.133663 0.167574 0.166969 0.189785 0.209224
20120728 111.327      0.008999      0.134603 0.133117 0.166926 0.166379 0.189309 0.209664
20120729 111.256      0      0.134573 0.132931 0.167913 0.166469 0.188584 0.20953
20120730 117.495      0      0.126394 0.125744 0.189078 0.186993 0.176855 0.194936
20120731 112.945      0      0.132504 0.130881 0.196468 0.195774 0.137735 0.206638
20120801 97.4419      0      0.153999 0.151713 0.228073 0.226652 0 0.239563
20120802 97.6751      0      0.153744 0.151438 0.22889 0.226965 0 0.238964
20120803 97.6933      0      0.153616 0.151394 0.229121 0.227418 0 0.23845
20120804 97.7434      0      0.153529 0.151212 0.228956 0.227627 0 0.238675
20120805 97.766      0      0.153566 0.151147 0.228754 0.227817 0 0.238715
20120806 97.7337      0      0.153639 0.151268 0.22872 0.22777 0 0.238603
20120807 97.6555      0      0.153706 0.151369 0.228907 0.227781 0 0.238236
20120808 97.6473      0      0.153662 0.151334 0.22879 0.227826 0 0.238388
20120809 97.5396      0      0.153529 0.151295 0.228992 0.227749 0 0.238434
20120810 97.5245      0      0.153373 0.15133 0.229147 0.227588 0 0.238563
20120811 97.541      0      0.153485 0.151409 0.228952 0.22782 0 0.238334
20120812 97.4438      0      0.153644 0.150485 0.229348 0.227985 0 0.238538
20120813 97.5224      0      0.153478 0.151234 0.229256 0.227929 0 0.238103
20120814 97.4872      0      0.153662 0.151372 0.229065 0.227848 0 0.238053
20120815 97.4231      0      0.153675 0.151472 0.229028 0.227867 0 0.237959
20120816 93.6755      0      0.159546 0.157297 0.224922 0.225793 0 0.232443
20120817 85.6968      0      0.174323 0.172101 0.218044 0.217299 0 0.218233
20120818 85.4581      0      0.174674 0.172585 0.217797 0.217172 0 0.217772
20120819 85.4772      0      0.174841 0.172544 0.217919 0.217216 0 0.21748
20120820 96.4964      0      0.154979 0.152852 0.229277 0.228826 0 0.234067
20120821 97.1501      0      0.153803 0.15179 0.228187 0.228038 0 0.238182
20120822 97.1451      0      0.153577 0.151707 0.228004 0.228172 0 0.23854
20120823 97.1499      0      0.153903 0.15181 0.228589 0.227032 0 0.238665
20120824 97.2431      0      0.153526 0.151569 0.229185 0.227536 0 0.238184
20120825 97.2214      0      0.153389 0.15167 0.22886 0.227764 0 0.238317
20120826 97.1161      0      0.153436 0.151612 0.229254 0.227234 0 0.238464
20120827 97.1049      0      0.153459 0.15149 0.229178 0.227419 0 0.238454
20120828 97.0464      0      0.153617 0.15153 0.229099 0.227622 0 0.238132
20120829 97.0809      0      0.153512 0.151567 0.22924 0.227524 0 0.238156
20120830 97.066      0      0.153573 0.151663 0.229275 0.227404 0 0.238086
20120831 97.1737      0      0.153396 0.151524 0.229374 0.227799 0 0.237907
20120901 97.1574      0      0.153334 0.151542 0.229314 0.227977 0 0.237834
20120902 97.1489      0      0.153309 0.151547 0.229171 0.228216 0 0.237757
20120903 97.0916      0      0.153394 0.151605 0.229054 0.228133 0 0.237814
20120904 97.0541      0      0.15312 0.151487 0.229176 0.227943 0.000654068 0.237619
20120905 98.9413      0      0.150388 0.148646 0.224423 0.223777 0.0193426 0.233424
20120906 104.037      0      0.142907 0.141313 0.213685 0.212936 0.0673384 0.22182
20120907 105.213      0      0.141466 0.139861 0.211097 0.210441 0.0777663 0.219369
20120908 112.087      0      0.132764 0.131259 0.198266 0.197418 0.134424 0.205869
20120909 113.96      0      0.130501 0.129084 0.194774 0.194035 0.149056 0.202549
20120910 118.517      0      0.125482 0.124015 0.186963 0.186677 0.182359 0.194503
20120911 119.507      0      0.124408 0.123059 0.185253 0.185078 0.189391 0.192812
20120912 119.423      0      0.124279 0.12314 0.1852 0.185072 0.189412 0.192897
20120913 118.985      0      0.124775 0.123615 0.18619 0.185642 0.189279 0.1905
20120914 117.987      0      0.125607 0.124296 0.188066 0.18704 0.180181 0.194811
20120915 115.064      0      0.128805 0.127599 0.192978 0.191938 0.159162 0.199518
20120916 114.971      0      0.12892 0.127585 0.192997 0.191797 0.159146 0.199554
20120917 116.739      0      0.127055 0.125649 0.190099 0.188614 0.17192 0.196663
20120918 119.189      0      0.124406 0.123168 0.18595 0.184526 0.189128 0.192822
20120919 119.258      0      0.124165 0.123122 0.186074 0.184469 0.189246 0.192924
20120920 119.138      0      0.124318 0.123251 0.185454 0.184617 0.189415 0.192945
20120921 118.747      0      0.12474 0.123602 0.186746 0.185389 0.18604 0.193484
20120922 97.3849      0      0.151942 0.150697 0.227785 0.226073 0.00817736 0.235325
20120923 100.602      0      0.147137 0.145886 0.220383 0.218303 0.0405076 0.227783
20120924 118.551      0      0.124822 0.12378 0.187067 0.185258 0.185593 0.19348
20120925 119.096      0      0.12433 0.123194 0.18606 0.185073 0.189149 0.192195
20120926 119.078      0      0.124263 0.123012 0.186041 0.185255 0.188929 0.192501
20120927 119.05      0      0.124139 0.123225 0.186092 0.18514 0.188893 0.192511
20120928 117.94      0      0.125307 0.12437 0.178905 0.186914 0.190432 0.194073
20120929 112.025      0      0.132081 0.130796 0.164968 0.187449 0.189562 0.195143
20120930 101.571      0      0.145527 0.144125 0.173646 0.181669 0.175345 0.179689
20121001 102.478      0      0.144372 0.142925 0.180228 0.179235 0.175056 0.178184
20121002 105.85      0      0.139728 0.138312 0.174497 0.204757 0.169891 0.172816
20121003 106.36      0      0.139038 0.137554 0.173509 0.206737 0.168887 0.174275
20121004 110.687      0      0.133533 0.13214 0.166693 0.198676 0.162408 0.20655
20121005 114.844      0      0.128664 0.127283 0.160962 0.191603 0.192374 0.199114
20121006 118.617      0      0.124607 0.123264 0.1852 0.185386 0.18869 0.192853
20121007 118.598      0      0.124523 0.123262 0.18509 0.185053 0.189246 0.192826
20121008 118.616      0      0.124507 0.123256 0.185382 0.184852 0.189277 0.192726
20121009 118.713      0      0.124334 0.123139 0.186204 0.185087 0.188943 0.192292
20121010 118.673      0      0.124142 0.123047 0.186407 0.18474 0.189156 0.192507
20121011 118.626      0      0.124178 0.122977 0.186418 0.184807 0.189102 0.192518
20121012 118.635      0      0.12427 0.123111 0.18642 0.184632 0.189128 0.192439
20121013 118.486      0      0.124416 0.123183 0.186535 0.184555 0.189295 0.192016
20121014 118.451      0      0.124382 0.12312 0.186663 0.184547 0.189143 0.192145
20121015 118.44      0      0.124383 0.122724 0.18682 0.185045 0.188928 0.192101
20121016 118.333      0      0.12347 0.122739 0.186731 0.185565 0.189165 0.19233
20121017 118.434      0      0.124192 0.122685 0.186392 0.185541 0.188846 0.192344
20121018 118.553      0      0.12414 0.122992 0.186201 0.185514 0.188742 0.192412
20121019 118.5      0.557866      0.124083 0.123118 0.186132 0.185466 0.188945 0.192257
20121020 118.498      1      0.124124 0.123077 0.186241 0.185388 0.188893 0.192276
20121021 118.395      0.986423      0.124257 0.123132 0.186024 0.185209 0.18903 0.192348
20121022 118.429      0.955288      0.124216 0.123221 0.18627 0.185004 0.188979 0.192309
20121023 118.317      1      0.124391 0.123389 0.186052 0.185208 0.188886 0.192074
20121024 118.123      0.978801      0.124426 0.123565 0.186265 0.18529 0.187741 0.192713
20121025 118.263      1      0.124359 0.123371 0.185986 0.185088 0.18884 0.192356
20121026 118.156      0.586802      0.124386 0.123303 0.185991 0.185111 0.188779 0.192429
20121027 118.293      0.985924      0.124297 0.123161 0.185932 0.185404 0.18888 0.192326
20121028 118.146      0.982512      0.124361 0.12309 0.185834 0.1854 0.188962 0.192353
20121029 118.031      1      0.124385 0.123017 0.185932 0.185632 0.188556 0.19248
20121030 117.809      1      0.124631 0.123162 0.186177 0.185856 0.187698 0.192476
20121031 117.623      0.995797      0.124612 0.12319 0.186244 0.185891 0.18752 0.192544
20121101 116.383      1      0.125884 0.123206 0.188298 0.187712 0.180399 0.194501
20121102 113.353      0.652089      0.129451 0.127795 0.194201 0.1929 0.155396 0.200258
20121103 113.334      1      0.12944 0.127853 0.194017 0.193038 0.155321 0.200331
20121104 113.271      0.996166      0.129496 0.12776 0.194211 0.1928 0.155474 0.20026
20121105 111.466      0.855423      0.1315 0.130349 0.19191 0.195707 0.158182 0.192352
20121106 106.738      0.467929      0.137365 0.136423 0.189076 0.20412 0.165179 0.167837
20121107 106.72      1      0.137222 0.136369 0.189013 0.204059 0.165373 0.167965
20121108 106.636      1      0.137173 0.136598 0.188684 0.204308 0.165284 0.167955
20121109 106.665      0.634165      0.137071 0.136723 0.188579 0.204171 0.165387 0.168068
20121110 106.577      0.999999      0.137295 0.136682 0.188797 0.203996 0.165095 0.168135
20121111 106.509      1      0.137313 0.136667 0.188715 0.204018 0.165205 0.168082
20121112 106.437      0.982367      0.137342 0.136651 0.188775 0.204128 0.165089 0.168014
20121113 106.438      0.990697      0.137314 0.13661 0.188874 0.203978 0.165167 0.168056
20121114 106.533      0.988375      0.137173 0.136564 0.189041 0.204297 0.165027 0.167899
20121115 108.822      1      0.134226 0.13359 0.184885 0.201082 0.173772 0.172445
20121116 117.435      0.647321      0.124277 0.123583 0.186218 0.186476 0.188748 0.190697
20121117 117.539      1      0.124159 0.123582 0.18683 0.186257 0.188791 0.190382
20121118 117.543      1      0.124287 0.123569 0.186125 0.186171 0.188528 0.19132
20121119 117.411      0.997334      0.124511 0.123781 0.185761 0.186343 0.187681 0.191922
20121120 117.34      1      0.12453 0.123854 0.18638 0.186169 0.187398 0.191669
20121121 117.339      0.989204      0.1244 0.123639 0.186228 0.186055 0.187881 0.191796
20121122 116.999      0.968233      0.124777 0.124026 0.187616 0.182014 0.189265 0.192301
20121123 117.452      0.678369      0.124171 0.12353 0.187061 0.185434 0.188424 0.191381
20121124 117.432      1      0.124143 0.123456 0.187026 0.185726 0.188248 0.191402
20121125 117.393      0.999999      0.12417 0.123406 0.187045 0.185782 0.188176 0.191422
20121126 117.294      0.997057      0.124213 0.123407 0.187103 0.18549 0.188156 0.19163
20121127 117.188      1      0.124371 0.123455 0.186962 0.185073 0.188497 0.191641
20121128 117.17      0.99728      0.12432 0.123328 0.186982 0.185431 0.188346 0.191591
20121129 117.246      1      0.124209 0.123483 0.187378 0.185435 0.188082 0.191413
20121130 117.245      0.696445      0.12443 0.123653 0.18719 0.185282 0.188123 0.191322
20121201 117.179      1      0.124521 0.123745 0.187051 0.184926 0.188135 0.191621
20121202 117.157      1      0.124521 0.123744 0.186845 0.18519 0.18828 0.191419
20121203 117.028      0.995257      0.124606 0.123996 0.186567 0.185265 0.187965 0.191601
20121204 117.065      1      0.124538 0.123964 0.186489 0.185582 0.188122 0.191306
20121205 117.021      0.992505      0.124552 0.123926 0.186395 0.185553 0.188184 0.19139
20121206 116.417      0.996466      0.125126 0.119778 0.18747 0.186412 0.18906 0.192154
20121207 116.746      0.708513      0.124734 0.123838 0.184945 0.186091 0.188613 0.191778
20121208 116.927      0.999999      0.124529 0.1238 0.186308 0.1857 0.188271 0.191392
20121209 116.868      0.930111      0.124598 0.123879 0.18662 0.185402 0.188052 0.191449
20121210 116.763      0.975081      0.124746 0.123879 0.186342 0.185336 0.188138 0.191558
20121211 111.315      1      0.130764 0.129852 0.196316 0.145061 0.197271 0.200735
20121212 95.1645      0.997368      0.152958 0.151938 0.229712 0 0.230653 0.234739
20121213 95.1449      1      0.152995 0.151872 0.229543 0 0.230678 0.234912
20121214 95.2088      0.601215      0.15288 0.151841 0.230028 0 0.230489 0.234761
20121215 95.189      1      0.152955 0.151873 0.229877 0 0.230478 0.234817
20121216 95.2384      0.999999      0.152812 0.151758 0.230057 0 0.23059 0.234783
20121217 95.1535      0.995311      0.152958 0.151318 0.23002 0 0.230804 0.2349
20121218 93.8446      1      0.15496 0.153164 0.232684 0 0.221796 0.237397
20121219 90.4613      0.99663      0.160621 0.158692 0.241785 0 0.192174 0.246727
20121220 89.7986      1      0.161776 0.160132 0.236227 0 0.193592 0.248273
20121221 90.4097      0.604591      0.16056 0.159454 0.241582 0 0.191829 0.246575
20121222 91.2523      1      0.159143 0.157982 0.239345 0 0.199274 0.244255
20121223 94.9155      1      0.152952 0.151759 0.229861 0 0.23072 0.234708
20121224 94.8935      0.992953      0.152916 0.151887 0.22995 0 0.230494 0.234753
20121225 94.8517      1      0.15296 0.151922 0.229895 0 0.230535 0.234687
20121226 94.6854      0.996644      0.153193 0.152129 0.230343 0 0.229334 0.235001
20121227 94.7914      1      0.152966 0.152055 0.230084 0 0.230287 0.234608
20121228 94.864      0.716193      0.152876 0.151922 0.23003 0 0.230653 0.234519
20121229 95.174      1      0.15234 0.151387 0.228854 0.00367382 0.230158 0.233588
20121230 100.058      1      0.144825 0.143925 0.217465 0.0526006 0.218929 0.222256
20121231 101.761      0.629156      0.142415 0.141393 0.213929 0.0691636 0.214635 0.218465
20130101 100.966      0.0126735      0.14339 0.142498 0.215674 0.109214 0.169337 0.219887
20130102 110.922      0      0.130587 0.129775 0.196386 0.149395 0.193641 0.200215
20130103 112.142      0      0.129158 0.128166 0.19411 0.156316 0.194136 0.198113
20130104 116.393      0      0.124377 0.123433 0.1869 0.187769 0.186736 0.190785
20130105 117.401      0      0.123317 0.122351 0.184783 0.19543 0.185071 0.189049
20130106 117.346      0      0.123357 0.122558 0.184405 0.195425 0.185186 0.189068
20130107 117.341      0.815576      0.123298 0.122639 0.184714 0.195368 0.184973 0.189008
20130108 117.385      1      0.123194 0.122661 0.18484 0.195261 0.185128 0.188917
20130109 117.512      0.99188      0.122974 0.122591 0.184393 0.196303 0.18497 0.18877
20130110 117.389      1      0.123097 0.121332 0.1845 0.197023 0.185163 0.188884
20130111 117.673      0.855492      0.122747 0.12218 0.18482 0.19711 0.184791 0.188352
20130112 117.705      1      0.12267 0.122155 0.185223 0.196911 0.18475 0.188291
20130113 117.627      1      0.122707 0.122238 0.185116 0.196866 0.184674 0.188399
20130114 117.564      0.991164      0.122767 0.122198 0.18485 0.197038 0.184677 0.18847
20130115 117.529      1      0.122801 0.122259 0.18481 0.196867 0.185188 0.188075
20130116 117.215      0.991521      0.121345 0.12258 0.184996 0.197131 0.185368 0.188581
20130117 117.115      0.984948      0.120658 0.122747 0.185103 0.197297 0.185507 0.188688
20130118 117.295      1      0.122726 0.12245 0.184633 0.196577 0.185302 0.188312
20130119 117.322      0.969329      0.122727 0.122417 0.184656 0.196871 0.185112 0.188217
20130120 107.697      0.573242      0.133841 0.133089 0.112833 0.213748 0.201515 0.204974
20130121 95.5355      0.821708      0.150968 0.150099 0 0.240692 0.22702 0.231222
20130122 95.1481      1      0.151539 0.150652 0 0.241198 0.228042 0.228569
20130123 95.4948      0.991207      0.151161 0.150231 0 0.239991 0.227155 0.231462
20130124 95.6205      0.999999      0.151015 0.150296 0 0.240563 0.227028 0.231098
20130125 95.6172      0.848043      0.151012 0.150328 0 0.240839 0.226774 0.231048
20130126 95.5923      0.999999      0.150999 0.150323 0 0.240845 0.226845 0.230988
20130127 95.5818      1      0.151021 0.150354 0 0.240811 0.226864 0.23095
20130128 95.5494      0.998198      0.150998 0.150403 0 0.240996 0.226524 0.231079
20130129 95.4172      1      0.151107 0.150486 0 0.240053 0.227175 0.23118
20130130 95.4675      0.996715      0.150889 0.150563 0 0.240493 0.226855 0.231201
20130131 95.4482      1      0.15082 0.150447 0 0.240515 0.227098 0.23112
20130201 95.4158      0.680081      0.151025 0.150426 0 0.240519 0.226874 0.231155
20130202 95.4427      1      0.150948 0.150449 0 0.240679 0.226868 0.231055
20130203 95.3898      0.850789      0.150888 0.150455 0 0.240616 0.226924 0.231117
20130204 95.3202      1      0.15096 0.150501 0 0.240516 0.226808 0.231215
20130205 95.1795      0.930715      0.151146 0.150811 0 0.239296 0.227236 0.231511
20130206 92.2805      0.995126      0.155895 0.155274 0 0.215708 0.234313 0.238811
20130207 90.0188      1      0.1598 0.159023 0 0.210265 0.22619 0.244722
20130208 86.6688      0.855629      0.165877 0.1656 0 0.218066 0.196448 0.25401
20130209 86.6945      0.999999      0.165825 0.165549 0 0.217973 0.196765 0.253888
20130210 86.7073      0.999341      0.165867 0.165516 0 0.217952 0.196845 0.253821
20130211 86.6996      0.990065      0.165783 0.16551 0 0.218035 0.196798 0.253873
20130212 86.6202      0.999999      0.165906 0.165678 0 0.21812 0.196327 0.253968
20130213 86.6798      0.99197      0.165742 0.165509 0 0.218029 0.197015 0.253706
20130214 86.6751      1      0.165708 0.165513 0 0.217912 0.197168 0.253699
20130215 86.6635      0.86555      0.165777 0.165584 0 0.217975 0.196873 0.253791
20130216 86.5829      0.999999      0.165853 0.165482 0 0.21804 0.196778 0.253847
20130217 90.9983      1      0.157776 0.157459 0 0.207386 0.236019 0.24136
20130218 94.9996      0.997495      0.151256 0.150769 0 0.238819 0.227842 0.231314
20130219 95.0774      1      0.151199 0.150657 0 0.239097 0.227829 0.231218
20130220 95.0568      0.997691      0.151247 0.150559 0 0.240009 0.227023 0.231162
20130221 95.0465      0.985081      0.151111 0.15056 0 0.239861 0.227145 0.231324
20130222 95.0057      0.863006      0.151144 0.150493 0 0.240085 0.227266 0.231012
20130223 94.9606      0.98507      0.151224 0.150517 0 0.240036 0.227201 0.231022
20130224 94.9132      0.999999      0.15117 0.150401 0 0.240035 0.227455 0.230939
20130225 94.8232      0.999999      0.151169 0.150702 0 0.23993 0.227183 0.231016
20130226 94.8729      1      0.151087 0.150713 0 0.239859 0.227238 0.231103
20130227 94.9436      0.994017      0.150974 0.150689 0 0.240467 0.226925 0.230945
20130228 94.6957      0.999999      0.151252 0.151058 0 0.24138 0.224809 0.2315
20130301 94.8658      0.718754      0.150908 0.15082 0 0.24071 0.226593 0.230969
20130302 94.9145      0.999999      0.150886 0.15076 0 0.240565 0.227093 0.230696
20130303 94.8804      1      0.150964 0.15071 0 0.240661 0.226924 0.230742
20130304 94.8426      0.878033      0.150845 0.150711 0 0.240667 0.22699 0.230786
20130305 90.3859      1      0.158276 0.158113 0 0.252403 0.238206 0.193002
20130306 72.9864      0.996944      0.196086 0.195876 0 0.312523 0.295515 0
20130307 72.9386      1      0.19626 0.195978 0 0.31277 0.294991 0
20130308 72.8901      0.838043      0.196308 0.195891 0 0.312681 0.29512 0
20130309 72.9211      1      0.196372 0.195739 0 0.312791 0.295098 0
20130310 72.8947      0.999999      0.196392 0.195661 0 0.3127 0.295246 0
20130311 72.8322      0.997845      0.196387 0.195675 0 0.312839 0.295099 0
20130312 72.8367      0.999999      0.196294 0.195608 0 0.31293 0.295168 0
20130313 72.7959      0.99766      0.19634 0.195728 0 0.312803 0.29513 0
20130314 72.7502      0.999999      0.196699 0.19516 0 0.312797 0.295344 0
20130315 72.7664      0.883014      0.196572 0.195029 0 0.313103 0.295296 0
20130316 72.7609      1      0.196531 0.19498 0 0.312956 0.295534 0
20130317 72.6944      0.996862      0.196605 0.195127 0 0.312772 0.295496 0
20130318 72.9287      0.470396      0.196328 0.194578 0.00256517 0.311839 0.29469 0
20130319 73.9106      1      0.193592 0.191866 0.0164001 0.307661 0.290481 0
20130320 74.3368      0.928968      0.192373 0.190936 0.0213187 0.30597 0.289403 0
20130321 79.3439      1      0.180131 0.180119 0.0821687 0.286885 0.270697 0
20130322 79.9538      0.889763      0.178725 0.178701 0.0899365 0.284198 0.26844 0
20130323 84.9254      0.999999      0.168238 0.168218 0.143116 0.267725 0.252702 0
20130324 90.2977      0.958213      0.158324 0.158249 0.193949 0.251788 0.23769 0
20130325 90.7295      0.952272      0.157537 0.157532 0.198039 0.250552 0.236341 0
20130326 95.5992      0.810798      0.149195 0.149298 0.240227 0.237379 0.223902 0
20130327 96.0105      0.927337      0.148719 0.148687 0.243246 0.236129 0.223218 0
20130328 96.1736      1      0.148426 0.148315 0.245022 0.235541 0.222697 0
20130329 96.0213      0.709489      0.148738 0.148517 0.243776 0.235809 0.223161 0
20130330 96.0314      1      0.148635 0.148436 0.24416 0.235866 0.222904 0
20130331 96.1584      0.999999      0.148396 0.148145 0.245368 0.235327 0.222763 0
20130401 95.9372      0.994881      0.148639 0.146489 0.246131 0.235491 0.223251 0
20130402 96.0661      0.999999      0.14829 0.147713 0.245785 0.235267 0.222945 0
20130403 93.6891      0.993523      0.151946 0.152095 0.237647 0.229858 0.228454 0
20130404 88.0157      1      0.161604 0.161836 0.221075 0.212528 0.242957 0
20130405 95.8229      0.872469      0.148421 0.148835 0.245648 0.233962 0.223134 0
20130406 96.0144      1      0.14795 0.148547 0.245482 0.235381 0.22264 0
20130407 95.8886      0.970028      0.148114 0.148719 0.24566 0.2346 0.222907 0
20130408 95.8469      1      0.148224 0.148682 0.245692 0.234356 0.223046 0
20130409 95.8538      1      0.148161 0.14864 0.245402 0.234082 0.223715 0
20130410 95.9556      0.988227      0.147985 0.148466 0.245232 0.233859 0.223412 0.00104575
20130411 95.9697      1      0.148032 0.110767 0.245196 0.234518 0.222931 0.0385555
20130412 89.0548      0.836665      0.159473 0 0.264283 0.253668 0.240561 0.0820144
20130413 90.6635      1      0.156597 0 0.259387 0.249005 0.236018 0.0989931
20130414 97.9946      1      0.14528 0 0.239806 0.230468 0.218136 0.166309
20130415 99.527      0.993323      0.143171 0 0.236236 0.22682 0.214818 0.178956
20130416 102.824      0.999999      0.138483 0 0.227016 0.219478 0.207626 0.207398
20130417 105.117      0.974085      0.13521 0 0.222863 0.214353 0.203127 0.224447
20130418 104.939      0.999999      0.133642 0 0.223274 0.214894 0.203509 0.224681
20130419 105.055      0.966868      0.135039 0 0.223209 0.214463 0.203326 0.223964
20130420 104.749      0.79527      0.135632 0 0.223853 0.214737 0.203516 0.222263
20130421 104.977      0.394655      0.135321 0 0.223534 0.214059 0.202942 0.224145
20130422 104.897      0.996871      0.135396 0 0.223294 0.214726 0.202563 0.22402
20130423 104.947      1      0.135228 0 0.222904 0.21492 0.203215 0.223734
20130424 104.863      0.977795      0.135203 0 0.222497 0.214531 0.20371 0.224059
20130425 104.936      1      0.135309 0 0.221974 0.214942 0.203752 0.224023
20130426 104.847      0.629254      0.135552 0 0.221349 0.215207 0.203714 0.22418
20130427 104.858      1      0.135336 0 0.222218 0.215022 0.203592 0.223832
20130428 104.904      0.988719      0.135149 0 0.222718 0.214791 0.203457 0.223886
20130429 99.5491      0.993899      0.142249 0 0.235091 0.226534 0.161163 0.234963
20130430 76.6506      1      0.184619 0 0.296885 0.275447 0 0.24305
20130501 72.7657      0.99441      0.194269 0 0.29489 0.255139 0 0.255702
20130502 81.2426      1      0.173857 0 0.285945 0.274676 0 0.265522
20130503 83.4183      0.873826      0.16905 0 0.279346 0.269508 0 0.282096
20130504 83.4639      0.845279      0.169084 0 0.279476 0.26949 0 0.28195
20130505 83.3862      0.960431      0.169557 0 0.279294 0.269577 0 0.281572
20130506 83.3469      0.984759      0.169958 0 0.279562 0.269613 0 0.280866
20130507 83.4059      1      0.170067 0 0.279563 0.26954 0 0.280831
20130508 83.3588      0.850242      0.170088 0 0.279648 0.269391 0 0.280873
20130509 83.2853      0.973443      0.170283 0 0.279241 0.269274 0 0.281201
20130510 83.2767      0.934563      0.170143 0 0.280088 0.268769 0 0.281
20130511 83.2949      0.999999      0.17004 0 0.279926 0.2689 0 0.281134
20130512 83.2279      1      0.169605 0 0.279776 0.269104 0 0.281515
20130513 83.1955      0.996581      0.169757 0 0.279724 0.268886 0 0.281633
20130514 83.1299      0.999999      0.169899 0 0.279615 0.26888 0 0.281606
20130515 83.1537      0.984925      0.170259 0 0.279215 0.269702 0 0.280824
20130516 82.9148      1      0.170691 0 0.2793 0.270974 0 0.279035
20130517 83.2759      0.864258      0.170059 0 0.278578 0.270131 0 0.281232
20130518 83.185      1      0.170256 0 0.278696 0.26953 0 0.281518
20130519 83.1583      0.999999      0.170357 0 0.278363 0.269749 0 0.281532
20130520 83.1169      0.994333      0.170518 0 0.278396 0.26955 0 0.281536
20130521 83.1139      0.999999      0.170583 0 0.278014 0.269754 0 0.281648
20130522 83.0222      0.996804      0.170604 0 0.277956 0.270051 0 0.281389
20130523 83.0205      1      0.170541 0 0.278139 0.26995 0 0.281371
20130524 83.1934      0.714518      0.170318 0.00046744 0.278881 0.269269 0 0.281065
20130525 83.2721      0.993053      0.17005 0.00117878 0.278902 0.269253 0 0.280615
20130526 83.2498      1      0.169922 0.00139431 0.278889 0.269151 0 0.280644
20130527 83.1735      0.989977      0.169806 0.001337 0.27894 0.269305 0 0.280612
20130528 83.2597      0.999999      0.169509 0.00174156 0.278663 0.269072 0.00062477 0.280389
20130529 84.4566      0.99736      0.167216 0.0166109 0.274319 0.26464 0.00135808 0.275856
20130530 89.4752      0.992866      0.1577 0.0505957 0.259019 0.250256 0.0227836 0.259646
20130531 94.5783      0.880067      0.149014 0.0509161 0.244825 0.23676 0.073112 0.245373
20130601 97.6564      1      0.143998 0.0776876 0.236953 0.228989 0.0747971 0.237575
20130602 108.22      0.984873      0.129673 0.106611 0.213979 0.206724 0.128748 0.214266
20130603 111.906      0.99674      0.125755 0.105335 0.207164 0.200251 0.153863 0.207631
20130604 118.178      1      0.11954 0.125184 0.19607 0.18942 0.17386 0.195926
20130605 120.998      0.827812      0.116645 0.127314 0.19144 0.184709 0.18827 0.191623
20130606 121.212      0.901883      0.116443 0.128185 0.191071 0.184763 0.188193 0.191346
20130607 121.115      0.830958      0.116507 0.128167 0.191021 0.184751 0.188337 0.191216
20130608 120.456      0.97054      0.116913 0.127147 0.191953 0.183249 0.188408 0.19233
20130609 121.139      0.973501      0.116584 0.12904 0.190841 0.18458 0.187922 0.191033
20130610 120.995      0.969783      0.116308 0.129288 0.191173 0.184879 0.187324 0.191028
20130611 116.009      0.955598      0.121954 0.134738 0.199167 0.192455 0.157008 0.194678
20130612 108.977      0.940283      0.129761 0.143374 0.2117 0.177263 0.168025 0.169877
20130613 120.711      0.988516      0.116985 0.12923 0.190878 0.18348 0.188236 0.191192
20130614 120.937      0.572277      0.116751 0.129043 0.190675 0.18375 0.187561 0.192221
20130615 120.852      0.931976      0.11664 0.129156 0.190831 0.183768 0.187664 0.191941
20130616 120.86      0.777081      0.11691 0.129053 0.190698 0.183747 0.187727 0.191865
20130617 120.759      0.984894      0.116504 0.129154 0.19092 0.183972 0.187405 0.192045
20130618 120.906      0.984449      0.116566 0.128788 0.190689 0.183848 0.188371 0.191737
20130619 120.683      0.99721      0.115027 0.129041 0.190848 0.184382 0.188605 0.192096
20130620 120.894      0.00762821      0.116349 0.128748 0.190128 0.184364 0.18847 0.191942
20130621 120.866      0.647545      0.11652 0.128679 0.19068 0.184431 0.188148 0.191542
20130622 120.869      0.999999      0.116539 0.128619 0.19052 0.184435 0.18818 0.191706
20130623 120.657      0.988619      0.116568 0.128601 0.190746 0.184227 0.188148 0.191709
20130624 120.591      0.97789      0.116676 0.128822 0.190538 0.184349 0.187952 0.191662
20130625 120.542      0.984854      0.116623 0.128712 0.190633 0.184354 0.187961 0.191716
20130626 120.546      0.996777      0.116402 0.128597 0.190837 0.184149 0.188091 0.191923
20130627 120.518      1      0.116492 0.128199 0.190889 0.1846 0.187974 0.191847
20130628 120.369      0.837166      0.11693 0.128645 0.19067 0.184259 0.187495 0.192002
20130629 120.52      0.999999      0.11706 0.128819 0.190628 0.183921 0.187824 0.191748
20130630 120.494      0.969892      0.117071 0.128781 0.190597 0.183664 0.188165 0.191722
20130701 120.484      0.986499      0.116999 0.128796 0.19024 0.183852 0.188277 0.191835
20130702 120.425      0.98858      0.117081 0.128848 0.190313 0.184308 0.188082 0.191368
20130703 120.547      0.99048      0.116927 0.128653 0.190514 0.184474 0.187828 0.191604
20130704 120.256      0.984927      0.117128 0.127225 0.190757 0.184941 0.188065 0.191884
20130705 120.497      0.845204      0.116824 0.128769 0.190644 0.184602 0.187644 0.191517
20130706 120.404      1      0.116808 0.128716 0.190644 0.184783 0.18784 0.191209
20130707 120.287      1      0.116826 0.128818 0.1907 0.184587 0.187816 0.191254
20130708 120.334      0.982447      0.116988 0.128732 0.190561 0.184768 0.18749 0.19146
20130709 120.245      0.984888      0.117164 0.128684 0.19062 0.184247 0.187912 0.191374
20130710 120.08      0.986077      0.117246 0.128766 0.19078 0.183502 0.188034 0.191672
20130711 120.065      0.987657      0.116948 0.12873 0.190863 0.183905 0.187889 0.191665
20130712 120.13      0.84866      0.117002 0.128658 0.190798 0.184396 0.187805 0.191342
20130713 119.995      0.984874      0.116697 0.128679 0.190866 0.184738 0.18788 0.191141
20130714 120.027      0.984915      0.116568 0.128805 0.190738 0.18481 0.187761 0.191318
20130715 120.017      0.993361      0.116789 0.128873 0.190608 0.184953 0.187776 0.191002
20130716 119.846      0.988513      0.116881 0.128994 0.190931 0.184589 0.187691 0.190914
20130717 119.92      0.995245      0.116631 0.128907 0.19116 0.184172 0.187758 0.191373
20130718 119.53      1      0.117386 0.129284 0.19145 0.183425 0.186074 0.192381
20130719 119.851      0.692875      0.117302 0.128901 0.190886 0.183778 0.187594 0.191539
20130720 119.835      0.869753      0.117357 0.128756 0.191095 0.183741 0.187276 0.191775
20130721 119.98      1      0.117212 0.128661 0.190863 0.185017 0.186841 0.191405
20130722 119.998      0.982044      0.117057 0.128576 0.190832 0.184873 0.187355 0.191308
20130723 120.017      0.999999      0.117032 0.128491 0.19049 0.185066 0.18757 0.19135
20130724 119.935      0.997051      0.117144 0.128542 0.190492 0.185052 0.187458 0.191311
20130725 119.755      1      0.117183 0.128118 0.190441 0.184823 0.187918 0.191517
20130726 119.697      0.768964      0.117153 0.128522 0.190552 0.184552 0.187756 0.191465
20130727 119.689      0.969689      0.117196 0.128582 0.190608 0.184514 0.187508 0.191593
20130728 119.774      0.847407      0.117334 0.128611 0.190715 0.1845 0.18745 0.19139
20130729 119.727      0.979348      0.117215 0.128646 0.190737 0.184809 0.187205 0.191387
20130730 119.62      0.999999      0.117292 0.128638 0.190826 0.184776 0.18746 0.191008
20130731 119.637      0.939537      0.116995 0.128576 0.191041 0.184791 0.187249 0.191348
20130801 119.585      0.986098      0.117066 0.128591 0.190773 0.184746 0.187518 0.191306
20130802 119.413      0.8261      0.116822 0.12864 0.190771 0.184516 0.187531 0.191721
20130803 119.324      0.987742      0.116801 0.128756 0.190685 0.184341 0.187504 0.191913
20130804 119.282      0.999635      0.116816 0.128714 0.190813 0.184578 0.187392 0.191686
20130805 119.369      0.984885      0.117306 0.12868 0.190974 0.184467 0.187032 0.191541
20130806 119.423      1      0.117514 0.128583 0.19088 0.184288 0.187494 0.191241
20130807 119.438      0.979037      0.117457 0.128487 0.190962 0.184901 0.186946 0.191248
20130808 119.448      0.81287      0.117468 0.128448 0.190876 0.185305 0.186729 0.191173
20130809 119.258      0.0431399      0.11737 0.128576 0.190955 0.184688 0.187589 0.190823
20130810 119.5      0      0.117324 0.128214 0.19083 0.185239 0.187196 0.191196
20130811 119.449      0.635124      0.117355 0.128373 0.190831 0.185219 0.187038 0.191184
20130812 119.375      0.98151      0.117513 0.128341 0.190625 0.185171 0.187213 0.191136
20130813 118.108      0.998371      0.118513 0.129692 0.192651 0.187103 0.179068 0.192972
20130814 108.59      0.934568      0.128746 0.140994 0.209274 0.176899 0.165989 0.178097
20130815 106.793      0.984887      0.131025 0.143413 0.212456 0.173197 0.168201 0.171707
20130816 113.33      0.0427658      0.123778 0.135024 0.20014 0.184845 0.157953 0.19826
20130817 114.813      0.937019      0.121909 0.133247 0.197679 0.191953 0.157059 0.198154
20130818 114.862      1      0.121757 0.133307 0.197941 0.192124 0.15657 0.1983
20130819 118.759      0.996019      0.117793 0.128784 0.191203 0.18566 0.185061 0.191498
20130820 118.98      0.9884      0.117533 0.128382 0.190846 0.185038 0.187308 0.190893
20130821 118.792      0.981818      0.117457 0.1284 0.191248 0.18483 0.187154 0.19091
20130822 118.826      1      0.117189 0.128391 0.191107 0.184955 0.187417 0.19094
20130823 118.665      0.868253      0.117175 0.12868 0.191319 0.184565 0.187359 0.190902
20130824 118.826      0.916799      0.117071 0.128513 0.19102 0.184748 0.187442 0.191206
20130825 118.86      0.971041      0.117272 0.128622 0.190921 0.184544 0.187358 0.191283
20130826 118.936      0.996851      0.117555 0.128363 0.190639 0.185384 0.187083 0.190976
20130827 118.799      0.984891      0.117641 0.128368 0.190711 0.185669 0.187027 0.190585
20130828 118.784      0.996938      0.117685 0.128224 0.190718 0.185371 0.186897 0.191105
20130829 118.747      1      0.117759 0.128388 0.190639 0.185043 0.186916 0.191255
20130830 118.646      0.867887      0.117706 0.128436 0.190486 0.185036 0.187063 0.191273
20130831 118.624      1      0.117721 0.12842 0.190659 0.184995 0.186988 0.191218
20130901 118.711      0.999999      0.117795 0.1283 0.19068 0.185375 0.186841 0.191009
20130902 118.672      0.997566      0.117693 0.128437 0.191029 0.185342 0.186175 0.191324
20130903 118.612      1      0.117768 0.128415 0.190804 0.185023 0.187122 0.190867
20130904 118.56      0.997411      0.117857 0.128365 0.190595 0.184981 0.186711 0.191491
20130905 118.253      0.984948      0.117216 0.128512 0.190855 0.185125 0.186516 0.191776
20130906 118.579      0.864911      0.117738 0.128174 0.190776 0.185401 0.18662 0.191291
20130907 118.728      0.999999      0.117608 0.128193 0.19069 0.185576 0.186844 0.19109
20130908 118.656      0.898917      0.117731 0.12819 0.190383 0.185619 0.186991 0.191086
20130909 118.384      1      0.11802 0.127265 0.190753 0.185845 0.186855 0.191262
20130910 118.53      0.984889      0.117774 0.128377 0.190573 0.185524 0.186777 0.190975
20130911 118.507      0.982076      0.117847 0.128263 0.190347 0.185587 0.186773 0.191183
20130912 118.469      0.984874      0.117906 0.128354 0.190429 0.18532 0.186863 0.191128
20130913 118.447      0.701421      0.117764 0.128265 0.190437 0.185448 0.186779 0.191306
20130914 118.404      1      0.117803 0.128255 0.190396 0.185471 0.186909 0.191166
20130915 118.4      0.999999      0.117852 0.128321 0.190245 0.18562 0.186814 0.191148
20130916 118.267      0.986086      0.117846 0.128353 0.190583 0.185414 0.187003 0.1908
20130917 118.05      1      0.117937 0.128347 0.190065 0.185505 0.187177 0.190967
20130918 113.344      0.995632      0.122756 0.133728 0.187759 0.184346 0.183081 0.188331
20130919 102.302      0.970031      0.136082 0.14835 0.18522 0.179839 0.173762 0.176748
20130920 102.174      0.762068      0.136129 0.148425 0.185047 0.180076 0.173623 0.176699
20130921 102.263      0.988559      0.135845 0.148303 0.18498 0.179923 0.173663 0.177286
20130922 98.9036      1      0.132674 0.129312 0.190819 0.185558 0.178868 0.182769
20130923 101.504      0.966908      0.134195 0.145857 0.185929 0.181254 0.175079 0.177687
20130924 117.557      1      0.117698 0.128991 0.189438 0.185702 0.187574 0.190596
20130925 117.753      0.996938      0.118195 0.128768 0.189657 0.18481 0.187376 0.191194
20130926 117.659      1      0.117762 0.128671 0.189781 0.185139 0.187545 0.191102
20130927 117.685      0.872124      0.11836 0.128688 0.189091 0.184924 0.18769 0.191248
20130928 117.694      0.984871      0.118262 0.12872 0.189626 0.18515 0.187325 0.190917
20130929 117.706      1      0.118251 0.12874 0.190388 0.184823 0.186977 0.190821
20130930 113.436      0.991647      0.122637 0.133493 0.182457 0.192773 0.173457 0.195183
20131001 105.369      0.988617      0.132163 0.143614 0.178516 0.207841 0.167419 0.170448
20131002 105.47      0.995998      0.131992 0.143518 0.178437 0.207688 0.167246 0.171119
20131003 109.923      0.98477      0.126724 0.137616 0.172023 0.198894 0.160505 0.204238
20131004 113.596      0.87562      0.12252 0.13314 0.197846 0.192569 0.156431 0.197494
20131005 117.744      1      0.118113 0.128387 0.191029 0.185635 0.186581 0.190255
20131006 117.625      0.999999      0.118101 0.128481 0.191217 0.185489 0.186481 0.190231
20131007 117.552      0.992518      0.118023 0.128422 0.191221 0.185709 0.186387 0.190237
20131008 117.478      0.984893      0.11804 0.12849 0.191221 0.185444 0.186416 0.190389
20131009 117.546      0.97587      0.117992 0.128452 0.191415 0.184642 0.186709 0.19079
20131010 117.746      1      0.117928 0.128155 0.191269 0.18471 0.186761 0.191178
20131011 117.711      0.716587      0.117619 0.128168 0.191073 0.185031 0.186771 0.191338
20131012 117.737      1      0.117549 0.128113 0.191033 0.18534 0.186947 0.191019
20131013 117.697      0.999999      0.117516 0.128099 0.19124 0.185255 0.186797 0.191094
20131014 117.591      0.997045      0.117546 0.128097 0.191165 0.18533 0.186645 0.191217
20131015 117.588      0.984753      0.117439 0.128217 0.191254 0.185343 0.186745 0.191002
20131016 114.254      0.997674      0.0920728 0.131882 0.1968 0.19067 0.191926 0.196649
20131017 103.746      0.735647      0 0.145168 0.216827 0.209637 0.211592 0.216775
20131018 103.746      0.768409      0 0.145256 0.217012 0.209504 0.211761 0.216467
20131019 103.653      0.984727      0 0.145346 0.216733 0.209893 0.211897 0.216131
20131020 103.632      0.982554      0 0.145312 0.216797 0.209826 0.211887 0.216178
20131021 103.434      0.866601      0 0.145493 0.216741 0.209996 0.21202 0.21575
20131022 102.718      0.942036      0 0.146393 0.218429 0.205186 0.213247 0.216745
20131023 103.42      0.981185      0 0.145342 0.217063 0.209594 0.211665 0.216335
20131024 103.461      0.999999      0 0.145326 0.216814 0.209263 0.211816 0.216781
20131025 103.531      0.884994      0 0.14502 0.216643 0.210402 0.211391 0.216545
20131026 103.143      0.999999      0 0.141962 0.216928 0.211703 0.212313 0.217094
20131027 103.649      0.98484      0 0.145144 0.216473 0.210947 0.211288 0.216149
20131028 103.544      0.979391      0 0.145265 0.216221 0.211048 0.211125 0.216341
20131029 103.489      0.982723      0 0.145136 0.216397 0.210845 0.211329 0.216293
20131030 103.517      0.994166      0 0.145125 0.216296 0.210921 0.211343 0.216315
20131031 103.469      0.999999      0 0.145247 0.216364 0.210706 0.211149 0.216533
20131101 103.404      0.862835      0 0.145268 0.216339 0.210633 0.211174 0.216587
20131102 103.311      0.984739      0 0.145371 0.216253 0.210588 0.21114 0.216647
20131103 103.288      0.984397      0 0.145336 0.21621 0.210556 0.211076 0.216822
20131104 103.255      0.991715      0 0.145264 0.2162 0.210445 0.211114 0.216977
20131105 103.233      0.999999      0 0.145298 0.216228 0.210583 0.210991 0.2169
20131106 103.256      0.690689      0 0.145225 0.215897 0.210263 0.211757 0.216857
20131107 103.152      0.975744      0 0.145377 0.214943 0.210706 0.211908 0.217065
20131108 103.217      0.586235      0 0.145342 0.215636 0.210401 0.211717 0.216904
20131109 103.164      0.898691      0 0.145197 0.215886 0.210363 0.211651 0.216903
20131110 103.158      0.999999      0 0.145241 0.216084 0.210345 0.211638 0.216693
20131111 103.018      0.985923      0 0.144983 0.216337 0.210373 0.211569 0.216738
20131112 102.944      0.984818      0 0.145175 0.216021 0.210215 0.211699 0.21689
20131113 102.8      0.984357      0 0.145302 0.215925 0.21032 0.211473 0.21698
20131114 102.513      1      0 0.145887 0.216567 0.210895 0.212533 0.214119
20131115 102.949      0.738937      0 0.145332 0.216583 0.209894 0.211544 0.216647
20131116 103.007      1      0 0.14509 0.217347 0.209911 0.211322 0.216331
20131117 102.919      0.926945      0 0.145176 0.21742 0.209794 0.211284 0.216326
20131118 102.757      0.93623      0 0.145305 0.217688 0.209529 0.211587 0.215891
20131119 102.654      0.925588      0 0.145545 0.217788 0.209046 0.2118 0.215821
20131120 102.697      0.985229      0 0.145551 0.217932 0.208329 0.21161 0.216578
20131121 97.1086      0.958373      0 0.153953 0.230343 0.163499 0.223731 0.228474
20131122 81.1517      0.853702      0 0.184234 0.27505 0 0.267641 0.273076
20131123 81.0286      1      0 0.18437 0.274667 0 0.267536 0.273427
20131124 81.0663      0.969654      0 0.184144 0.274906 0 0.267294 0.273656
20131125 80.9849      0.993417      0 0.184293 0.275138 0 0.266961 0.273608
20131126 81.0853      0.943128      0 0.183975 0.274819 0 0.267832 0.273374
20131127 81.1817      0.0874883      0 0.183927 0.274572 0 0.26754 0.273961