20111224 96.7984      0.379184      0.14589 0.161935 0.225485 0 0.230136 0.236554
20111225 96.7596      1      0.145968 0.161916 0.225467 0 0.230197 0.236452
20111226 96.7418      0.963933      0.146087 0.161926 0.225358 0 0.230094 0.236535
20111227 96.727      1      0.146068 0.161811 0.225545 0 0.230045 0.236531
20111228 96.7096      0.997025      0.146055 0.161765 0.225664 0 0.230031 0.236485
20111229 96.6583      0.999999      0.146106 0.161785 0.225503 0 0.229978 0.236629
20111230 96.6461      0.635641      0.146154 0.161788 0.225623 0 0.230032 0.236401
20111231 96.5752      0.993334      0.146166 0.161797 0.225628 0 0.22976 0.236649
20120101 96.5613      0.998375      0.146169 0.161741 0.225669 0 0.229887 0.236534
20120102 96.5201      1      0.146144 0.161753 0.22563 0 0.229967 0.236506
20120103 96.6014      0.996007      0.146045 0.161709 0.225833 0 0.230068 0.236345
20120104 96.5651      1      0.145965 0.161892 0.225664 0 0.230163 0.236315
20120105 96.1705      0.982698      0.146513 0.162405 0.226512 0 0.227474 0.237095
20120106 96.4277      0.652559      0.145867 0.161919 0.225785 0 0.230213 0.236216
20120107 96.4092      1      0.14587 0.161858 0.22584 0 0.230111 0.236321
20120108 96.4795      0.990878      0.145631 0.161738 0.225856 0.000903138 0.229817 0.236055
20120109 96.5111      0.986111      0.145401 0.161227 0.225367 0.00235709 0.229684 0.235963
20120110 101.203      0.951323      0.138909 0.154046 0.21462 0.048409 0.219163 0.224854
20120111 103.558      0.999999      0.136223 0.150524 0.209891 0.0696842 0.214027 0.219652
20120112 107.11      0.798922      0.131731 0.145504 0.202734 0.100755 0.206912 0.212363
20120113 113.572      0.774843      0.124114 0.137132 0.19057 0.153046 0.194994 0.200143
20120114 114.257      0.698922      0.123482 0.136299 0.189181 0.157917 0.193816 0.199305
20120115 118.534      1      0.118948 0.131365 0.182339 0.188672 0.186696 0.191979
20120116 119.159      0.681316      0.118302 0.130573 0.181389 0.193069 0.185715 0.190951
20120117 114.319      0.859007      0.12329 0.136067 0.189173 0.200803 0.194223 0.156444
20120118 114.306      0.530548      0.123253 0.135996 0.189127 0.200936 0.194108 0.156579
20120119 113.524      0.6647      0.124127 0.136937 0.190327 0.204663 0.186479 0.157467
20120120 107.231      0.489618      0.131406 0.144857 0.156713 0.216895 0.183534 0.166595
20120121 88.9135      0.82767      0.158354 0.174726 0 0.250464 0.215508 0.200948
20120122 84.6745      0.894277      0.166228 0.18338 0 0.232172 0.206909 0.211311
20120123 84.602      0.902807      0.166144 0.183451 0 0.232435 0.207007 0.210963
20120124 84.609      0.994955      0.165866 0.183375 0 0.23236 0.207658 0.210741
20120125 84.5997      0.986322      0.165946 0.183273 0 0.232319 0.207861 0.210601
20120126 84.6939      0.968976      0.165907 0.183118 0 0.231955 0.207625 0.211395
20120127 96.9414      0.974778      0.144966 0.159996 0 0.238283 0.223623 0.233132
20120128 97.4377      0.648659      0.144219 0.15907 0 0.238322 0.226137 0.232253
20120129 97.4329      0.862452      0.144229 0.159022 0 0.23851 0.226182 0.232057
20120130 97.3827      0.847961      0.144234 0.159098 0 0.238397 0.226156 0.232116
20120131 97.211      0.923818      0.144532 0.159374 0 0.238732 0.226703 0.230659
20120201 95.8537      0.997546      0.146625 0.158914 0 0.242002 0.222943 0.229516
20120202 97.3334      0.999999      0.144412 0.159146 0 0.237966 0.226497 0.23198
20120203 97.2983      0.740853      0.144364 0.159162 0 0.238146 0.226337 0.231992
20120204 97.2839      0.992956      0.144428 0.15916 0 0.238305 0.226156 0.23195
20120205 97.2157      0.999999      0.144485 0.159136 0 0.238123 0.226339 0.231917
20120206 97.1866      0.7624      0.144416 0.159159 0 0.238091 0.2263 0.232033
20120207 97.129      1      0.144431 0.159169 0 0.238205 0.226201 0.231994
20120208 97.1354      0.994978      0.144401 0.159137 0 0.238226 0.226279 0.231956
20120209 97.1126      0.999999      0.144464 0.158921 0 0.238346 0.22626 0.232008
20120210 100.779      0.653177      0.139241 0.153287 0.0363887 0.229708 0.217896 0.223479
20120211 104.185      0.99632      0.134527 0.14824 0.0684135 0.222011 0.210703 0.216106
20120212 107.017      1      0.131027 0.144254 0.0929901 0.216452 0.20505 0.210227
20120213 114.284      0.936742      0.122644 0.134973 0.151065 0.202611 0.19171 0.196996
20120214 114.58      0.994963      0.122148 0.134667 0.153579 0.201768 0.19133 0.196508
20120215 117.482      0.997037      0.119088 0.131337 0.174538 0.1968 0.186612 0.191626
20120216 120.118      0.999999      0.116466 0.128419 0.19277 0.192473 0.182473 0.187398
20120217 120.288      0.646448      0.116579 0.128152 0.193985 0.192005 0.182233 0.187047
20120218 120.19      0.876134      0.116719 0.128219 0.193812 0.191868 0.182216 0.187166
20120219 119.72      0.999999      0.113046 0.128699 0.194668 0.192818 0.182942 0.187827
20120220 120.18      0.996825      0.116624 0.128156 0.194337 0.191968 0.181861 0.187054
20120221 120.205      1      0.116705 0.128113 0.194221 0.191978 0.182089 0.186893
20120222 120.233      0.993362      0.116725 0.128032 0.194012 0.192168 0.182138 0.186924
20120223 118.905      1      0.117975 0.129461 0.196124 0.185025 0.183741 0.187673
20120224 119.872      0.673035      0.116922 0.128384 0.194549 0.190352 0.182445 0.187349
20120225 119.99      0.994666      0.11682 0.128197 0.194259 0.191541 0.182164 0.187019
20120226 119.961      1      0.116687 0.128196 0.194183 0.191853 0.18222 0.186861
20120227 119.962      0.961183      0.116664 0.1281 0.193939 0.192241 0.182105 0.18695
20120228 119.922      1      0.116532 0.128261 0.194037 0.192366 0.182033 0.186771
20120229 119.889      0.993107      0.116514 0.128343 0.194119 0.192304 0.181937 0.186783
20120301 119.346      1      0.117019 0.128865 0.194757 0.189028 0.182849 0.187482
20120302 119.857      0.71995      0.116795 0.128248 0.193954 0.192246 0.182267 0.186491
20120303 119.777      0.996371      0.116731 0.128418 0.193854 0.192087 0.182153 0.186756
20120304 119.764      0.999999      0.116771 0.128394 0.193764 0.192179 0.182241 0.186651
20120305 119.714      0.994138      0.116766 0.128436 0.193873 0.191939 0.182125 0.186862
20120306 119.739      1      0.116774 0.128426 0.193843 0.192075 0.182195 0.186686
20120307 119.681      0.996698      0.116697 0.128427 0.193813 0.192206 0.182117 0.186739
20120308 119.58      0.929442      0.116818 0.128422 0.193607 0.192224 0.18223 0.186699
20120309 119.426      0.613238      0.116852 0.128545 0.193112 0.192081 0.182463 0.186947
20120310 119.446      0.997353      0.116836 0.128553 0.193158 0.1921 0.182425 0.186929
20120311 119.398      1      0.116877 0.128544 0.193133 0.192094 0.182403 0.186949
20120312 119.455      0.994127      0.116809 0.128443 0.193549 0.192223 0.182248 0.186729
20120313 119.366      1      0.116902 0.128489 0.193889 0.191941 0.182291 0.186487
20120314 119.42      0.9932      0.116726 0.128366 0.193971 0.191992 0.182258 0.186687
20120315 119.292      1      0.116668 0.128416 0.193922 0.191974 0.182307 0.186713
20120316 119.377      0.724871      0.116751 0.128441 0.193786 0.192254 0.18209 0.186678
20120317 119.348      1      0.116832 0.128433 0.193717 0.192283 0.182181 0.186554
20120318 119.329      1      0.116906 0.12847 0.193705 0.192237 0.182124 0.186558
20120319 119.262      0.971158      0.117002 0.128485 0.193672 0.192357 0.18189 0.186593
20120320 119.294      0.97509      0.11695 0.128461 0.193536 0.192184 0.18214 0.18673
20120321 119.299      0.963657      0.116933 0.128391 0.193673 0.19201 0.182156 0.186836
20120322 119.14      0.901081      0.117101 0.128501 0.19332 0.191896 0.182231 0.186951
20120323 119.249      0.635414      0.116938 0.128251 0.193978 0.191961 0.182108 0.186764
20120324 119.194      0.974908      0.116966 0.12833 0.193888 0.191882 0.182209 0.186726
20120325 119.175      1      0.117033 0.12829 0.193951 0.191918 0.182084 0.186723
20120326 119.086      0.993534      0.117128 0.128399 0.193571 0.191986 0.182144 0.186772
20120327 119.087      0.974108      0.117116 0.128387 0.193554 0.192054 0.182211 0.186677
20120328 119.027      1      0.117011 0.128377 0.193571 0.192122 0.182228 0.186691
20120329 118.407      0.950059      0.117466 0.128999 0.189604 0.193209 0.18309 0.187632
20120330 118.902      0.669743      0.11675 0.128458 0.193654 0.191997 0.182396 0.186744
20120331 118.914      0.956454      0.11669 0.128475 0.193505 0.19206 0.182542 0.186728
20120401 118.92      0.935595      0.117245 0.128453 0.193337 0.192047 0.182272 0.186647
20120402 118.909      1      0.117292 0.128402 0.193672 0.191841 0.18223 0.186564
20120403 115.186      0.987447      0.121099 0.132616 0.188382 0.188591 0.176305 0.193006
20120404 106.402      1      0.13107 0.143536 0.177975 0.1774 0.161131 0.208889
20120405 118.592      0.96495      0.117603 0.128824 0.19337 0.190388 0.182461 0.187355
20120406 118.763      0.676849      0.117354 0.128708 0.192944 0.191651 0.182388 0.186954
20120407 118.817      0.000145767      0.117188 0.128615 0.192706 0.191662 0.1824 0.187427
20120408 104.617      0.548991      0 0.145655 0.218677 0.216747 0.206918 0.212003
20120409 104.733      0.936762      0 0.145464 0.218505 0.217563 0.206695 0.211772
20120410 100.795      0.988033      0 0.151232 0.213081 0.212525 0.210047 0.213116
20120411 104.57      0.958331      0 0.145758 0.218314 0.216252 0.207343 0.212334
20120412 104.969      0.992233      0 0.145392 0.219104 0.217196 0.206715 0.211592
20120413 104.964      0.710282      0 0.145485 0.219245 0.217174 0.20658 0.211516
20120414 104.935      0.914156      0 0.145298 0.219185 0.217252 0.206621 0.211644
20120415 104.871      0.996769      0 0.145197 0.219234 0.21739 0.206528 0.211651
20120416 104.736      1      0 0.14534 0.219491 0.217699 0.205643 0.211828
20120417 104.833      0.990419      0 0.145216 0.219164 0.217107 0.206596 0.211916
20120418 104.774      0.999999      0 0.145142 0.21882 0.217462 0.206501 0.212075
20120419 104.7      0.996494      0 0.145083 0.218645 0.217594 0.206584 0.212095
20120420 104.713      0.707159      0 0.145258 0.218612 0.217494 0.206572 0.212064
20120421 104.719      0.999999      0 0.14539 0.218607 0.21747 0.206541 0.211991
20120422 104.745      0.996292      0 0.145329 0.218502 0.217246 0.20679 0.212133
20120423 104.691      0.999999      0 0.145237 0.218777 0.217424 0.206715 0.211847
20120424 104.383      0.996229      0 0.143618 0.218934 0.217998 0.207215 0.212236
20120425 104.565      0.99363      0 0.145346 0.218504 0.217231 0.20681 0.21211
20120426 104.63      0.960267      0 0.14534 0.218818 0.216922 0.206734 0.212185
20120427 104.551      0.664589      0 0.145334 0.218824 0.217 0.206696 0.212145
20120428 104.534      0.999999      0 0.145312 0.218768 0.217011 0.206637 0.212272
20120429 101.82      0.959974      0 0.149261 0.211184 0.209826 0.21209 0.217638
20120430 95.2334      1      0 0.15949 0.197693 0.197305 0.212699 0.232813
20120501 92.3884      0.888564      0 0.16431 0.204866 0.204076 0.186934 0.239815
20120502 104.32      0.999999      0 0.145581 0.218409 0.216249 0.20723 0.212531
20120503 104.459      0.98957      0 0.145347 0.218644 0.216102 0.207409 0.212498
20120504 104.588      0.639404      0 0.145072 0.218168 0.216633 0.207438 0.212689
20120505 104.549      1      0 0.145055 0.2183 0.216964 0.207241 0.21244
20120506 104.514      0.844305      0 0.145042 0.218436 0.216829 0.207264 0.21243
20120507 104.518      0.983903      0 0.144965 0.218358 0.216902 0.207373 0.212401
20120508 104.45      1      0 0.145035 0.218215 0.216976 0.207639 0.212135
20120509 98.9374      0.999999      0 0.152962 0.230637 0.229131 0.218661 0.168608
20120510 82.3223      1      0 0.183916 0.277417 0.275307 0.26336 0
20120511 82.2651      0.683274      0 0.184059 0.277081 0.275389 0.263471 0
20120512 82.208      1      0 0.183785 0.277311 0.275317 0.263586 0
20120513 82.1438      0.99473      0 0.184 0.277123 0.275594 0.263283 0
20120514 82.1451      0.999999      0 0.184096 0.27675 0.275494 0.26366 0
20120515 82.1526      0.97437      0 0.184208 0.276437 0.275509 0.263846 0
20120516 82.0779      0.996552      0 0.184349 0.2764 0.275708 0.263543 0
20120517 82.0305      0.977589      0 0.183044 0.277136 0.27566 0.26416 0
20120518 82.1127      0.684765      0 0.18407 0.277262 0.275109 0.263559 0
20120519 82.0906      0.979033      0 0.184047 0.277614 0.274767 0.263571 0
20120520 82.0764      0.993442      0 0.184098 0.277623 0.274678 0.263601 0
20120521 82.0407      0.940152      0 0.184157 0.277505 0.274749 0.263589 0
20120522 81.9324      0.907378      0 0.183965 0.277679 0.274656 0.2637 0
20120523 81.899      0.871975      0 0.184142 0.277713 0.274291 0.263855 0
20120524 81.8457      0.936011      0 0.184583 0.277965 0.273732 0.263721 0
20120525 82.0592      0.585958      0 0.184434 0.277308 0.275092 0.263166 0
20120526 82.0364      0.965916      0 0.184179 0.277509 0.275106 0.263205 0
20120527 81.9985      0.948893      0 0.184014 0.277195 0.275381 0.26341 0
20120528 81.9507      0.880884      0 0.184198 0.277264 0.275227 0.26331 0
20120529 81.94      0.0413291      0 0.184105 0.277526 0.275459 0.262911 0
20120530 81.8831      0.72355      0 0.18402 0.276885 0.275438 0.263658 0
20120531 81.8857      0.967849      0 0.184118 0.276768 0.275713 0.263401 0
20120601 81.8617      0.879518      0.000345091 0.184142 0.276672 0.275283 0.263558 0
20120602 84.8237      0.999999      0.0356962 0.177462 0.266731 0.265796 0.254315 0
20120603 86.4848      1      0.0552317 0.174296 0.261085 0.260263 0.249124 0
20120604 88.8471      0.976616      0.0806759 0.169519 0.254065 0.253489 0.242251 0
20120605 93.2624      1      0.123037 0.161208 0.242897 0.24165 0.231208 0
20120606 93.6348      0.99519      0.125807 0.161018 0.242459 0.240757 0.229959 0
20120607 96.6393      0.999999      0.153416 0.156054 0.23488 0.232691 0.222959 0
20120608 96.8958      0.0396687      0.156999 0.155267 0.233578 0.231515 0.22264 0
20120609 96.9287      0      0.157305 0.155175 0.233978 0.231277 0.222264 0
20120610 96.9123      0      0.15723 0.155194 0.234094 0.231208 0.222274 0
20120611 97.026      0      0.158153 0.154929 0.23452 0.230691 0.221706 0
20120612 97.0353      0      0.157965 0.154848 0.234726 0.230794 0.221668 0
20120613 97.0002      0      0.158265 0.155012 0.233765 0.231193 0.221764 0
20120614 96.993      0      0.158112 0.154974 0.233591 0.231596 0.221727 0
20120615 97.0596      0.575985      0.158001 0.155208 0.233216 0.231971 0.221605 0
20120616 94.8231      1      0.162066 0.15873 0.228494 0.22841 0.222301 0
20120617 88.4689      0.999999      0.173421 0.170134 0.217114 0.215105 0.224226 0
20120618 88.9012      0.991039      0.172202 0.168882 0.218308 0.21709 0.223518 0
20120619 88.8762      0.815908      0.172468 0.168112 0.218544 0.217431 0.223446 0
20120620 88.8493      0.917483      0.172584 0.169155 0.218127 0.217216 0.222919 0
20120621 88.9062      1      0.172296 0.168911 0.218403 0.217191 0.223199 0
20120622 88.7307      0.530312      0.172342 0.16899 0.218043 0.217062 0.223563 0
20120623 88.7328      1      0.172372 0.168932 0.218316 0.21702 0.223361 0
20120624 88.632      1      0.171711 0.169116 0.218294 0.217176 0.223703 0
20120625 88.1711      0.577999      0.173402 0.169915 0.217492 0.216236 0.222955 0
20120626 87.1696      0.715441      0.175466 0.172029 0.216002 0.215046 0.221457 0
20120627 91.4345      0.996162      0.167491 0.164227 0.223524 0.22284 0.221918 0
20120628 96.3787      0.999999      0.15627 0.15562 0.233923 0.232416 0.221771 0
20120629 96.6034      0.587897      0.158358 0.155121 0.233313 0.231815 0.221393 0
20120630 96.4333      0.989128      0.158245 0.155101 0.232791 0.231713 0.222151 0
20120701 96.5665      0.989536      0.158202 0.155201 0.233077 0.231617 0.221903 0
20120702 96.3791      1      0.158233 0.155106 0.233165 0.231302 0.222194 0
20120703 96.3768      0.999999      0.158162 0.155273 0.23322 0.231388 0.221957 0
20120704 96.1201      0.996899      0.155971 0.155661 0.23362 0.232252 0.222496 0
20120705 96.2894      1      0.157648 0.15507 0.233211 0.23189 0.22218 0
20120706 96.4487      0.665664      0.158011 0.155242 0.233539 0.231913 0.221295 0
20120707 96.2259      0.999999      0.156604 0.155549 0.233838 0.232536 0.221473 0
20120708 96.1969      0.999999      0.156383 0.155374 0.234029 0.232617 0.221597 0
20120709 95.934      0.990217      0.154156 0.155781 0.234722 0.233281 0.22206 0
20120710 95.7721      0.999999      0.152959 0.155648 0.235217 0.233661 0.222515 0
20120711 95.8354      0.457177      0.153453 0.155775 0.235081 0.233523 0.222168 0
20120712 95.5619      0.929774      0.152256 0.156108 0.235437 0.233655 0.222544 0
20120713 96.1752      0.686079      0.157045 0.154999 0.233908 0.232372 0.221677 0
20120714 96.2798      1      0.157632 0.154975 0.233625 0.231796 0.221219 0.000753131
20120715 96.3658      1      0.157244 0.154619 0.233093 0.231441 0.220639 0.00296507
20120716 97.8605      0.944142      0.154639 0.152386 0.229501 0.228046 0.217394 0.0180335
20120717 102.72      0.999999      0.147247 0.145285 0.218745 0.216686 0.207436 0.0646011
20120718 103.821      0.99644      0.145796 0.143794 0.21646 0.214673 0.20503 0.0742461
20120719 110.428      0.899188      0.131901 0.135111 0.203043 0.201869 0.193121 0.134954
20120720 113.098      0.726226      0.129295 0.132038 0.198368 0.197549 0.188323 0.154427
20120721 115.066      0.999999      0.131658 0.12965 0.194775 0.194208 0.18514 0.164569
20120722 118.263      1      0.128231 0.126126 0.189416 0.188963 0.179995 0.187269
20120723 115.109      0.947524      0.131572 0.129538 0.178302 0.178538 0.184051 0.197999
20120724 103.977      0.951717      0.141819 0.143105 0.167786 0.167391 0.20277 0.177129
20120725 106.723      0.996522      0.138582 0.139559 0.175213 0.174227 0.19735 0.175069
20120726 108.982      0.999999      0.138013 0.136643 0.171112 0.170574 0.192955 0.190703
20120727 111.027      0.695718      0.133309 0.13423 0.167485 0.166953 0.189288 0.208736
20120728 111.536      0.008999      0.135134 0.133681 0.166836 0.166362 0.188813 0.209174
20120729 111.466      0      0.135103 0.133494 0.167822 0.166452 0.188089 0.20904
20120730 117.715      0      0.126893 0.126278 0.188978 0.186976 0.176392 0.194483
20120731 113.169      0      0.133012 0.131421 0.196341 0.195733 0.137359 0.206133
20120801 97.6783      0      0.154522 0.152272 0.227826 0.226506 0 0.238873
20120802 97.9118      0      0.154266 0.151997 0.228643 0.226819 0 0.238276
20120803 97.9301      0      0.154138 0.151952 0.228874 0.227272 0 0.237764
20120804 97.9802      0      0.154051 0.15177 0.228709 0.227481 0 0.237989
20120805 98.0028      0      0.154088 0.151705 0.228508 0.227671 0 0.238029
20120806 97.9706      0      0.154161 0.151826 0.228473 0.227624 0 0.237916
20120807 97.8924      0      0.154228 0.151927 0.22866 0.227635 0 0.23755
20120808 97.8841      0      0.154184 0.151892 0.228543 0.227679 0 0.237702
20120809 97.776      0      0.154051 0.151853 0.228745 0.227603 0 0.237748
20120810 97.7608      0      0.153894 0.151888 0.2289 0.227442 0 0.237876
20120811 97.7775      0      0.154007 0.151968 0.228705 0.227673 0 0.237648
20120812 97.6797      0      0.154167 0.15104 0.229101 0.227839 0 0.237853
20120813 97.7588      0      0.153999 0.151792 0.229009 0.227782 0 0.237418
20120814 97.7236      0      0.154184 0.15193 0.228817 0.227701 0 0.237368
20120815 97.6594      0      0.154196 0.15203 0.22878 0.22772 0 0.237274
20120816 93.9087      0      0.160077 0.157867 0.224665 0.225633 0 0.231759
20120817 85.9237      0      0.174876 0.172698 0.21776 0.217111 0 0.217556
20120818 85.6848      0      0.175227 0.173182 0.217512 0.216983 0 0.217095
20120819 85.704      0      0.175394 0.17314 0.217634 0.217027 0 0.216805
20120820 96.7324      0      0.155502 0.153412 0.229024 0.228674 0 0.233388
20120821 97.386      0      0.154324 0.15235 0.22794 0.22789 0 0.237496
20120822 97.3807      0      0.154099 0.152266 0.227758 0.228025 0 0.237853
20120823 97.3856      0      0.154425 0.15237 0.228341 0.226886 0 0.237978
20120824 97.4789      0      0.154047 0.152128 0.228937 0.22739 0 0.237498
20120825 97.4572      0      0.153909 0.15223 0.228613 0.227618 0 0.237631
20120826 97.3516      0      0.153957 0.152171 0.229007 0.227088 0 0.237777
20120827 97.3403      0      0.15398 0.152049 0.22893 0.227272 0 0.237768
20120828 97.2818      0      0.154139 0.152088 0.228851 0.227475 0 0.237446
20120829 97.3163      0      0.154034 0.152126 0.228992 0.227378 0 0.23747
20120830 97.3015      0      0.154094 0.152222 0.229027 0.227257 0 0.237401
20120831 97.4093      0      0.153917 0.152083 0.229126 0.227653 0 0.237222
20120901 97.393      0      0.153854 0.1521 0.229066 0.22783 0 0.23715
20120902 97.3845      0      0.153829 0.152106 0.228923 0.228069 0 0.237073
20120903 97.3271      0      0.153915 0.152164 0.228806 0.227986 0 0.237129
20120904 97.2893      0      0.15364 0.152046 0.228929 0.227796 0.000651999 0.236936
20120905 99.1752      0      0.150907 0.149204 0.224194 0.223646 0.0192825 0.232766
20120906 104.267      0      0.143423 0.141864 0.2135 0.212844 0.0671396 0.221229
20120907 105.442      0      0.141981 0.140412 0.21092 0.210357 0.0775392 0.218791
20120908 112.311      0      0.133272 0.131799 0.198136 0.197374 0.134056 0.205364
20120909 114.183      0      0.131006 0.129622 0.194655 0.194002 0.148654 0.202062
20120910 118.736      0      0.125981 0.124544 0.186869 0.186664 0.181887 0.194055
20120911 119.725      0      0.124905 0.123586 0.185163 0.185069 0.188904 0.192372
20120912 119.641      0      0.124775 0.123668 0.185111 0.185064 0.188926 0.192457
20120913 119.203      0      0.125273 0.124143 0.186098 0.185631 0.188791 0.190064
20120914 118.206      0      0.126105 0.124826 0.18797 0.187026 0.179713 0.194361
20120915 115.286      0      0.129308 0.128134 0.192866 0.191911 0.158738 0.199044
20120916 115.192      0      0.129423 0.12812 0.192886 0.19177 0.158722 0.199079
20120917 116.959      0      0.127556 0.12618 0.189997 0.188595 0.171469 0.196203
20120918 119.407      0      0.124903 0.123696 0.18586 0.184518 0.188642 0.192382
20120919 119.476      0      0.124661 0.12365 0.185984 0.184461 0.18876 0.192484
20120920 119.356      0      0.124814 0.123779 0.185364 0.184609 0.188929 0.192505
20120921 118.965      0      0.125237 0.124131 0.186654 0.185378 0.18556 0.19304
20120922 97.6188      0      0.152462 0.151256 0.227545 0.225933 0.00815167 0.234653
20120923 100.834      0      0.147655 0.146443 0.220172 0.21819 0.0403845 0.227156
20120924 118.769      0      0.125319 0.124309 0.186974 0.185247 0.185114 0.193036
20120925 119.314      0      0.124826 0.123722 0.18597 0.185064 0.188663 0.191755
20120926 119.296      0      0.124759 0.123539 0.185951 0.185246 0.188443 0.192061
20120927 119.268      0      0.124634 0.123753 0.186002 0.185131 0.188408 0.192071
20120928 118.156      0      0.125807 0.124902 0.178817 0.186904 0.189942 0.193629
20120929 112.237      0      0.1326 0.131348 0.164878 0.187428 0.189063 0.194685
20120930 101.781      0      0.146072 0.144707 0.173519 0.181615 0.174852 0.179235
20121001 102.689      0      0.144914 0.143504 0.180098 0.179184 0.174565 0.177735
20121002 106.067      0      0.140255 0.138873 0.174373 0.204701 0.169416 0.172382
20121003 106.578      0      0.139563 0.138114 0.173387 0.206681 0.168416 0.173839
20121004 110.903      0      0.13405 0.13269 0.166593 0.198643 0.161971 0.206053
20121005 115.057      0      0.129174 0.127826 0.16088 0.191589 0.191875 0.198655
20121006 118.834      0      0.125105 0.123792 0.18511 0.185376 0.188205 0.192412
20121007 118.814      0      0.12502 0.123791 0.185 0.185044 0.188759 0.192385
20121008 118.833      0      0.125005 0.123784 0.185292 0.184843 0.18879 0.192285
20121009 118.93      0      0.124831 0.123667 0.186114 0.185078 0.188458 0.191853
20121010 118.889      0      0.124638 0.123575 0.186317 0.184732 0.18867 0.192068
20121011 118.842      0      0.124674 0.123504 0.186328 0.184799 0.188617 0.192078
20121012 118.851      0      0.124767 0.123639 0.18633 0.184623 0.188642 0.192
20121013 118.703      0      0.124913 0.123711 0.186444 0.184546 0.188809 0.191577
20121014 118.667      0      0.124879 0.123648 0.186573 0.184538 0.188656 0.191706
20121015 118.657      0      0.12488 0.12325 0.186729 0.185036 0.188443 0.191662
20121016 118.548      0      0.123964 0.123266 0.186641 0.185557 0.18868 0.191892
20121017 118.65      0      0.124688 0.123211 0.186302 0.185533 0.188361 0.191905
20121018 118.77      0      0.124635 0.123519 0.186111 0.185505 0.188257 0.191973
20121019 118.717      0.557866      0.124578 0.123646 0.186042 0.185457 0.188459 0.191817
20121020 118.715      1      0.12462 0.123604 0.186151 0.185379 0.188408 0.191837
20121021 118.611      0.986423      0.124753 0.12366 0.185934 0.1852 0.188544 0.191909
20121022 118.646      0.955288      0.124712 0.123749 0.18618 0.184995 0.188494 0.19187
20121023 118.533      1      0.124887 0.123918 0.185961 0.185199 0.1884 0.191635
20121024 118.339      0.978801      0.124922 0.124094 0.186174 0.185281 0.187257 0.192272
20121025 118.48      1      0.124856 0.123899 0.185896 0.185078 0.188354 0.191916
20121026 118.372      0.586802      0.124883 0.123832 0.185901 0.185101 0.188294 0.19199
20121027 118.509      0.985924      0.124793 0.123688 0.185842 0.185395 0.188395 0.191887
20121028 118.362      0.982512      0.124858 0.123618 0.185744 0.185391 0.188476 0.191914
20121029 118.247      1      0.124882 0.123544 0.185841 0.185622 0.188071 0.19204
20121030 118.025      1      0.125129 0.12369 0.186086 0.185846 0.187215 0.192036
20121031 117.839      0.995797      0.125109 0.123717 0.186153 0.185881 0.187037 0.192103
20121101 116.599      1      0.126383 0.123732 0.188203 0.187698 0.179931 0.194053
20121102 113.572      0.652089      0.129955 0.128329 0.194086 0.192871 0.15498 0.199779
20121103 113.553      1      0.129944 0.128388 0.193903 0.193009 0.154905 0.199852
20121104 113.49      0.996166      0.129999 0.128294 0.194097 0.192771 0.155058 0.199781
20121105 111.685      0.855423      0.132008 0.13089 0.191791 0.195671 0.157754 0.191887
20121106 106.957      0.467929      0.137883 0.136977 0.188942 0.204064 0.164717 0.167416
20121107 106.939      1      0.137739 0.136923 0.18888 0.204004 0.164911 0.167544
20121108 106.854      1      0.13769 0.137152 0.18855 0.204252 0.164822 0.167534
20121109 106.883      0.634165      0.137588 0.137279 0.188445 0.204116 0.164925 0.167647
20121110 106.796      0.999999      0.137813 0.137237 0.188663 0.20394 0.164634 0.167713
20121111 106.728      1      0.13783 0.137222 0.188581 0.203963 0.164744 0.167661
20121112 106.656      0.982367      0.13786 0.137206 0.188641 0.204073 0.164628 0.167593
20121113 106.657      0.990697      0.137832 0.137165 0.188741 0.203922 0.164706 0.167635
20121114 106.752      0.988375      0.13769 0.137119 0.188907 0.204241 0.164566 0.167478
20121115 109.039      1      0.134739 0.13414 0.184765 0.201039 0.173297 0.172022
20121116 117.651      0.647321      0.124773 0.124112 0.186126 0.186466 0.188262 0.190261
20121117 117.754      1      0.124654 0.12411 0.186738 0.186247 0.188304 0.189946
20121118 117.758      1      0.124783 0.124098 0.186034 0.186161 0.188043 0.190882
20121119 117.627      0.997334      0.125007 0.12431 0.18567 0.186333 0.187198 0.191482
20121120 117.556      1      0.125027 0.124383 0.186287 0.186159 0.186914 0.191229
20121121 117.555      0.989204      0.124896 0.124168 0.186136 0.186045 0.187397 0.191357
20121122 117.214      0.968233      0.125275 0.124557 0.187524 0.182005 0.188778 0.191861
20121123 117.667      0.678369      0.124666 0.124059 0.186969 0.185424 0.187939 0.190943
20121124 117.647      1      0.124638 0.123984 0.186935 0.185716 0.187763 0.190964
20121125 117.608      0.999999      0.124665 0.123934 0.186954 0.185772 0.187691 0.190984
20121126 117.509      0.997057      0.124708 0.123936 0.187012 0.18548 0.187672 0.191192
20121127 117.402      1      0.124867 0.123984 0.186871 0.185063 0.188012 0.191203
20121128 117.384      0.99728      0.124816 0.123857 0.186891 0.185422 0.187862 0.191153
20121129 117.461      1      0.124705 0.124011 0.187286 0.185425 0.187597 0.190975
20121130 117.46      0.696445      0.124926 0.124182 0.187098 0.185272 0.187638 0.190884
20121201 117.394      1      0.125018 0.124274 0.186959 0.184916 0.187651 0.191182
20121202 117.372      1      0.125018 0.124274 0.186754 0.18518 0.187795 0.19098
20121203 117.243      0.995257      0.125102 0.124526 0.186475 0.185255 0.18748 0.191162
20121204 117.28      1      0.125034 0.124494 0.186397 0.185571 0.187636 0.190867
20121205 117.236      0.992505      0.125048 0.124456 0.186303 0.185542 0.187699 0.190951
20121206 116.628      0.996466      0.125627 0.120293 0.187381 0.186406 0.188577 0.191717
20121207 116.961      0.708513      0.125231 0.124368 0.184854 0.186081 0.188127 0.191339
20121208 117.142      0.999999      0.125025 0.12433 0.186217 0.18569 0.187785 0.190954
20121209 117.083      0.930111      0.125095 0.124409 0.186528 0.185391 0.187567 0.19101
20121210 116.977      0.975081      0.125243 0.124409 0.18625 0.185326 0.187653 0.191119
20121211 111.519      1      0.131285 0.130408 0.196219 0.145052 0.196761 0.200274
20121212 95.3405      0.997368      0.153566 0.152586 0.229595 0 0.230055 0.234198
20121213 95.3208      1      0.153603 0.15252 0.229427 0 0.23008 0.23437
20121214 95.3848      0.601215      0.153487 0.152488 0.229912 0 0.229892 0.23422
20121215 95.3651      1      0.153562 0.152521 0.229761 0 0.22988 0.234276
20121216 95.4144      0.999999      0.153419 0.152406 0.229941 0 0.229993 0.234242
20121217 95.3292      0.995311      0.153566 0.151964 0.229904 0 0.230207 0.234359
20121218 94.0208      1      0.155571 0.153813 0.232559 0 0.221215 0.236842
20121219 90.64      0.99663      0.161239 0.159349 0.241633 0 0.191652 0.246128
20121220 89.9765      1      0.162397 0.160794 0.236076 0 0.193065 0.247668
20121221 90.5887      0.604591      0.161177 0.160113 0.241428 0 0.191307 0.245974
20121222 91.4306      1      0.159758 0.158639 0.239199 0 0.198737 0.243667
20121223 95.091      1      0.15356 0.152407 0.229745 0 0.230122 0.234167
20121224 95.0689      0.992953      0.153524 0.152534 0.229834 0 0.229896 0.234212
20121225 95.0271      1      0.153567 0.15257 0.229779 0 0.229938 0.234145
20121226 94.8609      0.996644      0.153801 0.152777 0.230226 0 0.228738 0.234458
20121227 94.9669      1      0.153573 0.152704 0.229967 0 0.229689 0.234067
20121228 95.0394      0.716193      0.153483 0.152569 0.229914 0 0.230055 0.233978
20121229 95.3499      1      0.152945 0.152032 0.228738 0.00367356 0.229561 0.233049
20121230 100.243      1      0.145401 0.144539 0.217356 0.0525971 0.218362 0.221745
20121231 101.949      0.629156      0.142981 0.141996 0.213821 0.069159 0.21408 0.217962
20130101 101.164      0.0126735      0.143943 0.143089 0.21554 0.109194 0.168879 0.219355
20130102 111.127      0      0.131106 0.130329 0.196287 0.149385 0.193139 0.199754
20130103 112.348      0      0.129673 0.128714 0.194014 0.156306 0.193635 0.197658
20130104 116.607      0      0.124872 0.123961 0.186807 0.187758 0.186254 0.190347
20130105 117.617      0      0.123808 0.122874 0.184692 0.195418 0.184593 0.188615
20130106 117.562      0      0.123849 0.123082 0.184314 0.195413 0.184708 0.188634
20130107 117.557      0.815576      0.123789 0.123163 0.184622 0.195356 0.184496 0.188574
20130108 117.601      1      0.123684 0.123185 0.184748 0.195249 0.18465 0.188483
20130109 117.728      0.99188      0.123463 0.123115 0.184302 0.196291 0.184492 0.188336
20130110 117.604      1      0.123588 0.121851 0.18441 0.197013 0.184686 0.188452
20130111 117.89      0.855492      0.123236 0.122702 0.184729 0.197099 0.184314 0.18792
20130112 117.922      1      0.123159 0.122678 0.185132 0.196899 0.184274 0.187859
20130113 117.843      1      0.123196 0.122761 0.185025 0.196854 0.184198 0.187967
20130114 117.78      0.991164      0.123257 0.122721 0.184758 0.197026 0.184201 0.188038
20130115 117.745      1      0.12329 0.122782 0.184719 0.196856 0.18471 0.187644
20130116 117.429      0.991521      0.121829 0.123105 0.184906 0.19712 0.184891 0.188149
20130117 117.329      0.984948      0.12114 0.123273 0.185013 0.197287 0.18503 0.188257
20130118 117.51      1      0.123215 0.122973 0.184542 0.196565 0.184824 0.18788
20130119 117.537      0.969329      0.123216 0.122941 0.184564 0.196859 0.184635 0.187785
20130120 107.899      0.573242      0.134369 0.133652 0.112772 0.213726 0.200986 0.204495
20130121 95.7219      0.821708      0.151552 0.150724 0 0.240651 0.226408 0.230665
20130122 95.3345      1      0.152124 0.151278 0 0.241154 0.227427 0.228017
20130123 95.6812      0.991207      0.151746 0.150856 0 0.23995 0.226543 0.230905
20130124 95.8072      0.999999      0.1516 0.150922 0 0.240521 0.226416 0.230542
20130125 95.8039      0.848043      0.151596 0.150953 0 0.240798 0.226163 0.230491
20130126 95.779      0.999999      0.151583 0.150948 0 0.240803 0.226234 0.230432
20130127 95.7685      1      0.151605 0.150979 0 0.240769 0.226253 0.230393
20130128 95.736      0.998198      0.151582 0.151028 0 0.240954 0.225913 0.230522
20130129 95.6035      1      0.151691 0.151112 0 0.240011 0.226562 0.230623
20130130 95.6539      0.996715      0.151473 0.151189 0 0.240451 0.226244 0.230644
20130131 95.6345      1      0.151404 0.151073 0 0.240473 0.226487 0.230563
20130201 95.6021      0.680081      0.151609 0.151052 0 0.240477 0.226263 0.230599
20130202 95.6291      1      0.151532 0.151075 0 0.240638 0.226257 0.230499
20130203 95.5761      0.850789      0.151472 0.151081 0 0.240574 0.226312 0.230561
20130204 95.5064      1      0.151544 0.151127 0 0.240475 0.226196 0.230658
20130205 95.3654      0.930715      0.151731 0.151438 0 0.239254 0.226623 0.230953
20130206 92.4611      0.995126      0.156497 0.155919 0 0.215669 0.233681 0.238235
20130207 90.1986      1      0.160411 0.159677 0 0.210219 0.22557 0.244122
20130208 86.8512      0.855629      0.166493 0.166264 0 0.217995 0.195889 0.25336
20130209 86.8769      0.999999      0.166441 0.166212 0 0.217903 0.196206 0.253238
20130210 86.8897      0.999341      0.166484 0.166179 0 0.217881 0.196285 0.253171
20130211 86.882      0.990065      0.1664 0.166174 0 0.217965 0.196238 0.253224
20130212 86.8026      0.999999      0.166523 0.166342 0 0.218049 0.195768 0.253317
20130213 86.862      0.99197      0.166359 0.166172 0 0.217958 0.196455 0.253056
20130214 86.8573      1      0.166324 0.166177 0 0.217842 0.196608 0.25305
20130215 86.8458      0.86555      0.166393 0.166248 0 0.217905 0.196313 0.253141
20130216 86.7651      0.999999      0.16647 0.166145 0 0.21797 0.196218 0.253197
20130217 91.1771      1      0.158385 0.158112 0 0.207347 0.23538 0.240776
20130218 95.1851      0.997495      0.151841 0.151397 0 0.238778 0.227228 0.230757
20130219 95.263      1      0.151784 0.151284 0 0.239056 0.227215 0.230661
20130220 95.2425      0.997691      0.151832 0.151185 0 0.239967 0.226411 0.230605
20130221 95.2321      0.985081      0.151696 0.151186 0 0.239819 0.226533 0.230766
20130222 95.1912      0.863006      0.151729 0.151119 0 0.240043 0.226654 0.230456
20130223 95.1462      0.98507      0.151809 0.151143 0 0.239994 0.226589 0.230465
20130224 95.0985      0.999999      0.151755 0.151027 0 0.239994 0.226842 0.230382
20130225 95.0085      0.999999      0.151754 0.151329 0 0.239888 0.226571 0.230459
20130226 95.0583      1      0.151672 0.15134 0 0.239817 0.226625 0.230546
20130227 95.1291      0.994017      0.151558 0.151316 0 0.240425 0.226313 0.230388
20130228 94.8814      0.999999      0.151836 0.151686 0 0.241336 0.224202 0.230941
20130301 95.0513      0.718754      0.151492 0.151447 0 0.240667 0.225982 0.230412
20130302 95.0999      0.999999      0.151469 0.151387 0 0.240523 0.22648 0.23014
20130303 95.0659      1      0.151547 0.151337 0 0.240618 0.226312 0.230185
20130304 95.0279      0.878033      0.151428 0.151338 0 0.240625 0.226378 0.23023
20130305 90.5732      1      0.158869 0.158752 0 0.25233 0.237535 0.192514
20130306 73.1818      0.996944      0.196703 0.196549 0 0.312243 0.294506 0
20130307 73.134      1      0.196877 0.196651 0 0.31249 0.293982 0
20130308 73.0854      0.838043      0.196924 0.196563 0 0.312401 0.294112 0
20130309 73.1165      1      0.196988 0.196411 0 0.312511 0.29409 0
20130310 73.0899      0.999999      0.197009 0.196333 0 0.31242 0.294238 0
20130311 73.0272      0.997845      0.197004 0.196347 0 0.312558 0.294091 0
20130312 73.0317      0.999999      0.196911 0.19628 0 0.312649 0.294159 0
20130313 72.9909      0.99766      0.196956 0.1964 0 0.312522 0.294121 0
20130314 72.945      0.999999      0.197317 0.195831 0 0.312517 0.294336 0
20130315 72.9611      0.883014      0.19719 0.195699 0 0.312823 0.294288 0
20130316 72.9555      1      0.197149 0.19565 0 0.312676 0.294525 0
20130317 72.8889      0.996862      0.197223 0.195797 0 0.312492 0.294487 0
20130318 73.1236      0.470396      0.196946 0.195247 0.00256177 0.311561 0.293685 0
20130319 74.1069      1      0.194205 0.192529 0.0163787 0.307392 0.289496 0
20130320 74.5336      0.928968      0.192983 0.191598 0.021291 0.305705 0.288423 0
20130321 79.5478      1      0.180717 0.180756 0.082068 0.286658 0.269801 0
20130322 80.1586      0.889763      0.179307 0.179336 0.0898271 0.283976 0.267554 0
20130323 85.1369      0.999999      0.168798 0.168828 0.142953 0.267536 0.251886 0
20130324 90.5164      0.958213      0.158862 0.158833 0.19374 0.251626 0.236938 0
20130325 90.9488      0.952272      0.158073 0.158114 0.197826 0.250392 0.235595 0
20130326 95.8249      0.810798      0.149711 0.149858 0.239982 0.237242 0.223207 0
20130327 96.2367      0.927337      0.149234 0.149246 0.243 0.235993 0.222527 0
20130328 96.4      1      0.14894 0.148872 0.244774 0.235406 0.222008 0
20130329 96.2475      0.709489      0.149253 0.149075 0.243529 0.235673 0.22247 0
20130330 96.2576      1      0.149149 0.148993 0.243913 0.23573 0.222214 0
20130331 96.3846      0.999999      0.148911 0.148702 0.245121 0.235192 0.222074 0
20130401 96.1622      0.994881      0.149156 0.147041 0.245884 0.235357 0.222562 0
20130402 96.2919      0.999999      0.148805 0.148269 0.245538 0.235132 0.222256 0
20130403 93.9115      0.993523      0.15247 0.152664 0.237402 0.229721 0.227743 0
20130404 88.2293      1      0.162152 0.162433 0.220836 0.212391 0.242188 0
20130405 96.0486      0.872469      0.148936 0.149394 0.2454 0.233827 0.222444 0
20130406 96.2403      1      0.148463 0.149105 0.245235 0.235246 0.221951 0
20130407 96.1143      0.970028      0.148627 0.149278 0.245412 0.234465 0.222217 0
20130408 96.0725      1      0.148738 0.14924 0.245444 0.234221 0.222356 0
20130409 96.0793      1      0.148675 0.149199 0.245154 0.233949 0.223023 0
20130410 96.181      0.988227      0.148499 0.149024 0.244986 0.233726 0.222722 0.00104282
20130411 96.1715      1      0.148583 0.111211 0.24501 0.234442 0.222297 0.0384569
20130412 89.19      0.836665      0.160159 0 0.264237 0.253734 0.240017 0.0818524
20130413 90.7978      1      0.157276 0 0.259351 0.249079 0.235493 0.098801
20130414 98.1258      1      0.145932 0 0.239807 0.23057 0.217682 0.16601
20130415 99.6576      0.993323      0.143816 0 0.236243 0.226926 0.214376 0.178639
20130416 102.953      0.999999      0.139116 0 0.227036 0.219594 0.207211 0.207043
20130417 105.244      0.974085      0.135833 0 0.222891 0.214474 0.202729 0.224072
20130418 105.065      0.999999      0.134259 0 0.223304 0.215017 0.203112 0.224308
20130419 105.182      0.966868      0.135661 0 0.223237 0.214584 0.202927 0.22359
20130420 104.876      0.79527      0.136256 0 0.223881 0.214857 0.203117 0.22189
20130421 105.104      0.394655      0.135944 0 0.223562 0.214179 0.202544 0.22377
20130422 105.024      0.996871      0.13602 0 0.223322 0.214847 0.202166 0.223645
20130423 105.075      1      0.135851 0 0.222932 0.215041 0.202817 0.223359
20130424 104.99      0.977795      0.135827 0 0.222525 0.214653 0.203311 0.223684
20130425 105.063      1      0.135933 0 0.222002 0.215063 0.203353 0.223649
20130426 104.975      0.629254      0.136176 0 0.221377 0.215328 0.203314 0.223804
20130427 104.986      1      0.13596 0 0.222247 0.215143 0.203193 0.223457
20130428 105.032      0.988719      0.135771 0 0.222747 0.214912 0.203059 0.223511
20130429 99.6804      0.993899      0.14289 0 0.235097 0.226638 0.16083 0.234546
20130430 76.7926      1      0.185351 0 0.296734 0.275426 0 0.242489
20130501 72.9014      0.99441      0.195037 0 0.294736 0.255118 0 0.255108
20130502 81.3859      1      0.174563 0 0.285824 0.274681 0 0.264932
20130503 83.5609      0.873826      0.169745 0 0.279244 0.269527 0 0.281485
20130504 83.6067      0.845279      0.169779 0 0.279374 0.269508 0 0.281339
20130505 83.529      0.960431      0.170254 0 0.279191 0.269594 0 0.280961
20130506 83.4899      0.984759      0.170656 0 0.279458 0.26963 0 0.280256
20130507 83.549      1      0.170765 0 0.279459 0.269557 0 0.28022
20130508 83.5019      0.850242      0.170787 0 0.279543 0.269408 0 0.280262
20130509 83.4283      0.973443      0.170982 0 0.279137 0.269291 0 0.28059
20130510 83.4197      0.934563      0.170841 0 0.279984 0.268786 0 0.280389
20130511 83.4378      0.999999      0.170738 0 0.279822 0.268917 0 0.280523
20130512 83.3705      1      0.170302 0 0.279672 0.269122 0 0.280904
20130513 83.3381      0.996581      0.170455 0 0.27962 0.268903 0 0.281022
20130514 83.2724      0.999999      0.170597 0 0.279511 0.268898 0 0.280994
20130515 83.2965      0.984925      0.170958 0 0.27911 0.269719 0 0.280213
20130516 83.0577      1      0.17139 0 0.279193 0.270989 0 0.278427
20130517 83.4188      0.864258      0.170757 0 0.278474 0.270148 0 0.280621
20130518 83.3278      1      0.170955 0 0.278592 0.269547 0 0.280906
20130519 83.3011      0.999999      0.171056 0 0.278259 0.269766 0 0.28092
20130520 83.2597      0.994333      0.171218 0 0.278292 0.269567 0 0.280924
20130521 83.2566      0.999999      0.171283 0 0.27791 0.269771 0 0.281036
20130522 83.1649      0.996804      0.171304 0 0.277852 0.270067 0 0.280777
20130523 83.1631      1      0.171241 0 0.278035 0.269966 0 0.280759
20130524 83.3365      0.714518      0.171017 0.000469494 0.278776 0.269285 0 0.280453
20130525 83.4155      0.993053      0.170747 0.00118395 0.278796 0.269269 0 0.280004
20130526 83.3932      1      0.170618 0.00140043 0.278783 0.269167 0 0.280032
20130527 83.3167      0.989977      0.170502 0.00134287 0.278834 0.26932 0 0.280001
20130528 83.403      0.999999      0.170204 0.00174921 0.278557 0.269088 0.00062323 0.279778
20130529 84.6076      0.99736      0.167891 0.0166828 0.274197 0.264638 0.00135464 0.275237
20130530 89.6439      0.992866      0.158321 0.0508096 0.258878 0.250229 0.0227238 0.259038
20130531 94.7449      0.880067      0.149619 0.0511376 0.244722 0.236764 0.0729288 0.244828
20130601 97.8395      1      0.144566 0.0780169 0.236827 0.228967 0.0746013 0.237021
20130602 108.423      0.984873      0.130185 0.107063 0.213866 0.206705 0.128412 0.213768
20130603 112.107      0.99674      0.12626 0.10579 0.207069 0.200247 0.153472 0.207163
20130604 118.395      1      0.120016 0.125719 0.195972 0.189408 0.17341 0.195475
20130605 121.217      0.827812      0.117112 0.127861 0.191349 0.184702 0.187788 0.191187
20130606 121.433      0.901883      0.116909 0.128735 0.19098 0.184755 0.18771 0.19091
20130607 121.335      0.830958      0.116973 0.128718 0.19093 0.184743 0.187855 0.190781
20130608 120.674      0.97054      0.117382 0.127694 0.191862 0.183243 0.187927 0.191893
20130609 121.361      0.973501      0.11705 0.129594 0.190749 0.184572 0.187439 0.190597
20130610 121.216      0.969783      0.116773 0.129842 0.19108 0.18487 0.186843 0.190592
20130611 116.234      0.955598      0.122428 0.1353 0.199048 0.192424 0.156588 0.194212
20130612 109.199      0.940283      0.130253 0.143959 0.211554 0.177218 0.16756 0.169455
20130613 120.932      0.988516      0.117452 0.129784 0.190786 0.183471 0.187752 0.190755
20130614 121.157      0.572277      0.117217 0.129596 0.190583 0.183742 0.18708 0.191782
20130615 121.073      0.931976      0.117106 0.129709 0.190739 0.18376 0.187182 0.191503
20130616 121.081      0.777081      0.117377 0.129606 0.190606 0.183739 0.187245 0.191427
20130617 120.98      0.984894      0.11697 0.129708 0.190828 0.183963 0.186924 0.191607
20130618 121.126      0.984449      0.117032 0.129341 0.190598 0.183841 0.187888 0.1913
20130619 120.902      0.99721      0.115488 0.129596 0.190758 0.184375 0.188123 0.19166
20130620 121.114      0.00762821      0.116814 0.129301 0.190037 0.184356 0.187987 0.191505
20130621 121.087      0.647545      0.116986 0.129231 0.190589 0.184424 0.187665 0.191105
20130622 121.089      0.999999      0.117006 0.129171 0.190429 0.184427 0.187698 0.19127
20130623 120.877      0.988619      0.117034 0.129153 0.190655 0.184219 0.187666 0.191273
20130624 120.811      0.97789      0.117143 0.129375 0.190447 0.184341 0.18747 0.191225
20130625 120.761      0.984854      0.11709 0.129264 0.190542 0.184346 0.187479 0.191279
20130626 120.765      0.996777      0.116867 0.129149 0.190746 0.184142 0.187609 0.191486
20130627 120.737      1      0.116958 0.128749 0.190798 0.184593 0.187492 0.19141
20130628 120.588      0.837166      0.117398 0.129196 0.190578 0.184251 0.187014 0.191564
20130629 120.74      0.999999      0.117528 0.129372 0.190536 0.183913 0.187342 0.19131
20130630 120.714      0.969892      0.117539 0.129334 0.190505 0.183656 0.187682 0.191285
20130701 120.703      0.986499      0.117467 0.129349 0.190149 0.183844 0.187794 0.191398
20130702 120.645      0.98858      0.117549 0.129401 0.190221 0.184299 0.187599 0.190931
20130703 120.767      0.99048      0.117394 0.129205 0.190422 0.184466 0.187346 0.191167
20130704 120.474      0.984927      0.117597 0.127772 0.190667 0.184934 0.187584 0.191448
20130705 120.717      0.845204      0.117291 0.129321 0.190552 0.184594 0.187162 0.19108
20130706 120.624      1      0.117275 0.129268 0.190552 0.184775 0.187358 0.190773
20130707 120.506      1      0.117293 0.12937 0.190608 0.184579 0.187334 0.190817
20130708 120.553      0.982447      0.117455 0.129284 0.190469 0.18476 0.187009 0.191023
20130709 120.465      0.984888      0.117632 0.129236 0.190528 0.184238 0.187429 0.190937
20130710 120.299      0.986077      0.117715 0.129318 0.190688 0.183493 0.187551 0.191235
20130711 120.284      0.987657      0.117415 0.129282 0.190771 0.183897 0.187407 0.191227
20130712 120.35      0.84866      0.11747 0.129209 0.190706 0.184388 0.187322 0.190905
20130713 120.214      0.984874      0.117163 0.129231 0.190774 0.184729 0.187398 0.190705
20130714 120.246      0.984915      0.117034 0.129358 0.190646 0.184802 0.187279 0.190882
20130715 120.236      0.993361      0.117256 0.129425 0.190516 0.184944 0.187293 0.190566
20130716 120.065      0.988513      0.117348 0.129547 0.190838 0.18458 0.187208 0.190478
20130717 120.139      0.995245      0.117097 0.12946 0.191067 0.184163 0.187276 0.190936
20130718 119.749      1      0.117854 0.129838 0.191357 0.183415 0.185595 0.19194
20130719 120.07      0.692875      0.11777 0.129454 0.190794 0.183769 0.187112 0.191101
20130720 120.054      0.869753      0.117826 0.129308 0.191002 0.183732 0.186795 0.191337
20130721 120.2      1      0.11768 0.129212 0.190771 0.185008 0.186361 0.190968
20130722 120.217      0.982044      0.117524 0.129127 0.19074 0.184864 0.186873 0.190871
20130723 120.237      0.999999      0.1175 0.129042 0.190398 0.185058 0.187089 0.190913
20130724 120.154      0.997051      0.117612 0.129093 0.1904 0.185044 0.186976 0.190875
20130725 119.974      1      0.117651 0.128667 0.19035 0.184815 0.187436 0.191081
20130726 119.915      0.768964      0.117621 0.129073 0.19046 0.184544 0.187274 0.191029
20130727 119.907      0.969689      0.117664 0.129133 0.190516 0.184505 0.187026 0.191156
20130728 119.993      0.847407      0.117802 0.129163 0.190623 0.184491 0.186968 0.190953
20130729 119.945      0.979348      0.117684 0.129198 0.190645 0.1848 0.186724 0.19095
20130730 119.839      0.999999      0.117761 0.12919 0.190734 0.184767 0.186978 0.190571
20130731 119.856      0.939537      0.117462 0.129127 0.190948 0.184783 0.186768 0.190911
20130801 119.803      0.986098      0.117533 0.129142 0.190681 0.184738 0.187037 0.190869
20130802 119.631      0.8261      0.117289 0.129192 0.190679 0.184508 0.187049 0.191283
20130803 119.541      0.987742      0.117268 0.129308 0.190594 0.184332 0.187023 0.191475
20130804 119.5      0.999635      0.117283 0.129266 0.190721 0.18457 0.186911 0.191249
20130805 119.587      0.984885      0.117775 0.129232 0.190881 0.184458 0.186551 0.191103
20130806 119.641      1      0.117984 0.129134 0.190787 0.184279 0.187012 0.190804
20130807 119.656      0.979037      0.117926 0.129037 0.190869 0.184891 0.186465 0.190811
20130808 119.666      0.81287      0.117937 0.128999 0.190784 0.185296 0.186249 0.190736
20130809 119.476      0.0431399      0.117838 0.129127 0.190862 0.184679 0.187107 0.190387
20130810 119.719      0      0.117793 0.128763 0.190738 0.185231 0.186715 0.19076
20130811 119.667      0.635124      0.117823 0.128923 0.190739 0.18521 0.186558 0.190747
20130812 119.593      0.98151      0.117982 0.128891 0.190533 0.185162 0.186732 0.1907
20130813 118.327      0.998371      0.118983 0.130245 0.192553 0.18709 0.178603 0.192526
20130814 108.808      0.934568      0.129238 0.141573 0.209136 0.17686 0.165534 0.177659
20130815 107.01      0.984887      0.131522 0.143999 0.21231 0.173154 0.167735 0.17128
20130816 113.55      0.0427658      0.124259 0.135588 0.200021 0.184816 0.15753 0.197786
20130817 115.034      0.937019      0.122384 0.133805 0.197564 0.191925 0.15664 0.197682
20130818 115.083      1      0.122232 0.133866 0.197826 0.192096 0.156153 0.197828
20130819 118.977      0.996019      0.118263 0.129335 0.191109 0.18565 0.184584 0.191059
20130820 119.198      0.9884      0.118002 0.128932 0.190754 0.185029 0.186826 0.190457
20130821 119.009      0.981818      0.117926 0.12895 0.191155 0.184821 0.186673 0.190474
20130822 119.043      1      0.117657 0.128942 0.191015 0.184947 0.186936 0.190504
20130823 118.882      0.868253      0.117643 0.129232 0.191226 0.184556 0.186877 0.190466
20130824 119.042      0.916799      0.117538 0.129065 0.190928 0.184739 0.18696 0.190769
20130825 119.078      0.971041      0.11774 0.129174 0.190828 0.184535 0.186876 0.190846
20130826 119.153      0.996851      0.118024 0.128913 0.190547 0.185375 0.186602 0.190539
20130827 119.016      0.984891      0.118111 0.128918 0.190618 0.185659 0.186545 0.190149
20130828 119.001      0.996938      0.118155 0.128773 0.190626 0.185361 0.186417 0.190668
20130829 118.964      1      0.118229 0.128938 0.190547 0.185034 0.186435 0.190817
20130830 118.863      0.867887      0.118176 0.128986 0.190393 0.185027 0.186582 0.190836
20130831 118.841      1      0.118191 0.12897 0.190566 0.184986 0.186507 0.19078
20130901 118.928      0.999999      0.118265 0.12885 0.190588 0.185366 0.18636 0.190572
20130902 118.889      0.997566      0.118163 0.128987 0.190935 0.185332 0.185696 0.190886
20130903 118.829      1      0.118238 0.128965 0.190711 0.185013 0.186641 0.19043
20130904 118.777      0.997411      0.118328 0.128915 0.190502 0.184972 0.186231 0.191053
20130905 118.469      0.984948      0.117684 0.129062 0.190762 0.185116 0.186037 0.191338
20130906 118.795      0.864911      0.118208 0.128723 0.190683 0.185392 0.18614 0.190854
20130907 118.945      0.999999      0.118078 0.128742 0.190597 0.185567 0.186363 0.190653
20130908 118.873      0.898917      0.118201 0.12874 0.19029 0.18561 0.18651 0.190649
20130909 118.601      1      0.118492 0.127811 0.190661 0.185837 0.186375 0.190826
20130910 118.747      0.984889      0.118244 0.128926 0.19048 0.185515 0.186297 0.190538
20130911 118.724      0.982076      0.118318 0.128812 0.190254 0.185577 0.186292 0.190746
20130912 118.686      0.984874      0.118377 0.128904 0.190337 0.18531 0.186382 0.190691
20130913 118.664      0.701421      0.118234 0.128815 0.190345 0.185439 0.186299 0.190869
20130914 118.621      1      0.118273 0.128805 0.190303 0.185462 0.186428 0.190729
20130915 118.616      0.999999      0.118323 0.128871 0.190152 0.18561 0.186333 0.190711
20130916 118.483      0.986086      0.118317 0.128903 0.19049 0.185404 0.186522 0.190364
20130917 118.266      1      0.118408 0.128897 0.189973 0.185496 0.186696 0.190531
20130918 113.558      0.995632      0.123238 0.134293 0.187656 0.184326 0.182599 0.187889
20130919 102.512      0.970031      0.136594 0.148951 0.185087 0.179789 0.173276 0.176304
20130920 102.384      0.762068      0.136641 0.149027 0.184915 0.180026 0.173137 0.176254
20130921 102.473      0.988559      0.136356 0.148905 0.184848 0.179873 0.173177 0.176841
20130922 99.0948      1      0.13319 0.129852 0.190706 0.18553 0.178389 0.182333
20130923 101.71      0.966908      0.134703 0.146452 0.1858 0.181207 0.174593 0.177245
20130924 117.772      1      0.118168 0.129543 0.189345 0.185692 0.187091 0.19016
20130925 117.969      0.996938      0.118666 0.129319 0.189564 0.1848 0.186894 0.190756
20130926 117.874      1      0.118232 0.129222 0.189689 0.185129 0.187063 0.190665
20130927 117.9      0.872124      0.118833 0.129239 0.188998 0.184914 0.187206 0.19081
20130928 117.91      0.984871      0.118734 0.129271 0.189534 0.18514 0.186842 0.190479
20130929 117.921      1      0.118723 0.129291 0.190295 0.184813 0.186495 0.190384
20130930 113.652      0.991647      0.123118 0.134056 0.182356 0.19275 0.172998 0.194723
20131001 105.586      0.988617      0.13266 0.144196 0.178389 0.207784 0.166951 0.17002
20131002 105.687      0.995998      0.13249 0.144101 0.17831 0.207631 0.166779 0.170689
20131003 110.137      0.98477      0.127215 0.138189 0.171918 0.19886 0.160073 0.203746
20131004 113.815      0.87562      0.122997 0.133697 0.19773 0.19254 0.156013 0.197023
20131005 117.96      1      0.118584 0.128936 0.190936 0.185625 0.1861 0.189819
20131006 117.841      0.999999      0.118572 0.12903 0.191123 0.185479 0.186001 0.189795
20131007 117.767      0.992518      0.118494 0.128971 0.191127 0.185699 0.185907 0.189802
20131008 117.694      0.984893      0.118511 0.12904 0.191127 0.185434 0.185936 0.189953
20131009 117.761      0.97587      0.118463 0.129002 0.191322 0.184632 0.186228 0.190353
20131010 117.961      1      0.118399 0.128704 0.191176 0.1847 0.186281 0.190741
20131011 117.926      0.716587      0.118089 0.128717 0.190981 0.185022 0.186291 0.190901
20131012 117.952      1      0.118018 0.128662 0.19094 0.185331 0.186466 0.190583
20131013 117.912      0.999999      0.117985 0.128648 0.191147 0.185246 0.186317 0.190657
20131014 117.806      0.997045      0.118015 0.128646 0.191073 0.185321 0.186165 0.19078
20131015 117.803      0.984753      0.117908 0.128766 0.191161 0.185334 0.186265 0.190566
20131016 114.45      0.997674      0.092451 0.132462 0.196727 0.190683 0.191454 0.196222
20131017 103.881      0.735647      0 0.145868 0.216838 0.209739 0.211161 0.216395
20131018 103.881      0.768409      0 0.145956 0.217023 0.209605 0.211329 0.216087
20131019 103.788      0.984727      0 0.146046 0.216743 0.209994 0.211464 0.215752
20131020 103.766      0.982554      0 0.146012 0.216807 0.209928 0.211455 0.215799
20131021 103.568      0.866601      0 0.146194 0.216751 0.210097 0.211587 0.215371
20131022 102.851      0.942036      0 0.147099 0.218439 0.205285 0.212812 0.216365
20131023 103.554      0.981185      0 0.146042 0.217073 0.209695 0.211233 0.215956
20131024 103.595      0.999999      0 0.146027 0.216824 0.209364 0.211384 0.216401
20131025 103.665      0.884994      0 0.145719 0.216653 0.210503 0.21096 0.216165
20131026 103.274      0.999999      0 0.142649 0.216941 0.211809 0.211884 0.216717
20131027 103.784      0.98484      0 0.145843 0.216483 0.211048 0.210856 0.215769
20131028 103.679      0.979391      0 0.145965 0.216231 0.21115 0.210694 0.215961
20131029 103.623      0.982723      0 0.145836 0.216407 0.210947 0.210898 0.215913
20131030 103.651      0.994166      0 0.145824 0.216306 0.211023 0.210912 0.215935
20131031 103.603      0.999999      0 0.145947 0.216374 0.210807 0.210718 0.216153
20131101 103.538      0.862835      0 0.145968 0.216348 0.210735 0.210742 0.216206
20131102 103.445      0.984739      0 0.146072 0.216263 0.21069 0.210709 0.216267
20131103 103.422      0.984397      0 0.146036 0.21622 0.210657 0.210645 0.216441
20131104 103.389      0.991715      0 0.145964 0.21621 0.210547 0.210683 0.216596
20131105 103.367      0.999999      0 0.145998 0.216238 0.210685 0.21056 0.216519
20131106 103.39      0.690689      0 0.145926 0.215908 0.210364 0.211325 0.216477
20131107 103.286      0.975744      0 0.146078 0.214953 0.210808 0.211476 0.216684
20131108 103.35      0.586235      0 0.146042 0.215646 0.210503 0.211285 0.216523
20131109 103.297      0.898691      0 0.145897 0.215897 0.210465 0.211219 0.216523
20131110 103.292      0.999999      0 0.145941 0.216094 0.210446 0.211206 0.216313
20131111 103.151      0.985923      0 0.145682 0.216347 0.210475 0.211137 0.216358
20131112 103.077      0.984818      0 0.145875 0.216031 0.210316 0.211268 0.21651
20131113 102.933      0.984357      0 0.146002 0.215935 0.210421 0.211042 0.2166
20131114 102.646      1      0 0.146589 0.216576 0.210995 0.212098 0.213742
20131115 103.083      0.738937      0 0.146032 0.216593 0.209995 0.211112 0.216267
20131116 103.141      1      0 0.145789 0.217357 0.210012 0.210891 0.215952
20131117 103.053      0.926945      0 0.145876 0.21743 0.209895 0.210853 0.215946
20131118 102.891      0.93623      0 0.146005 0.217698 0.20963 0.211155 0.215512
20131119 102.787      0.925588      0 0.146246 0.217798 0.209146 0.211367 0.215442
20131120 102.83      0.985229      0 0.146253 0.217942 0.208429 0.211178 0.216198
20131121 97.2319      0.958373      0 0.154699 0.230359 0.163583 0.22328 0.22808
20131122 81.2467      0.853702      0 0.185145 0.275097 0 0.267128 0.272631
20131123 81.1235      1      0 0.185281 0.274713 0 0.267024 0.272982
20131124 81.1611      0.969654      0 0.185054 0.274953 0 0.266782 0.27321
20131125 81.0798      0.993417      0 0.185204 0.275185 0 0.266449 0.273162
20131126 81.1801      0.943128      0 0.184885 0.274866 0 0.26732 0.272929
20131127 81.2765      0.0874883      0 0.184837 0.274619 0 0.267028 0.273515