20111224 95.8683      0.379184      0.145415 0.161365 0.225388 0 0.230773 0.237059
20111225 95.8298      1      0.145492 0.161346 0.22537 0 0.230835 0.236956
20111226 95.8121      0.963933      0.145611 0.161356 0.225262 0 0.230731 0.23704
20111227 95.7975      1      0.145592 0.161242 0.225449 0 0.230682 0.237036
20111228 95.7803      0.997025      0.14558 0.161196 0.225568 0 0.230667 0.236989
20111229 95.7295      0.999999      0.14563 0.161215 0.225406 0 0.230614 0.237134
20111230 95.7174      0.635641      0.145679 0.161219 0.225527 0 0.230669 0.236906
20111231 95.6471      0.993334      0.14569 0.161228 0.225532 0 0.230396 0.237155
20120101 95.6334      0.998375      0.145694 0.161172 0.225572 0 0.230524 0.237039
20120102 95.5926      1      0.145668 0.161184 0.225533 0 0.230604 0.237011
20120103 95.6731      0.996007      0.145569 0.16114 0.225736 0 0.230705 0.23685
20120104 95.6371      1      0.14549 0.161322 0.225568 0 0.2308 0.23682
20120105 95.2454      0.982698      0.146038 0.161835 0.226417 0 0.228106 0.237603
20120106 95.5011      0.652559      0.145392 0.161349 0.225689 0 0.23085 0.23672
20120107 95.4828      1      0.145395 0.161288 0.225743 0 0.230748 0.236826
20120108 95.5523      0.990878      0.145157 0.161169 0.22576 0.000902254 0.230453 0.236559
20120109 95.5837      0.986111      0.144928 0.160659 0.225271 0.00235478 0.23032 0.236467
20120110 100.226      0.951323      0.138463 0.153511 0.214538 0.0483638 0.21978 0.225344
20120111 102.556      0.999999      0.135788 0.150005 0.209816 0.0696208 0.214634 0.220136
20120112 106.07      0.798922      0.131315 0.145007 0.202668 0.100666 0.207505 0.212838
20120113 112.464      0.774843      0.123728 0.13667 0.190517 0.15292 0.195564 0.2006
20120114 113.142      0.698922      0.123099 0.13584 0.18913 0.157787 0.194383 0.199762
20120115 117.373      1      0.118583 0.130927 0.182295 0.188522 0.187248 0.192424
20120116 117.991      0.681316      0.117939 0.130138 0.181346 0.192917 0.186264 0.191395
20120117 113.188      0.859007      0.122924 0.135627 0.189146 0.200664 0.194816 0.156823
20120118 113.176      0.530548      0.122887 0.135557 0.1891 0.200797 0.194701 0.156958
20120119 112.397      0.6647      0.123762 0.136498 0.190305 0.204527 0.187054 0.157853
20120120 106.163      0.489618      0.131024 0.144399 0.156701 0.216759 0.184107 0.167009
20120121 88.0282      0.82767      0.157894 0.174172 0 0.250306 0.216181 0.201448
20120122 83.8281      0.894277      0.165752 0.182806 0 0.232035 0.207563 0.211845
20120123 83.7563      0.902807      0.165668 0.182877 0 0.232298 0.207661 0.211496
20120124 83.7634      0.994955      0.16539 0.182801 0 0.232223 0.208314 0.211273
20120125 83.7542      0.986322      0.16547 0.182699 0 0.232181 0.208517 0.211132
20120126 83.8477      0.968976      0.165431 0.182544 0 0.231817 0.20828 0.211928
20120127 95.9953      0.974778      0.144516 0.159457 0 0.238086 0.224276 0.233665
20120128 96.4878      0.648659      0.14377 0.158533 0 0.238122 0.226795 0.232781
20120129 96.4829      0.862452      0.14378 0.158484 0 0.23831 0.22684 0.232586
20120130 96.4332      0.847961      0.143784 0.15856 0 0.238197 0.226814 0.232644
20120131 96.2629      0.923818      0.144082 0.158837 0 0.238532 0.227363 0.231186
20120201 94.9167      0.997546      0.146172 0.158381 0 0.241805 0.223597 0.230045
20120202 96.3844      0.999999      0.143962 0.158608 0 0.237766 0.227156 0.232508
20120203 96.3497      0.740853      0.143914 0.158624 0 0.237946 0.226996 0.23252
20120204 96.3354      0.992956      0.143978 0.158623 0 0.238106 0.226814 0.232479
20120205 96.2678      0.999999      0.144035 0.158599 0 0.237923 0.226998 0.232445
20120206 96.239      0.7624      0.143967 0.158622 0 0.237891 0.226959 0.232561
20120207 96.182      1      0.143982 0.158631 0 0.238006 0.226859 0.232523
20120208 96.1883      0.994978      0.143951 0.158599 0 0.238027 0.226938 0.232485
20120209 96.1657      0.999999      0.144014 0.158384 0 0.238147 0.226919 0.232536
20120210 99.7949      0.653177      0.138809 0.152771 0.0363787 0.229518 0.218533 0.22399
20120211 103.167      0.99632      0.134111 0.147742 0.0683954 0.221829 0.21132 0.216602
20120212 105.97      1      0.130623 0.143771 0.0929661 0.216277 0.205653 0.210711
20120213 113.164      0.936742      0.122267 0.134523 0.151029 0.20245 0.192276 0.197454
20120214 113.458      0.994963      0.121773 0.134218 0.153541 0.201608 0.191895 0.196964
20120215 116.331      0.997037      0.118723 0.1309 0.174497 0.196645 0.187165 0.192072
20120216 118.941      0.999999      0.11611 0.127992 0.192726 0.192322 0.183015 0.187835
20120217 119.109      0.646448      0.116222 0.127726 0.19394 0.191855 0.182774 0.187483
20120218 119.011      0.876134      0.116362 0.127793 0.193767 0.191718 0.182757 0.187603
20120219 118.548      0.999999      0.112699 0.128269 0.194621 0.192665 0.183482 0.188263
20120220 119.002      0.996825      0.116267 0.12773 0.194293 0.191818 0.182401 0.187491
20120221 119.026      1      0.116349 0.127688 0.194176 0.191829 0.182629 0.187329
20120222 119.054      0.993362      0.116368 0.127607 0.193967 0.192018 0.182679 0.18736
20120223 117.739      1      0.117614 0.129031 0.196078 0.18488 0.184286 0.18811
20120224 118.697      0.673035      0.116564 0.127957 0.194504 0.190203 0.182986 0.187786
20120225 118.814      0.994666      0.116463 0.127771 0.194214 0.191392 0.182704 0.187456
20120226 118.785      1      0.11633 0.127771 0.194138 0.191703 0.182761 0.187297
20120227 118.786      0.961183      0.116307 0.127675 0.193894 0.192091 0.182646 0.187387
20120228 118.746      1      0.116176 0.127835 0.193993 0.192216 0.182573 0.187207
20120229 118.713      0.993107      0.116158 0.127917 0.194075 0.192154 0.182477 0.187219
20120301 118.176      1      0.116661 0.128437 0.194712 0.18888 0.183391 0.187919
20120302 118.681      0.71995      0.116438 0.127822 0.19391 0.192096 0.182808 0.186926
20120303 118.603      0.996371      0.116375 0.127992 0.19381 0.191938 0.182694 0.187192
20120304 118.59      0.999999      0.116414 0.127968 0.19372 0.19203 0.182782 0.187087
20120305 118.54      0.994138      0.116409 0.12801 0.193829 0.191789 0.182666 0.187299
20120306 118.565      1      0.116417 0.128 0.193799 0.191926 0.182736 0.187123
20120307 118.508      0.996698      0.116341 0.128001 0.193769 0.192057 0.182658 0.187175
20120308 118.407      0.929442      0.116461 0.127996 0.193563 0.192074 0.182771 0.187136
20120309 118.255      0.613238      0.116495 0.128118 0.193068 0.191931 0.183004 0.187384
20120310 118.274      0.997353      0.116479 0.128126 0.193114 0.19195 0.182966 0.187365
20120311 118.227      1      0.11652 0.128117 0.193089 0.191944 0.182944 0.187386
20120312 118.284      0.994127      0.116452 0.128016 0.193505 0.192073 0.182789 0.187166
20120313 118.195      1      0.116545 0.128062 0.193845 0.191792 0.182833 0.186923
20120314 118.248      0.9932      0.116369 0.127939 0.193927 0.191842 0.182799 0.187123
20120315 118.122      1      0.116312 0.127989 0.193878 0.191825 0.182848 0.187149
20120316 118.206      0.724871      0.116395 0.128014 0.193742 0.192104 0.182631 0.187114
20120317 118.177      1      0.116475 0.128007 0.193673 0.192133 0.182722 0.18699
20120318 118.158      1      0.116548 0.128044 0.193661 0.192087 0.182664 0.186994
20120319 118.092      0.971158      0.116645 0.128059 0.193629 0.192208 0.18243 0.18703
20120320 118.124      0.97509      0.116593 0.128034 0.193492 0.192034 0.182681 0.187166
20120321 118.129      0.963657      0.116576 0.127965 0.193629 0.191861 0.182697 0.187272
20120322 117.972      0.901081      0.116743 0.128074 0.193276 0.191746 0.182772 0.187388
20120323 118.08      0.635414      0.116581 0.127825 0.193934 0.191811 0.182649 0.1872
20120324 118.025      0.974908      0.116608 0.127904 0.193844 0.191732 0.18275 0.187162
20120325 118.007      1      0.116676 0.127864 0.193907 0.191768 0.182625 0.18716
20120326 117.918      0.993534      0.116771 0.127973 0.193527 0.191837 0.182685 0.187208
20120327 117.919      0.974108      0.116759 0.127961 0.19351 0.191904 0.182752 0.187113
20120328 117.86      1      0.116653 0.127951 0.193527 0.191972 0.182769 0.187128
20120329 117.245      0.950059      0.117107 0.128571 0.189561 0.193058 0.183633 0.18807
20120330 117.736      0.669743      0.116393 0.128032 0.19361 0.191847 0.182938 0.18718
20120331 117.748      0.956454      0.116333 0.128049 0.19346 0.19191 0.183084 0.187164
20120401 117.754      0.935595      0.116886 0.128027 0.193293 0.191897 0.182813 0.187083
20120402 117.743      1      0.116933 0.127976 0.193628 0.191692 0.182772 0.187
20120403 114.053      0.987447      0.120732 0.132179 0.188344 0.188449 0.176833 0.193462
20120404 105.349      1      0.130681 0.143072 0.17795 0.177277 0.161624 0.209396
20120405 117.428      0.96495      0.117243 0.128396 0.193326 0.190239 0.183002 0.187792
20120406 117.598      0.676849      0.116996 0.128281 0.192901 0.191502 0.182929 0.187391
20120407 117.652      0.000145767      0.11683 0.128188 0.192662 0.191513 0.182942 0.187865
20120408 103.633      0.548991      0 0.145113 0.218538 0.21649 0.207447 0.212412
20120409 103.748      0.936762      0 0.144923 0.218367 0.217306 0.207225 0.21218
20120410 99.8465      0.988033      0 0.150669 0.212946 0.212273 0.210585 0.213527
20120411 103.587      0.958331      0 0.145214 0.218175 0.215995 0.207874 0.212743
20120412 103.982      0.992233      0 0.144851 0.218965 0.216939 0.207245 0.212
20120413 103.976      0.710282      0 0.144943 0.219107 0.216917 0.207109 0.211924
20120414 103.948      0.914156      0 0.144757 0.219046 0.216994 0.20715 0.212052
20120415 103.885      0.996769      0 0.144656 0.219095 0.217132 0.207057 0.212059
20120416 103.751      1      0 0.144799 0.219352 0.217442 0.20617 0.212237
20120417 103.847      0.990419      0 0.144675 0.219025 0.21685 0.207125 0.212325
20120418 103.788      0.999999      0 0.144601 0.218681 0.217204 0.20703 0.212484
20120419 103.716      0.996494      0 0.144542 0.218506 0.217335 0.207113 0.212504
20120420 103.728      0.707159      0 0.144717 0.218474 0.217236 0.207101 0.212472
20120421 103.734      0.999999      0 0.144849 0.218468 0.217212 0.20707 0.2124
20120422 103.76      0.996292      0 0.144787 0.218364 0.216988 0.207319 0.212542
20120423 103.706      0.999999      0 0.144696 0.218638 0.217167 0.207244 0.212255
20120424 103.403      0.996229      0 0.143082 0.218793 0.217738 0.207744 0.212644
20120425 103.582      0.99363      0 0.144804 0.218365 0.216973 0.207339 0.212519
20120426 103.646      0.960267      0 0.144799 0.218679 0.216665 0.207263 0.212594
20120427 103.568      0.664589      0 0.144793 0.218686 0.216743 0.207225 0.212554
20120428 103.551      0.999999      0 0.14477 0.218629 0.216754 0.207166 0.212681
20120429 100.864      0.959974      0 0.148702 0.211045 0.209572 0.212629 0.218052
20120430 94.3415      1      0 0.158889 0.197559 0.197064 0.213235 0.233252
20120501 91.5156      0.888564      0 0.163705 0.204745 0.203843 0.18742 0.240288
20120502 103.339      0.999999      0 0.145038 0.21827 0.215992 0.20776 0.21294
20120503 103.477      0.98957      0 0.144805 0.218504 0.215844 0.207939 0.212907
20120504 103.605      0.639404      0 0.144531 0.218029 0.216375 0.207968 0.213098
20120505 103.566      1      0 0.144514 0.218161 0.216705 0.207771 0.212849
20120506 103.532      0.844305      0 0.144501 0.218296 0.216571 0.207794 0.212839
20120507 103.535      0.983903      0 0.144425 0.218218 0.216644 0.207903 0.21281
20120508 103.468      1      0 0.144494 0.218076 0.216717 0.20817 0.212543
20120509 97.9969      0.999999      0 0.152408 0.230515 0.228883 0.219244 0.168951
20120510 81.5063      1      0 0.183325 0.277383 0.275121 0.26417 0
20120511 81.4496      0.683274      0 0.183468 0.277047 0.275204 0.264281 0
20120512 81.3931      1      0 0.183194 0.277278 0.275132 0.264397 0
20120513 81.3295      0.99473      0 0.183409 0.27709 0.275409 0.264093 0
20120514 81.3308      0.999999      0 0.183504 0.276716 0.275309 0.26447 0
20120515 81.3382      0.97437      0 0.183616 0.276404 0.275323 0.264657 0
20120516 81.2642      0.996552      0 0.183756 0.276367 0.275523 0.264354 0
20120517 81.2178      0.977589      0 0.182455 0.277101 0.275473 0.264971 0
20120518 81.2987      0.684765      0 0.183478 0.277229 0.274924 0.264369 0
20120519 81.2768      0.979033      0 0.183455 0.277581 0.274582 0.264382 0
20120520 81.2628      0.993442      0 0.183506 0.27759 0.274493 0.264412 0
20120521 81.2275      0.940152      0 0.183565 0.277472 0.274564 0.264399 0
20120522 81.1203      0.907378      0 0.183374 0.277645 0.274471 0.264511 0
20120523 81.0873      0.871975      0 0.18355 0.277679 0.274106 0.264666 0
20120524 81.0343      0.936011      0 0.183989 0.277931 0.273548 0.264532 0
20120525 81.2456      0.585958      0 0.183841 0.277275 0.274907 0.263976 0
20120526 81.2231      0.965916      0 0.183587 0.277476 0.274922 0.264015 0
20120527 81.1856      0.948893      0 0.183423 0.277162 0.275196 0.26422 0
20120528 81.1382      0.880884      0 0.183606 0.277231 0.275042 0.26412 0
20120529 81.1275      0.0413291      0 0.183513 0.277493 0.275274 0.26372 0
20120530 81.0714      0.72355      0 0.183428 0.276851 0.275252 0.264468 0
20120531 81.0739      0.967849      0 0.183526 0.276735 0.275528 0.264211 0
20120601 81.0501      0.879518      0.000344073 0.183551 0.276639 0.275098 0.264369 0
20120602 83.9741      0.999999      0.0355946 0.17691 0.266726 0.265645 0.255124 0
20120603 85.6134      1      0.0550777 0.173765 0.261096 0.260131 0.249931 0
20120604 87.9453      0.976616      0.0804571 0.169015 0.254095 0.253379 0.243054 0
20120605 92.3044      1      0.122719 0.160748 0.242955 0.241575 0.232003 0
20120606 92.6721      0.99519      0.125483 0.160561 0.24252 0.240684 0.230752 0
20120607 95.6379      0.999999      0.153033 0.155623 0.234958 0.23264 0.223746 0
20120608 95.8909      0.0396687      0.156608 0.15484 0.233658 0.231466 0.223428 0
20120609 95.9234      0      0.156914 0.154748 0.234058 0.231229 0.223051 0
20120610 95.9072      0      0.156839 0.154767 0.234174 0.23116 0.223061 0
20120611 96.0193      0      0.15776 0.154503 0.234601 0.230644 0.222492 0
20120612 96.0286      0      0.157573 0.154422 0.234807 0.230746 0.222453 0
20120613 95.9938      0      0.157872 0.154586 0.233846 0.231146 0.22255 0
20120614 95.9866      0      0.157719 0.154548 0.233672 0.231548 0.222513 0
20120615 96.0525      0.575985      0.157608 0.154781 0.233297 0.231923 0.222391 0
20120616 93.8375      1      0.161667 0.158297 0.228577 0.228367 0.223093 0
20120617 87.5446      0.999999      0.173003 0.169679 0.217205 0.215077 0.225037 0
20120618 87.9728      0.991039      0.171786 0.168429 0.218399 0.21706 0.224326 0
20120619 87.9481      0.815908      0.172051 0.167661 0.218634 0.217401 0.224253 0
20120620 87.9211      0.917483      0.172167 0.168702 0.218218 0.217187 0.223725 0
20120621 87.9776      1      0.17188 0.168459 0.218494 0.217161 0.224006 0
20120622 87.804      0.530312      0.171925 0.168538 0.218133 0.217032 0.224371 0
20120623 87.806      1      0.171956 0.168479 0.218407 0.21699 0.224168 0
20120624 87.7065      1      0.171296 0.168663 0.218385 0.217146 0.224511 0
20120625 87.2496      0.577999      0.172985 0.169461 0.217584 0.216208 0.223763 0
20120626 86.2571      0.715441      0.175047 0.171572 0.216097 0.215022 0.222262 0
20120627 90.4813      0.996162      0.167083 0.163784 0.223613 0.222805 0.222715 0
20120628 95.3791      0.999999      0.155882 0.155192 0.234003 0.232367 0.222556 0
20120629 95.6009      0.587897      0.157965 0.154695 0.233394 0.231768 0.222178 0
20120630 95.4329      0.989128      0.157852 0.154674 0.232871 0.231665 0.222938 0
20120701 95.5646      0.989536      0.157809 0.154775 0.233158 0.231569 0.22269 0
20120702 95.3792      1      0.15784 0.15468 0.233245 0.231254 0.222981 0
20120703 95.3768      0.999999      0.157769 0.154846 0.233301 0.23134 0.222744 0
20120704 95.1234      0.996899      0.155583 0.155232 0.2337 0.232203 0.223283 0
20120705 95.2906      1      0.157256 0.154644 0.233291 0.231841 0.222967 0
20120706 95.4478      0.665664      0.157619 0.154816 0.233621 0.231865 0.22208 0
20120707 95.2276      0.999999      0.156215 0.155122 0.233919 0.232487 0.222257 0
20120708 95.1991      0.999999      0.155994 0.154946 0.23411 0.232568 0.222382 0
20120709 94.9395      0.990217      0.153772 0.155352 0.234801 0.233231 0.222845 0
20120710 94.7797      0.999999      0.152576 0.155218 0.235295 0.23361 0.223301 0
20120711 94.8421      0.457177      0.15307 0.155346 0.235159 0.233472 0.222953 0
20120712 94.5718      0.929774      0.151875 0.155677 0.235515 0.233603 0.22333 0
20120713 95.1775      0.686079      0.156654 0.154572 0.233988 0.232323 0.222462 0
20120714 95.281      1      0.15724 0.154549 0.233705 0.231748 0.222003 0.000755322
20120715 95.3667      1      0.156852 0.154193 0.233172 0.231391 0.221419 0.00297368
20120716 96.8502      0.944142      0.154247 0.151959 0.229569 0.227987 0.218153 0.0180851
20120717 101.674      0.999999      0.146853 0.144859 0.218779 0.2166 0.208132 0.0647769
20120718 102.766      0.99644      0.145403 0.143368 0.216488 0.214582 0.205712 0.0744461
20120719 109.327      0.899188      0.13152 0.134684 0.203031 0.201745 0.193727 0.135292
20120720 111.976      0.726226      0.128915 0.131615 0.198345 0.197417 0.188904 0.154805
20120721 113.927      0.999999      0.131268 0.129231 0.194749 0.194075 0.185707 0.164969
20120722 117.099      1      0.127843 0.125711 0.189378 0.188821 0.180534 0.187712
20120723 113.98      0.947524      0.13117 0.129109 0.178262 0.1784 0.184598 0.198462
20120724 102.951      0.951717      0.141394 0.142639 0.167758 0.16727 0.203385 0.177554
20120725 105.669      0.996522      0.138168 0.139105 0.175185 0.174103 0.19795 0.175489
20120726 107.91      0.999999      0.137595 0.136193 0.171078 0.170446 0.193533 0.191154
20120727 109.941      0.695718      0.132898 0.13378 0.167442 0.166818 0.189845 0.209217
20120728 110.445      0.008999      0.134717 0.133234 0.166794 0.166228 0.189369 0.209658
20120729 110.375      0      0.134687 0.133048 0.16778 0.166318 0.188643 0.209524
20120730 116.559      0      0.126508 0.125861 0.188939 0.186834 0.176919 0.19494
20120731 112.042      0      0.132626 0.131005 0.196326 0.19561 0.137788 0.206646
20120801 96.6576      0      0.15415 0.151865 0.227922 0.226477 0 0.239586
20120802 96.8887      0      0.153894 0.15159 0.228739 0.226789 0 0.238988
20120803 96.9067      0      0.153767 0.151546 0.228971 0.227242 0 0.238474
20120804 96.9564      0      0.15368 0.151365 0.228805 0.227451 0 0.238699
20120805 96.9788      0      0.153716 0.151299 0.228604 0.227641 0 0.238739
20120806 96.9468      0      0.15379 0.15142 0.22857 0.227594 0 0.238627
20120807 96.8692      0      0.153857 0.151522 0.228757 0.227605 0 0.238259
20120808 96.8611      0      0.153813 0.151486 0.22864 0.22765 0 0.238412
20120809 96.7542      0      0.15368 0.151448 0.228841 0.227573 0 0.238458
20120810 96.7392      0      0.153523 0.151482 0.228996 0.227412 0 0.238587
20120811 96.7556      0      0.153636 0.151561 0.228801 0.227643 0 0.238358
20120812 96.6591      0      0.153795 0.150636 0.229197 0.227809 0 0.238562
20120813 96.7371      0      0.153628 0.151386 0.229106 0.227752 0 0.238128
20120814 96.7022      0      0.153813 0.151524 0.228914 0.227671 0 0.238077
20120815 96.6386      0      0.153825 0.151624 0.228877 0.227691 0 0.237983
20120816 92.9227      0      0.1597 0.157453 0.224771 0.225614 0 0.232463
20120817 85.0114      0      0.174484 0.172265 0.217888 0.21712 0 0.218243
20120818 84.7747      0      0.174835 0.172749 0.217642 0.216992 0 0.217781
20120819 84.7936      0      0.175002 0.172708 0.217764 0.217036 0 0.21749
20120820 95.7195      0      0.15513 0.153005 0.229126 0.228649 0 0.23409
20120821 96.3679      0      0.153953 0.151943 0.228037 0.227861 0 0.238206
20120822 96.3629      0      0.153728 0.151859 0.227854 0.227995 0 0.238563
20120823 96.3678      0      0.154054 0.151963 0.228438 0.226857 0 0.238689
20120824 96.4601      0      0.153676 0.151722 0.229034 0.22736 0 0.238208
20120825 96.4386      0      0.153539 0.151823 0.22871 0.227588 0 0.238341
20120826 96.3341      0      0.153586 0.151764 0.229104 0.227058 0 0.238488
20120827 96.323      0      0.153609 0.151643 0.229027 0.227243 0 0.238478
20120828 96.265      0      0.153768 0.151682 0.228948 0.227446 0 0.238156
20120829 96.2992      0      0.153663 0.15172 0.229089 0.227348 0 0.23818
20120830 96.2845      0      0.153723 0.151815 0.229124 0.227228 0 0.23811
20120831 96.3912      0      0.153546 0.151677 0.229223 0.227623 0 0.237931
20120901 96.375      0      0.153484 0.151694 0.229163 0.227801 0 0.237858
20120902 96.3666      0      0.153459 0.151699 0.22902 0.22804 0 0.237781
20120903 96.3098      0      0.153544 0.151758 0.228903 0.227956 0 0.237838
20120904 96.2726      0      0.15327 0.15164 0.229026 0.227767 0.00065436 0.237643
20120905 98.1454      0      0.150534 0.148795 0.224274 0.223602 0.019351 0.233445
20120906 103.202      0      0.143043 0.141451 0.213538 0.212765 0.0673664 0.221836
20120907 104.369      0      0.141599 0.139997 0.210951 0.210271 0.0777983 0.219384
20120908 111.191      0      0.132887 0.131383 0.198123 0.197253 0.134476 0.205878
20120909 113.05      0      0.13062 0.129206 0.194633 0.193872 0.149112 0.202556
20120910 117.573      0      0.125595 0.12413 0.186825 0.186517 0.182426 0.194507
20120911 118.555      0      0.124519 0.123172 0.185115 0.184919 0.189459 0.192815
20120912 118.472      0      0.12439 0.123254 0.185063 0.184913 0.189481 0.1929
20120913 118.037      0      0.124887 0.123729 0.186052 0.185483 0.189347 0.190503
20120914 117.047      0      0.12572 0.124411 0.187927 0.18688 0.180247 0.194815
20120915 114.146      0      0.128922 0.127718 0.192837 0.191776 0.159222 0.199524
20120916 114.054      0      0.129037 0.127704 0.192857 0.191636 0.159206 0.19956
20120917 115.808      0      0.12717 0.125765 0.18996 0.188454 0.171983 0.196667
20120918 118.239      0      0.124517 0.123281 0.185812 0.184368 0.189196 0.192825
20120919 118.308      0      0.124276 0.123235 0.185936 0.184311 0.189314 0.192927
20120920 118.189      0      0.124429 0.123364 0.185316 0.184459 0.189484 0.192948
20120921 117.801      0      0.124852 0.123716 0.186607 0.18523 0.186107 0.193487
20120922 96.6011      0      0.152091 0.150848 0.227635 0.225898 0.00818097 0.235348
20120923 99.7942      0      0.147278 0.146031 0.220234 0.21813 0.0405249 0.227802
20120924 117.606      0      0.124934 0.123894 0.186928 0.1851 0.18566 0.193484
20120925 118.147      0      0.124441 0.123308 0.185922 0.184914 0.189217 0.192198
20120926 118.129      0      0.124374 0.123125 0.185903 0.185096 0.188997 0.192504
20120927 118.101      0      0.12425 0.123339 0.185954 0.184981 0.188962 0.192514
20120928 117      0      0.125418 0.124484 0.178771 0.186752 0.1905 0.194075
20120929 111.135      0      0.132195 0.130913 0.164842 0.187283 0.189626 0.195141
20120930 100.766      0      0.14565 0.144252 0.173509 0.181505 0.1754 0.179684
20121001 101.665      0      0.144495 0.143051 0.180087 0.179075 0.175112 0.17818
20121002 105.008      0      0.139852 0.138437 0.174366 0.204579 0.16995 0.172816
20121003 105.513      0      0.139162 0.13768 0.173379 0.206557 0.168946 0.174277
20121004 109.806      0      0.133651 0.13226 0.166568 0.198504 0.162465 0.206551
20121005 113.931      0      0.128776 0.127398 0.160839 0.191434 0.192439 0.199113
20121006 117.672      0      0.124719 0.123377 0.185062 0.185226 0.188759 0.192856
20121007 117.653      0      0.124634 0.123376 0.184953 0.184894 0.189314 0.192829
20121008 117.671      0      0.124619 0.12337 0.185244 0.184693 0.189345 0.192729
20121009 117.767      0      0.124446 0.123253 0.186066 0.184928 0.189012 0.192296
20121010 117.727      0      0.124254 0.123161 0.186269 0.184582 0.189224 0.192511
20121011 117.681      0      0.124289 0.123091 0.18628 0.184649 0.189171 0.192521
20121012 117.689      0      0.124382 0.123225 0.186282 0.184473 0.189196 0.192442
20121013 117.542      0      0.124527 0.123297 0.186397 0.184397 0.189364 0.192019
20121014 117.507      0      0.124493 0.123233 0.186525 0.184389 0.189211 0.192149
20121015 117.496      0      0.124494 0.122837 0.186681 0.184886 0.188997 0.192104
20121016 117.39      0      0.123581 0.122853 0.186593 0.185406 0.189234 0.192334
20121017 117.49      0      0.124303 0.122798 0.186254 0.185383 0.188915 0.192348
20121018 117.608      0      0.124251 0.123106 0.186063 0.185355 0.18881 0.192415
20121019 117.556      0.557866      0.124194 0.123232 0.185995 0.185307 0.189013 0.19226
20121020 117.554      1      0.124236 0.12319 0.186104 0.185229 0.188962 0.19228
20121021 117.452      0.986423      0.124368 0.123246 0.185886 0.18505 0.189099 0.192351
20121022 117.485      0.955288      0.124328 0.123335 0.186132 0.184845 0.189048 0.192313
20121023 117.374      1      0.124502 0.123503 0.185914 0.185049 0.188954 0.192078
20121024 117.181      0.978801      0.124537 0.123679 0.186127 0.185132 0.187809 0.192716
20121025 117.321      1      0.124471 0.123485 0.185849 0.184929 0.188908 0.192359
20121026 117.215      0.586802      0.124497 0.123417 0.185854 0.184952 0.188847 0.192433
20121027 117.351      0.985924      0.124408 0.123274 0.185794 0.185245 0.188949 0.19233
20121028 117.205      0.982512      0.124472 0.123204 0.185696 0.185242 0.18903 0.192356
20121029 117.09      1      0.124496 0.12313 0.185794 0.185473 0.188624 0.192483
20121030 116.87      1      0.124743 0.123276 0.186039 0.185697 0.187766 0.192479
20121031 116.686      0.995797      0.124723 0.123303 0.186107 0.185732 0.187588 0.192547
20121101 115.455      1      0.125997 0.123321 0.188159 0.187552 0.180465 0.194506
20121102 112.448      0.652089      0.129569 0.127915 0.19406 0.192738 0.155454 0.200264
20121103 112.429      1      0.129558 0.127973 0.193876 0.192876 0.155379 0.200337
20121104 112.366      0.996166      0.129614 0.12788 0.19407 0.192638 0.155532 0.200266
20121105 110.577      0.855423      0.13162 0.13047 0.19177 0.195541 0.158241 0.192358
20121106 105.887      0.467929      0.137489 0.136549 0.188937 0.203946 0.165239 0.16784
20121107 105.869      1      0.137345 0.136495 0.188874 0.203885 0.165433 0.167968
20121108 105.785      1      0.137296 0.136724 0.188545 0.204133 0.165344 0.167958
20121109 105.814      0.634165      0.137195 0.13685 0.188439 0.203997 0.165447 0.168072
20121110 105.727      0.999999      0.137419 0.136808 0.188658 0.203822 0.165155 0.168138
20121111 105.66      1      0.137436 0.136793 0.188575 0.203844 0.165265 0.168086
20121112 105.589      0.982367      0.137466 0.136778 0.188635 0.203954 0.16515 0.168017
20121113 105.59      0.990697      0.137438 0.136737 0.188735 0.203803 0.165227 0.16806
20121114 105.684      0.988375      0.137297 0.13669 0.188902 0.204122 0.165087 0.167902
20121115 107.954      1      0.134346 0.133713 0.184748 0.20091 0.173835 0.172448
20121116 116.499      0.647321      0.124389 0.123698 0.18608 0.186317 0.188816 0.190701
20121117 116.602      1      0.12427 0.123696 0.186692 0.186098 0.188859 0.190386
20121118 116.606      1      0.124398 0.123683 0.185987 0.186012 0.188597 0.191323
20121119 116.476      0.997334      0.124622 0.123895 0.185624 0.186184 0.187749 0.191926
20121120 116.405      1      0.124642 0.123968 0.186242 0.18601 0.187466 0.191672
20121121 116.404      0.989204      0.124512 0.123754 0.18609 0.185896 0.18795 0.1918
20121122 116.067      0.968233      0.124889 0.12414 0.187476 0.181858 0.189333 0.192304
20121123 116.515      0.678369      0.124282 0.123644 0.186922 0.185275 0.188492 0.191384
20121124 116.496      1      0.124254 0.12357 0.186888 0.185567 0.188316 0.191405
20121125 116.457      0.999999      0.124281 0.12352 0.186907 0.185623 0.188244 0.191425
20121126 116.359      0.997057      0.124324 0.123521 0.186965 0.185331 0.188225 0.191634
20121127 116.254      1      0.124482 0.123569 0.186824 0.184914 0.188565 0.191645
20121128 116.236      0.99728      0.124432 0.123442 0.186844 0.185273 0.188415 0.191595
20121129 116.312      1      0.124321 0.123597 0.187239 0.185276 0.18815 0.191416
20121130 116.31      0.696445      0.124542 0.123767 0.187051 0.185124 0.188191 0.191326
20121201 116.245      1      0.124633 0.123859 0.186912 0.184768 0.188203 0.191625
20121202 116.223      1      0.124633 0.123859 0.186707 0.185031 0.188348 0.191422
20121203 116.096      0.995257      0.124717 0.12411 0.186429 0.185107 0.188033 0.191604
20121204 116.132      1      0.12465 0.124078 0.186351 0.185423 0.18819 0.191309
20121205 116.088      0.992505      0.124663 0.124041 0.186257 0.185394 0.188252 0.191393
20121206 115.489      0.996466      0.125238 0.119889 0.187332 0.186254 0.18913 0.192158
20121207 115.816      0.708513      0.124846 0.123952 0.184808 0.185932 0.188681 0.191782
20121208 115.995      0.999999      0.12464 0.123914 0.18617 0.185541 0.188339 0.191396
20121209 115.937      0.930111      0.12471 0.123993 0.186482 0.185243 0.18812 0.191452
20121210 115.832      0.975081      0.124858 0.123994 0.186204 0.185177 0.188206 0.191561
20121211 110.432      1      0.130876 0.129967 0.196163 0.144931 0.197334 0.20073
20121212 94.4245      0.997368      0.153065 0.152049 0.229497 0 0.230691 0.234697
20121213 94.405      1      0.153103 0.151982 0.229328 0 0.230717 0.23487
20121214 94.4684      0.601215      0.152987 0.151951 0.229813 0 0.230528 0.23472
20121215 94.4488      1      0.153062 0.151984 0.229662 0 0.230516 0.234775
20121216 94.4977      0.999999      0.152919 0.151869 0.229842 0 0.230629 0.234741
20121217 94.4135      0.995311      0.153065 0.151428 0.229805 0 0.230843 0.234859
20121218 93.1146      1      0.155069 0.153276 0.232467 0 0.221833 0.237355
20121219 89.757      0.99663      0.160735 0.158809 0.241562 0 0.192208 0.246686
20121220 89.1001      1      0.16189 0.160249 0.236006 0 0.193625 0.248229
20121221 89.7059      0.604591      0.160674 0.159571 0.241358 0 0.191863 0.246533
20121222 90.542      1      0.159256 0.158098 0.239123 0 0.199309 0.244214
20121223 94.1774      1      0.153059 0.15187 0.229647 0 0.230758 0.234666
20121224 94.1555      0.992953      0.153024 0.151997 0.229735 0 0.230532 0.234712
20121225 94.1141      1      0.153067 0.152033 0.22968 0 0.230574 0.234645
20121226 93.949      0.996644      0.153301 0.15224 0.230128 0 0.229372 0.234959
20121227 94.0543      1      0.153073 0.152166 0.229869 0 0.230325 0.234567
20121228 94.1263      0.716193      0.152984 0.152032 0.229815 0 0.230692 0.234477
20121229 94.4335      1      0.152448 0.151498 0.228641 0.00366997 0.230197 0.233547
20121230 99.2746      1      0.144934 0.144037 0.217273 0.0525482 0.218978 0.222229
20121231 100.962      0.629156      0.142525 0.141506 0.213744 0.0690959 0.214686 0.218442
20130101 100.168      0.0126735      0.143508 0.142619 0.215499 0.109113 0.169386 0.219875
20130102 110.042      0      0.1307 0.12989 0.196233 0.149262 0.193704 0.200211
20130103 111.251      0      0.12927 0.128281 0.193961 0.156177 0.194201 0.19811
20130104 115.465      0      0.124489 0.123548 0.186762 0.187609 0.186804 0.190789
20130105 116.465      0      0.123429 0.122465 0.184648 0.195264 0.18514 0.189055
20130106 116.41      0      0.123469 0.122673 0.184271 0.195259 0.185255 0.189073
20130107 116.405      0.815576      0.12341 0.122753 0.184579 0.195203 0.185042 0.189014
20130108 116.449      1      0.123305 0.122776 0.184705 0.195096 0.185197 0.188922
20130109 116.574      0.99188      0.123085 0.122705 0.184259 0.196137 0.185039 0.188775
20130110 116.452      1      0.123209 0.121445 0.184366 0.196857 0.185232 0.18889
20130111 116.734      0.855492      0.122859 0.122294 0.184686 0.196944 0.18486 0.188357
20130112 116.766      1      0.122782 0.122269 0.185089 0.196745 0.184819 0.188296
20130113 116.688      1      0.122819 0.122352 0.184981 0.1967 0.184744 0.188404
20130114 116.625      0.991164      0.122879 0.122312 0.184715 0.196871 0.184746 0.188476
20130115 116.591      1      0.122913 0.122373 0.184675 0.196701 0.185257 0.188081
20130116 116.279      0.991521      0.121455 0.122695 0.184862 0.196965 0.185437 0.188586
20130117 116.18      0.984948      0.120768 0.122862 0.184968 0.197131 0.185576 0.188694
20130118 116.359      1      0.122838 0.122564 0.184498 0.196411 0.185371 0.188318
20130119 116.385      0.969329      0.122839 0.122532 0.184521 0.196705 0.185182 0.188222
20130120 106.844      0.573242      0.133954 0.133204 0.112744 0.213553 0.201577 0.204967
20130121 94.7887      0.821708      0.15108 0.150214 0 0.240449 0.227067 0.23119
20130122 94.4044      1      0.151651 0.150768 0 0.240954 0.22809 0.228537
20130123 94.7485      0.991207      0.151273 0.150346 0 0.239749 0.227202 0.23143
20130124 94.8731      0.999999      0.151127 0.150412 0 0.24032 0.227075 0.231067
20130125 94.8698      0.848043      0.151124 0.150444 0 0.240596 0.226821 0.231016
20130126 94.8451      0.999999      0.151111 0.150438 0 0.240601 0.226892 0.230957
20130127 94.8346      1      0.151133 0.150469 0 0.240568 0.226911 0.230918
20130128 94.8025      0.998198      0.15111 0.150519 0 0.240752 0.226571 0.231048
20130129 94.6715      1      0.151219 0.150601 0 0.23981 0.227222 0.231148
20130130 94.7213      0.996715      0.151001 0.150678 0 0.24025 0.226902 0.231169
20130131 94.7021      1      0.150932 0.150563 0 0.240272 0.227146 0.231088
20130201 94.67      0.680081      0.151137 0.150542 0 0.240276 0.226922 0.231124
20130202 94.6967      1      0.15106 0.150565 0 0.240436 0.226916 0.231024
20130203 94.6442      0.850789      0.151 0.150571 0 0.240373 0.226971 0.231086
20130204 94.5751      1      0.151072 0.150617 0 0.240273 0.226855 0.231184
20130205 94.4357      0.930715      0.151258 0.150927 0 0.239053 0.227283 0.231479
20130206 91.5622      0.995126      0.156005 0.155388 0 0.215482 0.234354 0.23877
20130207 89.3189      1      0.159912 0.159138 0 0.210044 0.226227 0.244678
20130208 85.9944      0.855629      0.165994 0.165721 0 0.217837 0.196481 0.253966
20130209 86.0199      0.999999      0.165942 0.16567 0 0.217745 0.196799 0.253844
20130210 86.0326      0.999341      0.165984 0.165637 0 0.217723 0.196879 0.253777
20130211 86.025      0.990065      0.1659 0.165632 0 0.217807 0.196831 0.25383
20130212 85.9462      0.999999      0.166024 0.1658 0 0.217892 0.196361 0.253924
20130213 86.0053      0.99197      0.165859 0.16563 0 0.2178 0.197049 0.253662
20130214 86.0007      1      0.165824 0.165635 0 0.217684 0.197202 0.253655
20130215 85.9892      0.86555      0.165894 0.165705 0 0.217747 0.196907 0.253747
20130216 85.9093      0.999999      0.16597 0.165603 0 0.217812 0.196812 0.253803
20130217 90.291      1      0.157886 0.157573 0 0.207167 0.236058 0.241316
20130218 94.2573      0.997495      0.151367 0.150885 0 0.238577 0.227889 0.231282
20130219 94.3344      1      0.151311 0.150773 0 0.238855 0.227876 0.231186
20130220 94.3139      0.997691      0.151359 0.150675 0 0.239766 0.22707 0.23113
20130221 94.3037      0.985081      0.151223 0.150675 0 0.239618 0.227192 0.231292
20130222 94.2631      0.863006      0.151256 0.150608 0 0.239842 0.227313 0.230981
20130223 94.2185      0.98507      0.151336 0.150632 0 0.239793 0.227248 0.23099
20130224 94.1714      0.999999      0.151282 0.150517 0 0.239792 0.227502 0.230907
20130225 94.0821      0.999999      0.151281 0.150817 0 0.239687 0.22723 0.230984
20130226 94.1315      1      0.151199 0.150828 0 0.239616 0.227285 0.231071
20130227 94.2015      0.994017      0.151086 0.150805 0 0.240224 0.226972 0.230913
20130228 93.9555      0.999999      0.151365 0.151175 0 0.241136 0.224856 0.231469
20130301 94.1243      0.718754      0.15102 0.150936 0 0.240466 0.22664 0.230937
20130302 94.1726      0.999999      0.150998 0.150876 0 0.240322 0.22714 0.230665
20130303 94.1388      1      0.151076 0.150826 0 0.240417 0.226971 0.23071
20130304 94.1013      0.878033      0.150957 0.150827 0 0.240424 0.227038 0.230755
20130305 89.68      1      0.158392 0.158233 0 0.252147 0.238253 0.192975
20130306 72.4189      0.996944      0.196224 0.196018 0 0.312194 0.295564 0
20130307 72.3714      1      0.196398 0.196121 0 0.312441 0.29504 0
20130308 72.3234      0.838043      0.196445 0.196033 0 0.312352 0.295169 0
20130309 72.3541      1      0.196509 0.195882 0 0.312462 0.295147 0
20130310 72.3279      0.999999      0.19653 0.195804 0 0.312371 0.295295 0
20130311 72.2659      0.997845      0.196524 0.195817 0 0.31251 0.295149 0
20130312 72.2703      0.999999      0.196432 0.19575 0 0.312601 0.295217 0
20130313 72.2299      0.99766      0.196477 0.19587 0 0.312474 0.295179 0
20130314 72.1846      0.999999      0.196836 0.195302 0 0.312468 0.295393 0
20130315 72.2005      0.883014      0.196709 0.195171 0 0.312774 0.295346 0
20130316 72.1951      1      0.196668 0.195122 0 0.312626 0.295583 0
20130317 72.1291      0.996862      0.196743 0.195269 0 0.312443 0.295545 0
20130318 72.3614      0.470396      0.196466 0.19472 0.00256278 0.311512 0.29474 0
20130319 73.3348      1      0.193731 0.192008 0.016385 0.307342 0.290534 0
20130320 73.7574      0.928968      0.192511 0.191079 0.0212992 0.305654 0.289457 0
20130321 78.7209      1      0.180271 0.180263 0.0820981 0.286605 0.270762 0
20130322 79.3255      0.889763      0.178865 0.178846 0.0898598 0.283923 0.268507 0
20130323 84.2539      0.999999      0.168378 0.168363 0.143002 0.267479 0.252778 0
20130324 89.5794      0.958213      0.158463 0.158393 0.193803 0.251568 0.237772 0
20130325 90.0074      0.952272      0.157676 0.157675 0.19789 0.250334 0.236424 0
20130326 94.8346      0.810798      0.149333 0.14944 0.240056 0.237183 0.223989 0
20130327 95.2423      0.927337      0.148857 0.148829 0.243073 0.235935 0.223306 0
20130328 95.404      1      0.148563 0.148457 0.244848 0.235347 0.222785 0
20130329 95.2531      0.709489      0.148876 0.148659 0.243603 0.235614 0.223248 0
20130330 95.263      1      0.148772 0.148577 0.243987 0.235671 0.222992 0
20130331 95.3889      0.999999      0.148534 0.148287 0.245195 0.235133 0.222851 0
20130401 95.1693      0.994881      0.148778 0.146629 0.245957 0.235297 0.223339 0
20130402 95.2973      0.999999      0.148428 0.147854 0.245612 0.235073 0.223033 0
20130403 92.9412      0.993523      0.152084 0.152238 0.237474 0.229664 0.22854 0
20130404 87.3175      1      0.161743 0.161979 0.220903 0.212338 0.243036 0
20130405 95.0563      0.872469      0.148559 0.148977 0.245474 0.233768 0.223222 0
20130406 95.246      1      0.148087 0.148689 0.245309 0.235187 0.222728 0
20130407 95.1213      0.970028      0.148251 0.148862 0.245486 0.234406 0.222994 0
20130408 95.08      1      0.148362 0.148824 0.245518 0.234162 0.223134 0
20130409 95.0869      1      0.148298 0.148782 0.245227 0.233889 0.223803 0
20130410 95.1879      0.988227      0.148122 0.148607 0.245058 0.233666 0.2235 0.00104581
20130411 95.1986      1      0.148175 0.110876 0.245031 0.234333 0.223027 0.0385588
20130412 88.329      0.836665      0.159645 0 0.264136 0.253497 0.240692 0.0820307
20130413 89.9249      1      0.156765 0 0.259241 0.248836 0.236145 0.0990124
20130414 97.1978      1      0.145434 0 0.239667 0.230308 0.218251 0.166339
20130415 98.7181      0.993323      0.143322 0 0.236099 0.226662 0.21493 0.178988
20130416 101.989      0.999999      0.138628 0 0.226883 0.219324 0.207733 0.207433
20130417 104.263      0.974085      0.135351 0 0.222731 0.214202 0.203231 0.224485
20130418 104.087      0.999999      0.133782 0 0.223143 0.214743 0.203613 0.224719
20130419 104.202      0.966868      0.13518 0 0.223077 0.214311 0.20343 0.224002
20130420 103.898      0.79527      0.135774 0 0.223721 0.214585 0.203621 0.2223
20130421 104.125      0.394655      0.135462 0 0.223402 0.213907 0.203046 0.224183
20130422 104.045      0.996871      0.135538 0 0.223162 0.214575 0.202667 0.224058
20130423 104.095      1      0.135369 0 0.222772 0.214768 0.203319 0.223771
20130424 104.011      0.977795      0.135345 0 0.222365 0.21438 0.203814 0.224096
20130425 104.084      1      0.135451 0 0.221842 0.21479 0.203856 0.224061
20130426 103.996      0.629254      0.135693 0 0.221218 0.215055 0.203818 0.224217
20130427 104.007      1      0.135478 0 0.222087 0.21487 0.203696 0.223869
20130428 104.053      0.988719      0.13529 0 0.222587 0.214639 0.203561 0.223923
20130429 98.7382      0.993899      0.142402 0 0.234959 0.22638 0.16125 0.235009
20130430 76.0179      1      0.184837 0 0.29675 0.275289 0 0.243124
20130501 72.1672      0.99441      0.194493 0 0.294748 0.254987 0 0.255772
20130502 80.572      1      0.174063 0 0.285815 0.27452 0 0.265603
20130503 82.7302      0.873826      0.169249 0 0.279218 0.269353 0 0.28218
20130504 82.7755      0.845279      0.169283 0 0.279348 0.269335 0 0.282034
20130505 82.6984      0.960431      0.169757 0 0.279166 0.269421 0 0.281656
20130506 82.6594      0.984759      0.170159 0 0.279434 0.269458 0 0.28095
20130507 82.7179      1      0.170267 0 0.279435 0.269384 0 0.280914
20130508 82.6713      0.850242      0.170289 0 0.279519 0.269236 0 0.280956
20130509 82.5984      0.973443      0.170484 0 0.279113 0.269119 0 0.281285
20130510 82.5899      0.934563      0.170343 0 0.279959 0.268614 0 0.281084
20130511 82.6079      0.999999      0.17024 0 0.279797 0.268745 0 0.281217
20130512 82.5414      1      0.169805 0 0.279647 0.268949 0 0.281599
20130513 82.5093      0.996581      0.169957 0 0.279595 0.268731 0 0.281717
20130514 82.4443      0.999999      0.170099 0 0.279486 0.268725 0 0.28169
20130515 82.4678      0.984925      0.17046 0 0.279086 0.269547 0 0.280907
20130516 82.2309      1      0.170892 0 0.279171 0.270818 0 0.279119
20130517 82.5891      0.864258      0.170259 0 0.27845 0.269975 0 0.281316
20130518 82.499      1      0.170456 0 0.278568 0.269375 0 0.281601
20130519 82.4725      0.999999      0.170557 0 0.278234 0.269593 0 0.281615
20130520 82.4315      0.994333      0.170719 0 0.278268 0.269395 0 0.281619
20130521 82.4285      0.999999      0.170784 0 0.277886 0.269599 0 0.281732
20130522 82.3376      0.996804      0.170804 0 0.277828 0.269895 0 0.281473
20130523 82.3358      1      0.170741 0 0.278011 0.269794 0 0.281454
20130524 82.5074      0.714518      0.170518 0.000468002 0.278752 0.269114 0 0.281148
20130525 82.5854      0.993053      0.17025 0.00118019 0.278773 0.269098 0 0.280699
20130526 82.5633      1      0.170121 0.00139598 0.27876 0.268996 0 0.280727
20130527 82.4876      0.989977      0.170006 0.00133861 0.278811 0.269149 0 0.280696
20130528 82.5731      0.999999      0.169708 0.00174365 0.278534 0.268916 0.00062517 0.280472
20130529 83.7618      0.99736      0.16741 0.0166306 0.274187 0.264482 0.00135892 0.275932
20130530 88.7439      0.992866      0.157874 0.0506528 0.25888 0.250093 0.0227966 0.259704
20130531 93.8083      0.880067      0.149173 0.0509719 0.244686 0.236598 0.0731511 0.245419
20130601 96.8646      1      0.144147 0.0777702 0.236811 0.228825 0.0748346 0.237612
20130602 107.35      0.984873      0.129798 0.106717 0.213835 0.206561 0.128804 0.214285
20130603 111.008      0.99674      0.125874 0.105439 0.207022 0.200091 0.153927 0.207647
20130604 117.234      1      0.11965 0.125302 0.195928 0.189261 0.173926 0.195933
20130605 120.032      0.827812      0.11675 0.127432 0.191299 0.184552 0.188339 0.191627
20130606 120.245      0.901883      0.116548 0.128304 0.19093 0.184606 0.188262 0.19135
20130607 120.149      0.830958      0.116612 0.128286 0.190881 0.184594 0.188406 0.191221
20130608 119.495      0.97054      0.117019 0.127265 0.191811 0.183093 0.188478 0.192334
20130609 120.173      0.973501      0.116689 0.12916 0.190701 0.184423 0.187991 0.191037
20130610 120.03      0.969783      0.116413 0.129408 0.191032 0.184722 0.187393 0.191033
20130611 115.082      0.955598      0.122066 0.134864 0.199023 0.192293 0.157068 0.194685
20130612 108.109      0.940283      0.129877 0.143506 0.211542 0.17711 0.168086 0.16988
20130613 119.749      0.988516      0.11709 0.129349 0.190737 0.183323 0.188305 0.191196
20130614 119.973      0.572277      0.116856 0.129162 0.190534 0.183593 0.18763 0.192225
20130615 119.889      0.931976      0.116745 0.129275 0.19069 0.183611 0.187733 0.191945
20130616 119.897      0.777081      0.117015 0.129172 0.190558 0.183591 0.187796 0.191869
20130617 119.796      0.984894      0.116609 0.129274 0.190779 0.183815 0.187473 0.19205
20130618 119.942      0.984449      0.116671 0.128908 0.190549 0.183692 0.18844 0.191741
20130619 119.721      0.99721      0.115131 0.129161 0.190707 0.184225 0.188675 0.192101
20130620 119.93      0.00762821      0.116454 0.128867 0.189987 0.184206 0.188539 0.191946
20130621 119.903      0.647545      0.116625 0.128798 0.19054 0.184274 0.188217 0.191546
20130622 119.906      0.999999      0.116644 0.128738 0.19038 0.184278 0.188249 0.19171
20130623 119.695      0.988619      0.116673 0.128721 0.190606 0.18407 0.188217 0.191714
20130624 119.63      0.97789      0.116782 0.128942 0.190398 0.184192 0.188021 0.191666
20130625 119.581      0.984854      0.116728 0.128831 0.190493 0.184197 0.18803 0.19172
20130626 119.585      0.996777      0.116507 0.128717 0.190697 0.183993 0.18816 0.191927
20130627 119.557      1      0.116597 0.128318 0.190748 0.184443 0.188043 0.191851
20130628 119.409      0.837166      0.117036 0.128764 0.190529 0.184102 0.187564 0.192006
20130629 119.56      0.999999      0.117166 0.128938 0.190487 0.183765 0.187893 0.191752
20130630 119.533      0.969892      0.117176 0.128901 0.190456 0.183507 0.188234 0.191726
20130701 119.523      0.986499      0.117104 0.128915 0.1901 0.183695 0.188346 0.191839
20130702 119.465      0.98858      0.117186 0.128967 0.190173 0.184151 0.188151 0.191372
20130703 119.586      0.99048      0.117032 0.128772 0.190374 0.184317 0.187897 0.191608
20130704 119.297      0.984927      0.117233 0.127343 0.190617 0.184783 0.188134 0.191889
20130705 119.536      0.845204      0.11693 0.128888 0.190504 0.184445 0.187713 0.191521
20130706 119.444      1      0.116914 0.128835 0.190503 0.184626 0.187909 0.191213
20130707 119.327      1      0.116931 0.128937 0.19056 0.18443 0.187885 0.191258
20130708 119.374      0.982447      0.117093 0.128851 0.190421 0.184611 0.187559 0.191465
20130709 119.287      0.984888      0.117269 0.128803 0.190479 0.18409 0.18798 0.191378
20130710 119.123      0.986077      0.117352 0.128885 0.190639 0.183345 0.188102 0.191676
20130711 119.108      0.987657      0.117053 0.128849 0.190723 0.183749 0.187958 0.191669
20130712 119.172      0.84866      0.117107 0.128777 0.190657 0.184239 0.187873 0.191346
20130713 119.038      0.984874      0.116802 0.128798 0.190725 0.18458 0.187949 0.191145
20130714 119.07      0.984915      0.116673 0.128925 0.190598 0.184653 0.18783 0.191322
20130715 119.06      0.993361      0.116894 0.128992 0.190467 0.184795 0.187844 0.191006
20130716 118.89      0.988513      0.116987 0.129114 0.19079 0.184432 0.187759 0.190918
20130717 118.964      0.995245      0.116736 0.129027 0.191019 0.184015 0.187826 0.191377
20130718 118.577      1      0.117492 0.129404 0.191309 0.183268 0.186142 0.192385
20130719 118.895      0.692875      0.117407 0.129021 0.190746 0.183621 0.187662 0.191543
20130720 118.88      0.869753      0.117463 0.128875 0.190954 0.183585 0.187345 0.191779
20130721 119.023      1      0.117318 0.12878 0.190723 0.18486 0.18691 0.191409
20130722 119.041      0.982044      0.117162 0.128695 0.190692 0.184715 0.187423 0.191312
20130723 119.06      0.999999      0.117138 0.128611 0.19035 0.184909 0.187639 0.191354
20130724 118.979      0.997051      0.117249 0.128661 0.190352 0.184895 0.187527 0.191316
20130725 118.8      1      0.117288 0.128236 0.190301 0.184666 0.187987 0.191521
20130726 118.742      0.768964      0.117258 0.128641 0.190412 0.184395 0.187825 0.19147
20130727 118.734      0.969689      0.117301 0.128701 0.190467 0.184357 0.187577 0.191598
20130728 118.819      0.847407      0.117439 0.128731 0.190574 0.184343 0.187518 0.191394
20130729 118.772      0.979348      0.117321 0.128766 0.190597 0.184651 0.187274 0.191391
20130730 118.666      0.999999      0.117398 0.128758 0.190686 0.184618 0.187528 0.191012
20130731 118.683      0.939537      0.1171 0.128695 0.1909 0.184634 0.187318 0.191352
20130801 118.631      0.986098      0.117171 0.12871 0.190633 0.184589 0.187587 0.19131
20130802 118.461      0.8261      0.116927 0.128759 0.19063 0.184359 0.187599 0.191725
20130803 118.372      0.987742      0.116906 0.128875 0.190545 0.184184 0.187573 0.191917
20130804 118.331      0.999635      0.116921 0.128834 0.190673 0.184421 0.18746 0.19169
20130805 118.417      0.984885      0.117412 0.1288 0.190833 0.18431 0.1871 0.191545
20130806 118.47      1      0.11762 0.128702 0.190739 0.184131 0.187563 0.191245
20130807 118.485      0.979037      0.117563 0.128606 0.190821 0.184743 0.187014 0.191253
20130808 118.495      0.81287      0.117574 0.128568 0.190736 0.185147 0.186798 0.191178
20130809 118.307      0.0431399      0.117475 0.128695 0.190814 0.184531 0.187658 0.190827
20130810 118.547      0      0.11743 0.128333 0.19069 0.185082 0.187265 0.191201
20130811 118.496      0.635124      0.11746 0.128492 0.190691 0.185061 0.187107 0.191188
20130812 118.423      0.98151      0.117619 0.12846 0.190485 0.185013 0.187282 0.191141
20130813 117.166      0.998371      0.11862 0.129813 0.19251 0.186945 0.179135 0.192977
20130814 107.725      0.934568      0.128861 0.141123 0.209119 0.176747 0.166049 0.1781
20130815 105.943      0.984887      0.131141 0.143545 0.212297 0.173047 0.168261 0.171709
20130816 112.426      0.0427658      0.12389 0.13515 0.199994 0.184688 0.158012 0.198266
20130817 113.896      0.937019      0.12202 0.133372 0.197536 0.191792 0.157118 0.198161
20130818 113.944      1      0.121869 0.133433 0.197798 0.191963 0.15663 0.198307
20130819 117.811      0.996019      0.117899 0.128904 0.191063 0.185502 0.185129 0.191502
20130820 118.032      0.9884      0.117639 0.128501 0.190706 0.184881 0.187376 0.190898
20130821 117.844      0.981818      0.117563 0.128519 0.191107 0.184673 0.187223 0.190915
20130822 117.878      1      0.117294 0.12851 0.190967 0.184798 0.187486 0.190945
20130823 117.719      0.868253      0.11728 0.1288 0.191178 0.184408 0.187428 0.190906
20130824 117.878      0.916799      0.117176 0.128633 0.19088 0.184591 0.187511 0.19121
20130825 117.913      0.971041      0.117378 0.128742 0.19078 0.184387 0.187427 0.191287
20130826 117.987      0.996851      0.117661 0.128482 0.190499 0.185226 0.187151 0.19098
20130827 117.851      0.984891      0.117747 0.128487 0.19057 0.185511 0.187095 0.190589
20130828 117.836      0.996938      0.117791 0.128343 0.190578 0.185213 0.186966 0.191109
20130829 117.8      1      0.117865 0.128507 0.190499 0.184886 0.186984 0.191259
20130830 117.7      0.867887      0.117812 0.128555 0.190345 0.184878 0.187132 0.191277
20130831 117.678      1      0.117827 0.128539 0.190519 0.184837 0.187056 0.191222
20130901 117.764      0.999999      0.117901 0.128419 0.19054 0.185217 0.186909 0.191013
20130902 117.725      0.997566      0.117799 0.128557 0.190888 0.185184 0.186243 0.191328
20130903 117.666      1      0.117874 0.128534 0.190664 0.184865 0.187191 0.190871
20130904 117.615      0.997411      0.117964 0.128484 0.190455 0.184824 0.186779 0.191495
20130905 117.31      0.984948      0.117322 0.128631 0.190714 0.184968 0.186585 0.19178
20130906 117.633      0.864911      0.117844 0.128293 0.190636 0.185243 0.186689 0.191295
20130907 117.781      0.999999      0.117714 0.128312 0.19055 0.185418 0.186912 0.191094
20130908 117.71      0.898917      0.117837 0.128309 0.190243 0.185461 0.18706 0.19109
20130909 117.44      1      0.118127 0.127383 0.190613 0.185687 0.186923 0.191267
20130910 117.585      0.984889      0.11788 0.128496 0.190433 0.185366 0.186846 0.190979
20130911 117.562      0.982076      0.117954 0.128382 0.190207 0.185429 0.186841 0.191188
20130912 117.524      0.984874      0.118012 0.128473 0.190289 0.185162 0.186931 0.191133
20130913 117.502      0.701421      0.11787 0.128384 0.190297 0.18529 0.186848 0.19131
20130914 117.46      1      0.117909 0.128374 0.190256 0.185313 0.186978 0.19117
20130915 117.455      0.999999      0.117958 0.12844 0.190105 0.185462 0.186882 0.191153
20130916 117.324      0.986086      0.117953 0.128473 0.190443 0.185256 0.187072 0.190804
20130917 117.109      1      0.118044 0.128466 0.189925 0.185347 0.187246 0.190972
20130918 112.441      0.995632      0.122865 0.133851 0.187618 0.184187 0.183146 0.188333
20130919 101.49      0.970031      0.136199 0.148482 0.185076 0.179679 0.173819 0.176745
20130920 101.363      0.762068      0.136246 0.148558 0.184904 0.179916 0.17368 0.176696
20130921 101.451      0.988559      0.135962 0.148435 0.184837 0.179762 0.17372 0.177283
20130922 98.1159      1      0.132792 0.12943 0.190676 0.185398 0.178931 0.182771
20130923 100.697      0.966908      0.134312 0.145987 0.185786 0.181093 0.175137 0.177685
20130924 116.62      1      0.117804 0.129111 0.189298 0.185544 0.187643 0.1906
20130925 116.814      0.996938      0.118301 0.128887 0.189517 0.184652 0.187445 0.191198
20130926 116.721      1      0.117868 0.12879 0.189642 0.184981 0.187614 0.191106
20130927 116.746      0.872124      0.118467 0.128807 0.188951 0.184766 0.187758 0.191251
20130928 116.756      0.984871      0.118368 0.12884 0.189487 0.184992 0.187393 0.19092
20130929 116.767      1      0.118357 0.128859 0.190248 0.184665 0.187045 0.190825
20130930 112.532      0.991647      0.122747 0.133617 0.182322 0.192608 0.17352 0.195186
20131001 104.53      0.988617      0.132281 0.143746 0.178383 0.207662 0.167479 0.17045
20131002 104.63      0.995998      0.13211 0.14365 0.178304 0.207509 0.167306 0.171121
20131003 109.047      0.98477      0.126837 0.137742 0.171895 0.198723 0.160562 0.204241
20131004 112.688      0.87562      0.122632 0.133266 0.197703 0.192408 0.15649 0.197501
20131005 116.805      1      0.11822 0.128506 0.190889 0.185477 0.186649 0.190259
20131006 116.687      0.999999      0.118207 0.1286 0.191076 0.185331 0.18655 0.190235
20131007 116.614      0.992518      0.11813 0.128541 0.191081 0.185551 0.186456 0.190242
20131008 116.541      0.984893      0.118146 0.128609 0.19108 0.185286 0.186484 0.190393
20131009 116.608      0.97587      0.118098 0.128571 0.191275 0.184484 0.186777 0.190794
20131010 116.807      1      0.118034 0.128274 0.191128 0.184552 0.186829 0.191182
20131011 116.772      0.716587      0.117725 0.128287 0.190933 0.184873 0.186839 0.191343
20131012 116.798      1      0.117655 0.128232 0.190892 0.185182 0.187016 0.191023
20131013 116.758      0.999999      0.117622 0.128218 0.191099 0.185097 0.186866 0.191098
20131014 116.653      0.997045      0.117652 0.128216 0.191025 0.185172 0.186713 0.191221
20131015 116.651      0.984753      0.117545 0.128336 0.191114 0.185185 0.186814 0.191007
20131016 113.34      0.997674      0.0921582 0.132008 0.196661 0.190513 0.192001 0.196659
20131017 102.907      0.735647      0 0.145321 0.216694 0.209484 0.211696 0.216806
20131018 102.907      0.768409      0 0.145409 0.216879 0.209351 0.211864 0.216498
20131019 102.814      0.984727      0 0.145498 0.2166 0.209739 0.212 0.216162
20131020 102.793      0.982554      0 0.145464 0.216664 0.209673 0.21199 0.216209
20131021 102.596      0.866601      0 0.145645 0.216608 0.209843 0.212124 0.215781
20131022 101.887      0.942036      0 0.146546 0.218294 0.205035 0.21335 0.216775
20131023 102.583      0.981185      0 0.145495 0.21693 0.209441 0.211769 0.216366
20131024 102.623      0.999999      0 0.145478 0.21668 0.20911 0.211919 0.216812
20131025 102.693      0.884994      0 0.145172 0.21651 0.210248 0.211494 0.216576
20131026 102.307      0.999999      0 0.142111 0.216795 0.21155 0.212418 0.217126
20131027 102.81      0.98484      0 0.145296 0.21634 0.210793 0.211391 0.21618
20131028 102.706      0.979391      0 0.145417 0.216088 0.210894 0.211228 0.216372
20131029 102.651      0.982723      0 0.145289 0.216264 0.210691 0.211432 0.216324
20131030 102.679      0.994166      0 0.145277 0.216163 0.210767 0.211446 0.216346
20131031 102.631      0.999999      0 0.1454 0.216231 0.210552 0.211252 0.216564
20131101 102.567      0.862835      0 0.145421 0.216206 0.210479 0.211277 0.216618
20131102 102.475      0.984739      0 0.145524 0.21612 0.210434 0.211243 0.216678
20131103 102.452      0.984397      0 0.145489 0.216077 0.210402 0.211179 0.216853
20131104 102.419      0.991715      0 0.145416 0.216067 0.210292 0.211217 0.217008
20131105 102.398      0.999999      0 0.145451 0.216095 0.210429 0.211094 0.216931
20131106 102.42      0.690689      0 0.145378 0.215765 0.210109 0.211861 0.216888
20131107 102.317      0.975744      0 0.14553 0.214811 0.210552 0.212012 0.217096
20131108 102.381      0.586235      0 0.145494 0.215504 0.210247 0.21182 0.216935
20131109 102.329      0.898691      0 0.145349 0.215754 0.210209 0.211754 0.216934
20131110 102.323      0.999999      0 0.145393 0.215951 0.210191 0.211741 0.216724
20131111 102.184      0.985923      0 0.145135 0.216204 0.21022 0.211672 0.216769
20131112 102.111      0.984818      0 0.145327 0.215888 0.210061 0.211803 0.216921
20131113 101.968      0.984357      0 0.145454 0.215792 0.210166 0.211576 0.217011
20131114 101.683      1      0 0.14604 0.216434 0.21074 0.212636 0.21415
20131115 102.116      0.738937      0 0.145484 0.21645 0.209741 0.211647 0.216678
20131116 102.174      1      0 0.145242 0.217213 0.209757 0.211425 0.216362
20131117 102.086      0.926945      0 0.145329 0.217286 0.209641 0.211387 0.216357
20131118 101.925      0.93623      0 0.145457 0.217554 0.209376 0.21169 0.215922
20131119 101.823      0.925588      0 0.145697 0.217654 0.208893 0.211903 0.215852
20131120 101.865      0.985229      0 0.145704 0.217798 0.208176 0.211713 0.216609
20131121 96.3266      0.958373      0 0.154108 0.230191 0.163373 0.22383 0.228498
20131122 80.5104      0.853702      0 0.184391 0.274827 0 0.267719 0.273062
20131123 80.3883      1      0 0.184527 0.274444 0 0.267615 0.273413
20131124 80.4257      0.969654      0 0.184301 0.274684 0 0.267372 0.273642
20131125 80.3449      0.993417      0 0.184451 0.274916 0 0.26704 0.273594
20131126 80.4445      0.943128      0 0.184132 0.274597 0 0.267911 0.27336
20131127 80.5402      0.0874883      0 0.184085 0.27435 0 0.267619 0.273947