20111224 95.8887      0.379184      0.145988 0.162048 0.225273 0 0.230176 0.236514
20111225 95.8502      1      0.146066 0.162029 0.225256 0 0.230238 0.236411
20111226 95.8326      0.963933      0.146185 0.16204 0.225147 0 0.230134 0.236494
20111227 95.8179      1      0.146166 0.161924 0.225334 0 0.230085 0.236491
20111228 95.8007      0.997025      0.146154 0.161878 0.225453 0 0.230071 0.236444
20111229 95.7499      0.999999      0.146204 0.161898 0.225291 0 0.230018 0.236589
20111230 95.7378      0.635641      0.146253 0.161902 0.225412 0 0.230073 0.236361
20111231 95.6675      0.993334      0.146264 0.161911 0.225417 0 0.2298 0.236609
20120101 95.6538      0.998375      0.146268 0.161854 0.225457 0 0.229927 0.236493
20120102 95.613      1      0.146242 0.161866 0.225418 0 0.230008 0.236466
20120103 95.6935      0.996007      0.146143 0.161822 0.225621 0 0.230108 0.236305
20120104 95.6575      1      0.146064 0.162005 0.225453 0 0.230204 0.236275
20120105 95.2666      0.982698      0.146612 0.162519 0.2263 0 0.227514 0.237054
20120106 95.5214      0.652559      0.145965 0.162032 0.225574 0 0.230253 0.236176
20120107 95.5031      1      0.145969 0.161971 0.225628 0 0.230151 0.236281
20120108 95.5726      0.990878      0.145729 0.161851 0.225645 0.000902186 0.229857 0.236015
20120109 95.6038      0.986111      0.145499 0.16134 0.225157 0.00235461 0.229725 0.235924
20120110 100.247      0.951323      0.139009 0.154161 0.21443 0.0483603 0.219212 0.224827
20120111 102.577      0.999999      0.136324 0.150641 0.209709 0.0696157 0.21408 0.21963
20120112 106.092      0.798922      0.131834 0.145622 0.202566 0.100659 0.20697 0.21235
20120113 112.486      0.774843      0.124217 0.13725 0.190422 0.152909 0.19506 0.200141
20120114 113.165      0.698922      0.123585 0.136417 0.189035 0.157777 0.193882 0.199304
20120115 117.397      1      0.119052 0.131483 0.182204 0.18851 0.186766 0.191984
20120116 118.015      0.681316      0.118406 0.130691 0.181256 0.192905 0.185785 0.190957
20120117 113.221      0.859007      0.123398 0.13619 0.189034 0.200632 0.194297 0.156449
20120118 113.209      0.530548      0.123362 0.136119 0.188988 0.200765 0.194181 0.156585
20120119 112.433      0.6647      0.124237 0.137061 0.190188 0.20449 0.186551 0.157473
20120120 106.204      0.489618      0.131518 0.144985 0.156595 0.216706 0.1836 0.166597
20120121 88.075      0.82767      0.158466 0.174853 0 0.250207 0.215553 0.200921
20120122 83.8783      0.894277      0.166341 0.183509 0 0.231928 0.206946 0.211276
20120123 83.8065      0.902807      0.166257 0.183581 0 0.232191 0.207044 0.210928
20120124 83.8134      0.994955      0.165978 0.183505 0 0.232116 0.207695 0.210706
20120125 83.8042      0.986322      0.166059 0.183402 0 0.232075 0.207898 0.210566
20120126 83.8975      0.968976      0.166019 0.183247 0 0.231711 0.207662 0.21136
20120127 96.0262      0.974778      0.14507 0.160115 0 0.238042 0.223672 0.233102
20120128 96.5178      0.648659      0.144322 0.159188 0 0.23808 0.226186 0.232223
20120129 96.513      0.862452      0.144333 0.15914 0 0.238269 0.226231 0.232028
20120130 96.4633      0.847961      0.144337 0.159216 0 0.238156 0.226205 0.232086
20120131 96.2933      0.923818      0.144635 0.159493 0 0.23849 0.226752 0.23063
20120201 94.9485      0.997546      0.146731 0.159033 0 0.241757 0.222992 0.229488
20120202 96.4145      0.999999      0.144515 0.159264 0 0.237725 0.226546 0.23195
20120203 96.3798      0.740853      0.144467 0.15928 0 0.237904 0.226386 0.231962
20120204 96.3655      0.992956      0.144532 0.159279 0 0.238064 0.226205 0.231921
20120205 96.2979      0.999999      0.144589 0.159255 0 0.237881 0.226388 0.231887
20120206 96.2691      0.7624      0.14452 0.159277 0 0.23785 0.22635 0.232003
20120207 96.2121      1      0.144535 0.159287 0 0.237964 0.22625 0.231965
20120208 96.2184      0.994978      0.144505 0.159255 0 0.237985 0.226329 0.231927
20120209 96.1957      0.999999      0.144568 0.159039 0 0.238105 0.22631 0.231978
20120210 99.824      0.653177      0.139345 0.153406 0.0363573 0.229483 0.217951 0.223458
20120211 103.195      0.99632      0.134632 0.148359 0.0683566 0.221799 0.210761 0.216092
20120212 105.998      1      0.131132 0.144373 0.0929147 0.216251 0.205112 0.210218
20120213 113.189      0.936742      0.122749 0.135092 0.15095 0.202433 0.191778 0.196998
20120214 113.483      0.994963      0.122252 0.134786 0.153462 0.201592 0.191398 0.19651
20120215 116.355      0.997037      0.119191 0.131455 0.174409 0.196631 0.186682 0.191631
20120216 118.964      0.999999      0.11657 0.128536 0.192631 0.192311 0.182545 0.187407
20120217 119.132      0.646448      0.116682 0.128269 0.193845 0.191844 0.182305 0.187056
20120218 119.035      0.876134      0.116823 0.128336 0.193672 0.191707 0.182288 0.187174
20120219 118.569      0.999999      0.113147 0.128817 0.194528 0.192657 0.183014 0.187837
20120220 119.025      0.996825      0.116728 0.128273 0.194197 0.191807 0.181933 0.187063
20120221 119.049      1      0.116809 0.12823 0.194081 0.191817 0.18216 0.186902
20120222 119.077      0.993362      0.116829 0.128149 0.193872 0.192007 0.18221 0.186933
20120223 117.763      1      0.118079 0.129579 0.195981 0.184869 0.183812 0.18768
20120224 118.72      0.673035      0.117026 0.128501 0.194408 0.190192 0.182516 0.187357
20120225 118.837      0.994666      0.116924 0.128314 0.194118 0.19138 0.182235 0.187028
20120226 118.808      1      0.116791 0.128314 0.194043 0.191692 0.182291 0.186869
20120227 118.809      0.961183      0.116768 0.128218 0.193799 0.19208 0.182177 0.186959
20120228 118.77      1      0.116636 0.128378 0.193898 0.192204 0.182104 0.18678
20120229 118.736      0.993107      0.116618 0.128461 0.193979 0.192142 0.182008 0.186792
20120301 118.199      1      0.117123 0.128983 0.194616 0.188869 0.18292 0.18749
20120302 118.705      0.71995      0.116899 0.128366 0.193814 0.192084 0.182338 0.186499
20120303 118.626      0.996371      0.116835 0.128535 0.193715 0.191926 0.182224 0.186764
20120304 118.613      0.999999      0.116875 0.128511 0.193624 0.192018 0.182312 0.18666
20120305 118.564      0.994138      0.116869 0.128554 0.193733 0.191777 0.182196 0.186871
20120306 118.588      1      0.116878 0.128544 0.193703 0.191914 0.182267 0.186695
20120307 118.531      0.996698      0.116801 0.128545 0.193673 0.192045 0.182189 0.186748
20120308 118.431      0.929442      0.116922 0.12854 0.193467 0.192063 0.182301 0.186708
20120309 118.278      0.613238      0.116956 0.128662 0.192973 0.19192 0.182534 0.186956
20120310 118.298      0.997353      0.11694 0.12867 0.193018 0.191938 0.182496 0.186937
20120311 118.25      1      0.116981 0.128661 0.192994 0.191932 0.182474 0.186957
20120312 118.307      0.994127      0.116912 0.12856 0.193409 0.192061 0.182319 0.186738
20120313 118.218      1      0.117006 0.128606 0.193749 0.19178 0.182363 0.186496
20120314 118.272      0.9932      0.11683 0.128483 0.193831 0.191831 0.18233 0.186696
20120315 118.145      1      0.116772 0.128533 0.193782 0.191813 0.182378 0.186721
20120316 118.229      0.724871      0.116855 0.128558 0.193646 0.192093 0.182161 0.186686
20120317 118.201      1      0.116936 0.128551 0.193578 0.192121 0.182252 0.186562
20120318 118.182      1      0.11701 0.128588 0.193565 0.192075 0.182195 0.186567
20120319 118.116      0.971158      0.117107 0.128603 0.193533 0.192196 0.181961 0.186602
20120320 118.147      0.97509      0.117054 0.128578 0.193396 0.192022 0.182211 0.186738
20120321 118.152      0.963657      0.117037 0.128509 0.193533 0.191849 0.182227 0.186845
20120322 117.995      0.901081      0.117205 0.128619 0.19318 0.191734 0.182302 0.18696
20120323 118.103      0.635414      0.117042 0.128368 0.193838 0.191799 0.18218 0.186772
20120324 118.048      0.974908      0.11707 0.128447 0.193748 0.19172 0.18228 0.186735
20120325 118.03      1      0.117138 0.128407 0.193811 0.191757 0.182155 0.186732
20120326 117.941      0.993534      0.117233 0.128516 0.193431 0.191825 0.182215 0.18678
20120327 117.943      0.974108      0.117221 0.128505 0.193414 0.191892 0.182282 0.186685
20120328 117.883      1      0.117115 0.128495 0.193431 0.191961 0.182299 0.1867
20120329 117.269      0.950059      0.11757 0.129117 0.189467 0.193046 0.183161 0.18764
20120330 117.76      0.669743      0.116854 0.128576 0.193514 0.191836 0.182467 0.186753
20120331 117.771      0.956454      0.116794 0.128593 0.193365 0.191899 0.182613 0.186736
20120401 117.777      0.935595      0.117349 0.128571 0.193197 0.191885 0.182343 0.186655
20120402 117.766      1      0.117396 0.128519 0.193532 0.19168 0.182302 0.186572
20120403 114.08      0.987447      0.121206 0.132736 0.188244 0.18843 0.176371 0.193013
20120404 105.384      1      0.131181 0.143661 0.177839 0.177243 0.161187 0.20889
20120405 117.452      0.96495      0.117707 0.128941 0.19323 0.190227 0.182531 0.187363
20120406 117.622      0.676849      0.117459 0.128826 0.192805 0.19149 0.182459 0.186963
20120407 117.675      0.000145767      0.117292 0.128733 0.192567 0.191501 0.182471 0.187435
20120408 103.599      0.548991      0 0.145806 0.218544 0.21659 0.207022 0.212038
20120409 103.714      0.936762      0 0.145615 0.218373 0.217406 0.2068 0.211806
20120410 99.8156      0.988033      0 0.151386 0.212949 0.212368 0.21015 0.213148
20120411 103.553      0.958331      0 0.145908 0.218181 0.216095 0.207448 0.212368
20120412 103.948      0.992233      0 0.145542 0.218971 0.217039 0.20682 0.211627
20120413 103.942      0.710282      0 0.145635 0.219113 0.217017 0.206685 0.21155
20120414 103.914      0.914156      0 0.145448 0.219053 0.217095 0.206726 0.211679
20120415 103.851      0.996769      0 0.145347 0.219102 0.217233 0.206633 0.211685
20120416 103.717      1      0 0.14549 0.219358 0.217542 0.205747 0.211862
20120417 103.813      0.990419      0 0.145366 0.219031 0.21695 0.206701 0.211951
20120418 103.754      0.999999      0 0.145292 0.218688 0.217305 0.206606 0.21211
20120419 103.682      0.996494      0 0.145232 0.218513 0.217436 0.206689 0.21213
20120420 103.695      0.707159      0 0.145408 0.21848 0.217336 0.206677 0.212098
20120421 103.7      0.999999      0 0.145541 0.218475 0.217313 0.206646 0.212026
20120422 103.726      0.996292      0 0.145479 0.21837 0.217088 0.206895 0.212168
20120423 103.672      0.999999      0 0.145387 0.218645 0.217267 0.20682 0.211881
20120424 103.368      0.996229      0 0.143766 0.218802 0.217841 0.20732 0.212271
20120425 103.548      0.99363      0 0.145496 0.218371 0.217073 0.206915 0.212145
20120426 103.612      0.960267      0 0.14549 0.218686 0.216765 0.206839 0.21222
20120427 103.534      0.664589      0 0.145484 0.218692 0.216843 0.206801 0.21218
20120428 103.517      0.999999      0 0.145462 0.218635 0.216854 0.206742 0.212307
20120429 100.831      0.959974      0 0.149413 0.211053 0.209671 0.212194 0.217669
20120430 94.3115      1      0 0.159647 0.197564 0.197153 0.212797 0.232839
20120501 91.4926      0.888564      0 0.164474 0.204735 0.203922 0.187022 0.239846
20120502 103.305      0.999999      0 0.145731 0.218277 0.216092 0.207335 0.212566
20120503 103.443      0.98957      0 0.145497 0.218512 0.215945 0.207514 0.212533
20120504 103.571      0.639404      0 0.145221 0.218036 0.216476 0.207543 0.212724
20120505 103.532      1      0 0.145204 0.218168 0.216807 0.207347 0.212475
20120506 103.498      0.844305      0 0.145192 0.218303 0.216672 0.207369 0.212464
20120507 103.501      0.983903      0 0.145115 0.218226 0.216745 0.207478 0.212436
20120508 103.434      1      0 0.145184 0.218083 0.216819 0.207745 0.212169
20120509 97.9741      0.999999      0 0.153121 0.2305 0.228967 0.218774 0.168637
20120510 81.518      1      0 0.184114 0.277261 0.275119 0.263506 0
20120511 81.4614      0.683274      0 0.184257 0.276925 0.275202 0.263616 0
20120512 81.4048      1      0 0.183983 0.277156 0.27513 0.263732 0
20120513 81.3412      0.99473      0 0.184198 0.276968 0.275406 0.263428 0
20120514 81.3425      0.999999      0 0.184294 0.276594 0.275307 0.263805 0
20120515 81.3499      0.97437      0 0.184406 0.276282 0.275321 0.263991 0
20120516 81.276      0.996552      0 0.184547 0.276245 0.275521 0.263688 0
20120517 81.229      0.977589      0 0.183241 0.27698 0.275473 0.264306 0
20120518 81.3104      0.684765      0 0.184268 0.277107 0.274922 0.263704 0
20120519 81.2885      0.979033      0 0.184245 0.277458 0.27458 0.263716 0
20120520 81.2745      0.993442      0 0.184296 0.277467 0.274491 0.263746 0
20120521 81.2392      0.940152      0 0.184355 0.277349 0.274562 0.263734 0
20120522 81.1319      0.907378      0 0.184163 0.277523 0.274469 0.263845 0
20120523 81.0989      0.871975      0 0.18434 0.277556 0.274104 0.264 0
20120524 81.0461      0.936011      0 0.184781 0.277808 0.273545 0.263866 0
20120525 81.2575      0.585958      0 0.184632 0.277152 0.274905 0.263311 0
20120526 81.2349      0.965916      0 0.184377 0.277354 0.274919 0.26335 0
20120527 81.1973      0.948893      0 0.184212 0.27704 0.275194 0.263555 0
20120528 81.15      0.880884      0 0.184396 0.277108 0.27504 0.263455 0
20120529 81.1393      0.0413291      0 0.184303 0.27737 0.275272 0.263055 0
20120530 81.0831      0.72355      0 0.184218 0.276729 0.27525 0.263803 0
20120531 81.0856      0.967849      0 0.184316 0.276613 0.275525 0.263546 0
20120601 81.0619      0.879518      0.000345453 0.18434 0.276517 0.275095 0.263703 0
20120602 83.9981      0.999999      0.0357323 0.177646 0.266571 0.265605 0.254446 0
20120603 85.6448      1      0.0552864 0.174474 0.260923 0.260071 0.249246 0
20120604 87.9865      0.976616      0.0807537 0.169687 0.2539 0.253295 0.242364 0
20120605 92.3631      1      0.12315 0.161361 0.242729 0.241454 0.231306 0
20120606 92.7322      0.99519      0.125923 0.16117 0.242291 0.240561 0.230055 0
20120607 95.7105      0.999999      0.153553 0.156197 0.23471 0.232495 0.223046 0
20120608 95.9649      0.0396687      0.157138 0.155409 0.233409 0.231319 0.222726 0
20120609 95.9976      0      0.157444 0.155316 0.233808 0.231082 0.22235 0
20120610 95.9813      0      0.157369 0.155335 0.233924 0.231013 0.222359 0
20120611 96.0939      0      0.158293 0.15507 0.23435 0.230496 0.221791 0
20120612 96.1031      0      0.158105 0.154989 0.234555 0.230598 0.221753 0
20120613 96.0684      0      0.158405 0.155153 0.233595 0.230998 0.22185 0
20120614 96.0612      0      0.158251 0.155115 0.233421 0.2314 0.221813 0
20120615 96.1272      0.575985      0.15814 0.155349 0.233046 0.231774 0.221691 0
20120616 93.9135      1      0.162207 0.158872 0.228325 0.228213 0.222383 0
20120617 87.6239      0.999999      0.173565 0.170279 0.216944 0.214912 0.2243 0
20120618 88.0515      0.991039      0.172346 0.169027 0.218138 0.216896 0.223593 0
20120619 88.0267      0.815908      0.172612 0.168257 0.218374 0.217236 0.223521 0
20120620 88.0002      0.917483      0.172728 0.1693 0.217958 0.217022 0.222993 0
20120621 88.0565      1      0.17244 0.169056 0.218233 0.216996 0.223274 0
20120622 87.8827      0.530312      0.172485 0.169136 0.217873 0.216868 0.223638 0
20120623 87.8847      1      0.172516 0.169077 0.218146 0.216825 0.223436 0
20120624 87.7849      1      0.171854 0.169262 0.218125 0.216981 0.223778 0
20120625 87.3287      0.577999      0.173546 0.170061 0.217322 0.216041 0.223029 0
20120626 86.3372      0.715441      0.175611 0.172175 0.215832 0.214852 0.221529 0
20120627 90.559      0.996162      0.167634 0.164372 0.223355 0.222644 0.221996 0
20120628 95.4527      0.999999      0.156409 0.155762 0.233753 0.232219 0.221857 0
20120629 95.6755      0.587897      0.158498 0.155262 0.233143 0.231619 0.221478 0
20120630 95.5071      0.989128      0.158385 0.155241 0.232621 0.231516 0.222236 0
20120701 95.6389      0.989536      0.158341 0.155342 0.232908 0.231421 0.221988 0
20120702 95.4533      1      0.158373 0.155247 0.232995 0.231106 0.222279 0
20120703 95.4511      0.999999      0.158302 0.155414 0.23305 0.231192 0.222043 0
20120704 95.1966      0.996899      0.156109 0.155802 0.233451 0.232056 0.222582 0
20120705 95.3644      1      0.157788 0.155211 0.233042 0.231694 0.222266 0
20120706 95.5221      0.665664      0.158151 0.155383 0.233369 0.231716 0.22138 0
20120707 95.3013      0.999999      0.156743 0.155691 0.233668 0.232339 0.221558 0
20120708 95.2726      0.999999      0.156522 0.155516 0.23386 0.23242 0.221683 0
20120709 95.012      0.990217      0.154293 0.155924 0.234552 0.233085 0.222146 0
20120710 94.8514      0.999999      0.153095 0.155791 0.235047 0.233465 0.222602 0
20120711 94.9142      0.457177      0.15359 0.155918 0.234911 0.233327 0.222255 0
20120712 94.6432      0.929774      0.152392 0.156251 0.235267 0.233459 0.222631 0
20120713 95.2511      0.686079      0.157184 0.15514 0.233738 0.232176 0.221762 0
20120714 95.3548      1      0.157772 0.155116 0.233455 0.2316 0.221304 0.000753161
20120715 95.44      1      0.157383 0.15476 0.232923 0.231245 0.220724 0.00296519
20120716 96.9204      0.944142      0.154776 0.152525 0.229334 0.227853 0.217478 0.0180343
20120717 101.734      0.999999      0.147377 0.145417 0.218585 0.216502 0.207515 0.0646036
20120718 102.823      0.99644      0.145925 0.143925 0.216302 0.214491 0.205109 0.0742489
20120719 109.368      0.899188      0.132018 0.135233 0.202895 0.201698 0.193196 0.134959
20120720 112.011      0.726226      0.129409 0.132158 0.198223 0.197381 0.188396 0.154433
20120721 113.961      0.999999      0.131774 0.129767 0.194632 0.194042 0.18521 0.164574
20120722 117.127      1      0.128344 0.12624 0.189277 0.188801 0.180063 0.187276
20120723 114.007      0.947524      0.131684 0.129652 0.178166 0.178381 0.184116 0.198001
20120724 102.986      0.951717      0.141933 0.143225 0.167651 0.167236 0.202833 0.177123
20120725 105.704      0.996522      0.138697 0.139678 0.175075 0.17407 0.197415 0.175065
20120726 107.941      0.999999      0.138127 0.136759 0.170977 0.170419 0.193018 0.1907
20120727 109.967      0.695718      0.133419 0.134344 0.167353 0.166802 0.18935 0.208732
20120728 110.471      0.008999      0.135245 0.133794 0.166705 0.166211 0.188874 0.20917
20120729 110.401      0      0.135215 0.133607 0.167691 0.166301 0.18815 0.209036
20120730 116.585      0      0.127004 0.126392 0.18884 0.186817 0.176459 0.194489
20120731 112.081      0      0.133131 0.131542 0.1962 0.195569 0.137414 0.206143
20120801 96.7329      0      0.15467 0.152422 0.227677 0.226331 0 0.2389
20120802 96.9641      0      0.154414 0.152146 0.228494 0.226644 0 0.238303
20120803 96.9821      0      0.154286 0.152102 0.228725 0.227096 0 0.237791
20120804 97.0317      0      0.154199 0.15192 0.22856 0.227306 0 0.238016
20120805 97.0541      0      0.154236 0.151854 0.228359 0.227495 0 0.238056
20120806 97.0222      0      0.154309 0.151975 0.228324 0.227448 0 0.237943
20120807 96.9447      0      0.154376 0.152077 0.228511 0.227459 0 0.237577
20120808 96.9365      0      0.154332 0.152041 0.228394 0.227504 0 0.237729
20120809 96.8295      0      0.154199 0.152003 0.228596 0.227427 0 0.237776
20120810 96.8144      0      0.154041 0.152038 0.22875 0.227266 0 0.237904
20120811 96.8309      0      0.154154 0.152117 0.228555 0.227497 0 0.237676
20120812 96.734      0      0.154315 0.151189 0.228952 0.227664 0 0.23788
20120813 96.8124      0      0.154147 0.151941 0.22886 0.227607 0 0.237446
20120814 96.7776      0      0.154332 0.15208 0.228668 0.227525 0 0.237395
20120815 96.714      0      0.154344 0.15218 0.228631 0.227545 0 0.237301
20120816 93.001      0      0.160229 0.15802 0.224515 0.225455 0 0.231782
20120817 85.0965      0      0.175034 0.172858 0.217606 0.216932 0 0.21757
20120818 84.8599      0      0.175386 0.173343 0.217359 0.216804 0 0.217109
20120819 84.879      0      0.175553 0.173301 0.21748 0.216848 0 0.216818
20120820 95.7961      0      0.15565 0.153563 0.228875 0.228498 0 0.233414
20120821 96.4433      0      0.154472 0.152499 0.227791 0.227714 0 0.237523
20120822 96.4381      0      0.154246 0.152416 0.227609 0.227849 0 0.23788
20120823 96.443      0      0.154573 0.15252 0.228192 0.22671 0 0.238005
20120824 96.5353      0      0.154194 0.152278 0.228788 0.227214 0 0.237525
20120825 96.5138      0      0.154057 0.152379 0.228464 0.227442 0 0.237658
20120826 96.4092      0      0.154105 0.152321 0.228858 0.226913 0 0.237805
20120827 96.398      0      0.154128 0.152199 0.228781 0.227097 0 0.237795
20120828 96.34      0      0.154286 0.152238 0.228702 0.2273 0 0.237474
20120829 96.3743      0      0.154181 0.152276 0.228843 0.227202 0 0.237498
20120830 96.3596      0      0.154241 0.152372 0.228877 0.227082 0 0.237428
20120831 96.4663      0      0.154064 0.152233 0.228977 0.227477 0 0.237249
20120901 96.4501      0      0.154002 0.15225 0.228916 0.227654 0 0.237177
20120902 96.4417      0      0.153977 0.152256 0.228774 0.227894 0 0.2371
20120903 96.3849      0      0.154062 0.152314 0.228657 0.22781 0 0.237157
20120904 96.3474      0      0.153788 0.152196 0.22878 0.227621 0.0006523 0.236963
20120905 98.2159      0      0.151051 0.149349 0.224046 0.223472 0.0192912 0.232791
20120906 103.261      0      0.143556 0.142 0.213354 0.212674 0.0671685 0.221248
20120907 104.425      0      0.142112 0.140545 0.210775 0.210187 0.0775721 0.218809
20120908 111.231      0      0.133391 0.131921 0.197994 0.19721 0.134109 0.205375
20120909 113.085      0      0.131123 0.12974 0.194515 0.193839 0.148712 0.202071
20120910 117.597      0      0.126091 0.124657 0.186731 0.186504 0.181955 0.194061
20120911 118.576      0      0.125014 0.123697 0.185026 0.18491 0.188975 0.192377
20120912 118.493      0      0.124884 0.123779 0.184974 0.184905 0.188996 0.192462
20120913 118.059      0      0.125382 0.124255 0.185961 0.185472 0.188861 0.190069
20120914 117.071      0      0.126215 0.124938 0.187832 0.186866 0.179781 0.194368
20120915 114.178      0      0.129422 0.128251 0.192726 0.191749 0.1588 0.199052
20120916 114.086      0      0.129538 0.128237 0.192746 0.191608 0.158784 0.199088
20120917 115.836      0      0.127668 0.126295 0.189858 0.188434 0.171534 0.19621
20120918 118.261      0      0.125012 0.123807 0.185723 0.184359 0.188712 0.192387
20120919 118.33      0      0.12477 0.123761 0.185847 0.184303 0.188831 0.192489
20120920 118.21      0      0.124923 0.12389 0.185227 0.18445 0.188999 0.19251
20120921 117.824      0      0.125346 0.124243 0.186516 0.185219 0.185629 0.193046
20120922 96.6741      0      0.152607 0.151405 0.227395 0.225758 0.00815539 0.234679
20120923 99.8595      0      0.147794 0.146584 0.220025 0.218017 0.0404023 0.227178
20120924 117.629      0      0.125429 0.124421 0.186836 0.185089 0.185183 0.193042
20120925 118.169      0      0.124935 0.123833 0.185832 0.184905 0.188733 0.191761
20120926 118.151      0      0.124868 0.12365 0.185814 0.185088 0.188514 0.192067
20120927 118.123      0      0.124743 0.123865 0.185865 0.184972 0.188478 0.192077
20120928 117.023      0      0.125916 0.125014 0.178684 0.186742 0.190011 0.193633
20120929 111.163      0      0.132712 0.131462 0.164751 0.187262 0.189128 0.194685
20120930 100.809      0      0.146193 0.144831 0.173383 0.181452 0.174909 0.179232
20121001 101.708      0      0.145035 0.143627 0.179958 0.179024 0.174623 0.177733
20121002 105.05      0      0.140375 0.138996 0.174243 0.204523 0.169477 0.172385
20121003 105.556      0      0.139684 0.138236 0.173257 0.206502 0.168477 0.173843
20121004 109.84      0      0.134166 0.132808 0.166468 0.198471 0.16203 0.206057
20121005 113.955      0      0.129284 0.127938 0.160758 0.191421 0.191942 0.198656
20121006 117.694      0      0.125214 0.123903 0.184973 0.185217 0.188275 0.192418
20121007 117.674      0      0.125129 0.123902 0.184864 0.184885 0.18883 0.19239
20121008 117.693      0      0.125114 0.123896 0.185155 0.184684 0.188861 0.192291
20121009 117.788      0      0.12494 0.123778 0.185976 0.184919 0.188528 0.191859
20121010 117.749      0      0.124747 0.123686 0.186179 0.184573 0.188741 0.192074
20121011 117.702      0      0.124783 0.123615 0.18619 0.18464 0.188687 0.192084
20121012 117.711      0      0.124876 0.12375 0.186192 0.184465 0.188712 0.192005
20121013 117.564      0      0.125022 0.123822 0.186307 0.184388 0.188879 0.191582
20121014 117.529      0      0.124988 0.123759 0.186435 0.18438 0.188727 0.191712
20121015 117.518      0      0.124989 0.123361 0.186592 0.184878 0.188513 0.191668
20121016 117.411      0      0.124072 0.123377 0.186504 0.185398 0.188751 0.191898
20121017 117.511      0      0.124797 0.123322 0.186164 0.185374 0.188432 0.191911
20121018 117.63      0      0.124744 0.12363 0.185974 0.185346 0.188327 0.191978
20121019 117.578      0.557866      0.124687 0.123757 0.185905 0.185298 0.18853 0.191823
20121020 117.576      1      0.124729 0.123716 0.186014 0.18522 0.188478 0.191843
20121021 117.473      0.986423      0.124862 0.123771 0.185797 0.185041 0.188615 0.191914
20121022 117.507      0.955288      0.124821 0.123861 0.186042 0.184836 0.188564 0.191876
20121023 117.396      1      0.124996 0.124029 0.185824 0.18504 0.18847 0.191641
20121024 117.203      0.978801      0.125031 0.124205 0.186037 0.185122 0.187327 0.192278
20121025 117.343      1      0.124965 0.124011 0.185759 0.18492 0.188424 0.191922
20121026 117.237      0.586802      0.124991 0.123943 0.185764 0.184943 0.188364 0.191995
20121027 117.372      0.985924      0.124902 0.1238 0.185705 0.185236 0.188465 0.191892
20121028 117.227      0.982512      0.124967 0.123729 0.185607 0.185233 0.188546 0.191919
20121029 117.112      1      0.124991 0.123655 0.185704 0.185463 0.188141 0.192046
20121030 116.892      1      0.125238 0.123801 0.185948 0.185687 0.187285 0.192041
20121031 116.708      0.995797      0.125218 0.123828 0.186016 0.185722 0.187107 0.192109
20121101 115.479      1      0.126494 0.123843 0.188065 0.187538 0.18 0.194059
20121102 112.48      0.652089      0.13007 0.128446 0.193946 0.192709 0.15504 0.199788
20121103 112.461      1      0.130059 0.128505 0.193763 0.192846 0.154966 0.199861
20121104 112.399      0.996166      0.130115 0.128412 0.193956 0.192609 0.155118 0.19979
20121105 110.612      0.855423      0.132124 0.131009 0.191652 0.195505 0.157815 0.191895
20121106 105.93      0.467929      0.138004 0.137101 0.188804 0.20389 0.16478 0.167421
20121107 105.912      1      0.13786 0.137046 0.188741 0.20383 0.164973 0.167549
20121108 105.829      1      0.13781 0.137276 0.188412 0.204078 0.164884 0.167539
20121109 105.857      0.634165      0.137709 0.137403 0.188307 0.203942 0.164988 0.167653
20121110 105.77      0.999999      0.137933 0.137361 0.188525 0.203766 0.164696 0.167718
20121111 105.703      1      0.137951 0.137346 0.188443 0.203789 0.164806 0.167666
20121112 105.632      0.982367      0.13798 0.13733 0.188502 0.203899 0.16469 0.167598
20121113 105.633      0.990697      0.137953 0.137289 0.188602 0.203748 0.164768 0.16764
20121114 105.727      0.988375      0.137811 0.137242 0.188768 0.204067 0.164628 0.167483
20121115 107.992      1      0.134857 0.13426 0.184628 0.200866 0.173361 0.172027
20121116 116.522      0.647321      0.124882 0.124224 0.185989 0.186307 0.188332 0.190266
20121117 116.624      1      0.124763 0.124222 0.186601 0.186087 0.188375 0.189952
20121118 116.628      1      0.124892 0.12421 0.185897 0.186002 0.188113 0.190887
20121119 116.498      0.997334      0.125116 0.124422 0.185533 0.186173 0.187268 0.191488
20121120 116.427      1      0.125136 0.124495 0.18615 0.185999 0.186984 0.191235
20121121 116.426      0.989204      0.125005 0.12428 0.185999 0.185885 0.187467 0.191363
20121122 116.089      0.968233      0.125384 0.124669 0.187385 0.181848 0.188848 0.191866
20121123 116.538      0.678369      0.124775 0.124171 0.186831 0.185265 0.188009 0.190949
20121124 116.518      1      0.124747 0.124096 0.186797 0.185557 0.187834 0.190969
20121125 116.48      0.999999      0.124774 0.124046 0.186816 0.185613 0.187762 0.19099
20121126 116.381      0.997057      0.124817 0.124047 0.186874 0.185322 0.187742 0.191198
20121127 116.276      1      0.124976 0.124096 0.186733 0.184904 0.188082 0.191209
20121128 116.258      0.99728      0.124925 0.123968 0.186753 0.185263 0.187932 0.191158
20121129 116.334      1      0.124814 0.124123 0.187148 0.185267 0.187668 0.190981
20121130 116.333      0.696445      0.125035 0.124294 0.18696 0.185113 0.187708 0.19089
20121201 116.268      1      0.125127 0.124386 0.186821 0.184757 0.187721 0.191188
20121202 116.245      1      0.125127 0.124386 0.186616 0.185021 0.187865 0.190986
20121203 116.118      0.995257      0.125211 0.124638 0.186338 0.185096 0.18755 0.191167
20121204 116.154      1      0.125144 0.124606 0.186259 0.185412 0.187706 0.190873
20121205 116.111      0.992505      0.125157 0.124568 0.186165 0.185383 0.187769 0.190957
20121206 115.509      0.996466      0.125737 0.120402 0.187244 0.186247 0.188648 0.191723
20121207 115.838      0.708513      0.12534 0.12448 0.184717 0.185921 0.188197 0.191344
20121208 116.018      0.999999      0.125134 0.124441 0.186079 0.18553 0.187855 0.190959
20121209 115.959      0.930111      0.125204 0.124521 0.186391 0.185232 0.187637 0.191015
20121210 115.855      0.975081      0.125353 0.124521 0.186112 0.185167 0.187723 0.191124
20121211 110.454      1      0.131394 0.130519 0.196066 0.144922 0.196827 0.200272
20121212 94.444      0.997368      0.15367 0.152694 0.229381 0 0.230096 0.234159
20121213 94.4245      1      0.153707 0.152627 0.229213 0 0.230122 0.234331
20121214 94.4879      0.601215      0.153592 0.152596 0.229698 0 0.229933 0.234181
20121215 94.4683      1      0.153667 0.152628 0.229547 0 0.229922 0.234237
20121216 94.5171      0.999999      0.153523 0.152513 0.229727 0 0.230034 0.234203
20121217 94.4327      0.995311      0.15367 0.152071 0.22969 0 0.230248 0.234321
20121218 93.1365      1      0.155677 0.153922 0.232343 0 0.221255 0.236804
20121219 89.7868      0.99663      0.16135 0.159463 0.24141 0 0.191688 0.246089
20121220 89.1302      1      0.162508 0.160908 0.235857 0 0.1931 0.247628
20121221 89.736      0.604591      0.161288 0.160227 0.241205 0 0.191343 0.245936
20121222 90.5702      1      0.159868 0.158752 0.238978 0 0.198774 0.243628
20121223 94.1968      1      0.153664 0.152514 0.229531 0 0.230163 0.234128
20121224 94.175      0.992953      0.153628 0.152642 0.229619 0 0.229938 0.234173
20121225 94.1336      1      0.153672 0.152678 0.229565 0 0.229979 0.234107
20121226 93.9688      0.996644      0.153905 0.152885 0.230011 0 0.228779 0.234419
20121227 94.0739      1      0.153677 0.152811 0.229753 0 0.229731 0.234028
20121228 94.1457      0.716193      0.153588 0.152677 0.2297 0 0.230096 0.233939
20121229 94.453      1      0.15305 0.15214 0.228526 0.00366971 0.229603 0.233011
20121230 99.2947      1      0.145507 0.144649 0.217165 0.0525447 0.218414 0.22172
20121231 100.983      0.629156      0.143089 0.142107 0.213637 0.0690914 0.214134 0.217942
20130101 100.201      0.0126735      0.144059 0.143207 0.215366 0.109092 0.16893 0.219345
20130102 110.065      0      0.131216 0.130441 0.196135 0.149251 0.193204 0.199752
20130103 111.273      0      0.129782 0.128826 0.193865 0.156168 0.193702 0.197658
20130104 115.487      0      0.124982 0.124073 0.18667 0.187598 0.186324 0.190353
20130105 116.487      0      0.123917 0.122986 0.184557 0.195253 0.184664 0.188623
20130106 116.433      0      0.123958 0.123194 0.18418 0.195248 0.184779 0.188642
20130107 116.428      0.815576      0.123898 0.123275 0.184488 0.195191 0.184566 0.188582
20130108 116.472      1      0.123793 0.123297 0.184614 0.195084 0.184721 0.188491
20130109 116.597      0.99188      0.123573 0.123227 0.184168 0.196125 0.184564 0.188344
20130110 116.474      1      0.123698 0.121962 0.184276 0.196847 0.184758 0.18846
20130111 116.757      0.855492      0.123345 0.122814 0.184595 0.196933 0.184386 0.187928
20130112 116.789      1      0.123268 0.122789 0.184998 0.196733 0.184345 0.187867
20130113 116.711      1      0.123305 0.122872 0.18489 0.196688 0.184269 0.187974
20130114 116.648      0.991164      0.123366 0.122832 0.184624 0.19686 0.184272 0.188046
20130115 116.613      1      0.1234 0.122894 0.184585 0.196689 0.184781 0.187651
20130116 116.301      0.991521      0.121937 0.123217 0.184772 0.196954 0.184962 0.188157
20130117 116.201      0.984948      0.121248 0.123385 0.184879 0.197121 0.185101 0.188265
20130118 116.381      1      0.123324 0.123085 0.184408 0.196399 0.184895 0.187888
20130119 116.408      0.969329      0.123325 0.123053 0.18443 0.196693 0.184706 0.187793
20130120 106.87      0.573242      0.134479 0.133765 0.112683 0.213532 0.201051 0.20449
20130121 94.8179      0.821708      0.151661 0.150836 0 0.240408 0.226458 0.230637
20130122 94.4342      1      0.152233 0.151391 0 0.240911 0.227477 0.227988
20130123 94.7776      0.991207      0.151855 0.150969 0 0.239708 0.226593 0.230876
20130124 94.9024      0.999999      0.151709 0.151034 0 0.240278 0.226466 0.230513
20130125 94.8991      0.848043      0.151705 0.151066 0 0.240554 0.226212 0.230462
20130126 94.8744      0.999999      0.151693 0.151061 0 0.24056 0.226284 0.230403
20130127 94.864      1      0.151714 0.151092 0 0.240526 0.226303 0.230365
20130128 94.8319      0.998198      0.151691 0.151141 0 0.240711 0.225963 0.230494
20130129 94.7008      1      0.1518 0.151224 0 0.239769 0.226612 0.230594
20130130 94.7506      0.996715      0.151582 0.151302 0 0.240208 0.226293 0.230615
20130131 94.7314      1      0.151513 0.151186 0 0.240231 0.226537 0.230534
20130201 94.6993      0.680081      0.151718 0.151164 0 0.240235 0.226313 0.23057
20130202 94.726      1      0.151641 0.151187 0 0.240395 0.226307 0.23047
20130203 94.6735      0.850789      0.151581 0.151194 0 0.240331 0.226362 0.230532
20130204 94.6044      1      0.151653 0.15124 0 0.240232 0.226246 0.23063
20130205 94.4649      0.930715      0.15184 0.151551 0 0.239012 0.226673 0.230924
20130206 91.591      0.995126      0.156604 0.15603 0 0.215444 0.233724 0.238197
20130207 89.3505      1      0.16052 0.15979 0 0.209998 0.225611 0.244081
20130208 86.034      0.855629      0.166607 0.166382 0 0.217767 0.195925 0.253319
20130209 86.0595      0.999999      0.166555 0.16633 0 0.217675 0.196242 0.253198
20130210 86.0722      0.999341      0.166598 0.166297 0 0.217653 0.196321 0.253131
20130211 86.0645      0.990065      0.166514 0.166292 0 0.217737 0.196274 0.253183
20130212 85.9859      0.999999      0.166637 0.16646 0 0.217821 0.195805 0.253277
20130213 86.0448      0.99197      0.166472 0.16629 0 0.21773 0.196491 0.253016
20130214 86.0401      1      0.166437 0.166295 0 0.217614 0.196644 0.25301
20130215 86.0287      0.86555      0.166507 0.166366 0 0.217677 0.19635 0.253101
20130216 85.9487      0.999999      0.166584 0.166263 0 0.217742 0.196254 0.253157
20130217 90.32      1      0.158492 0.158223 0 0.207129 0.235422 0.240735
20130218 94.2864      0.997495      0.15195 0.151509 0 0.238536 0.227277 0.230728
20130219 94.3636      1      0.151893 0.151397 0 0.238814 0.227265 0.230632
20130220 94.3432      0.997691      0.151941 0.151298 0 0.239724 0.226461 0.230576
20130221 94.3328      0.985081      0.151805 0.151299 0 0.239577 0.226582 0.230737
20130222 94.2923      0.863006      0.151838 0.151231 0 0.2398 0.226704 0.230427
20130223 94.2477      0.98507      0.151918 0.151255 0 0.239752 0.226639 0.230436
20130224 94.2005      0.999999      0.151864 0.15114 0 0.239751 0.226892 0.230353
20130225 94.1114      0.999999      0.151863 0.151441 0 0.239645 0.22662 0.23043
20130226 94.1607      1      0.15178 0.151452 0 0.239575 0.226675 0.230517
20130227 94.2307      0.994017      0.151667 0.151428 0 0.240182 0.226363 0.230359
20130228 93.9853      0.999999      0.151946 0.151799 0 0.241093 0.224251 0.230912
20130301 94.1537      0.718754      0.151601 0.15156 0 0.240424 0.226032 0.230383
20130302 94.2019      0.999999      0.151578 0.1515 0 0.24028 0.22653 0.230112
20130303 94.1681      1      0.151656 0.15145 0 0.240375 0.226361 0.230157
20130304 94.1305      0.878033      0.151537 0.151451 0 0.240382 0.226428 0.230202
20130305 89.7184      1      0.158982 0.158869 0 0.252073 0.237586 0.192489
20130306 72.4934      0.996944      0.196837 0.196688 0 0.311916 0.29456 0
20130307 72.4461      1      0.197011 0.19679 0 0.312162 0.294036 0
20130308 72.3979      0.838043      0.197059 0.196702 0 0.312074 0.294165 0
20130309 72.4287      1      0.197123 0.19655 0 0.312183 0.294143 0
20130310 72.4024      0.999999      0.197144 0.196472 0 0.312093 0.294292 0
20130311 72.3403      0.997845      0.197138 0.196486 0 0.312231 0.294145 0
20130312 72.3447      0.999999      0.197046 0.196419 0 0.312322 0.294213 0
20130313 72.3043      0.99766      0.197091 0.196539 0 0.312195 0.294175 0
20130314 72.2588      0.999999      0.197452 0.19597 0 0.312189 0.294389 0
20130315 72.2747      0.883014      0.197324 0.195838 0 0.312495 0.294342 0
20130316 72.2692      1      0.197283 0.195789 0 0.312349 0.294579 0
20130317 72.2032      0.996862      0.197358 0.195936 0 0.312165 0.294541 0
20130318 72.4356      0.470396      0.19708 0.195385 0.00255939 0.311236 0.293739 0
20130319 73.4086      1      0.19434 0.192668 0.0163637 0.307075 0.289553 0
20130320 73.831      0.928968      0.193119 0.191737 0.0212717 0.305391 0.288482 0
20130321 78.7936      1      0.180854 0.180898 0.081998 0.286379 0.269871 0
20130322 79.398      0.889763      0.179444 0.179477 0.0897511 0.283702 0.267625 0
20130323 84.3249      0.999999      0.168936 0.16897 0.142839 0.267291 0.251965 0
20130324 89.6489      0.958213      0.158999 0.158974 0.193595 0.251408 0.237024 0
20130325 90.0768      0.952272      0.15821 0.158255 0.197679 0.250176 0.235681 0
20130326 94.9024      0.810798      0.149846 0.149997 0.239813 0.237046 0.223298 0
20130327 95.3101      0.927337      0.149369 0.149385 0.242829 0.235799 0.222618 0
20130328 95.4716      1      0.149075 0.149011 0.244602 0.235213 0.222099 0
20130329 95.3207      0.709489      0.149388 0.149214 0.243358 0.235479 0.222561 0
20130330 95.3306      1      0.149285 0.149132 0.243742 0.235537 0.222305 0
20130331 95.4564      0.999999      0.149046 0.148841 0.244949 0.234999 0.222165 0
20130401 95.2359      0.994881      0.149291 0.147178 0.245712 0.235165 0.222654 0
20130402 95.3644      0.999999      0.14894 0.148407 0.245366 0.23494 0.222347 0
20130403 93.0088      0.993523      0.152606 0.152803 0.237231 0.229528 0.227832 0
20130404 87.3855      1      0.162288 0.162573 0.220666 0.212202 0.24227 0
20130405 95.1238      0.872469      0.149071 0.149533 0.245227 0.233635 0.222534 0
20130406 95.3134      1      0.148598 0.149245 0.245062 0.235053 0.222042 0
20130407 95.1887      0.970028      0.148762 0.149418 0.24524 0.234273 0.222308 0
20130408 95.1473      1      0.148873 0.14938 0.245271 0.234029 0.222447 0
20130409 95.1541      1      0.148809 0.149338 0.244982 0.233756 0.223114 0
20130410 95.2549      0.988227      0.148634 0.149163 0.244813 0.233534 0.222813 0.00104289
20130411 95.2422      1      0.148722 0.111318 0.244846 0.234257 0.222395 0.0384606
20130412 88.3182      0.836665      0.160328 0 0.26409 0.253563 0.24015 0.0818695
20130413 89.9107      1      0.157441 0 0.259205 0.24891 0.235622 0.0988213
20130414 97.1686      1      0.146083 0 0.239668 0.230409 0.217798 0.166042
20130415 98.6858      0.993323      0.143965 0 0.236106 0.226767 0.21449 0.178672
20130416 101.95      0.999999      0.139258 0 0.226903 0.219439 0.20732 0.20708
20130417 104.219      0.974085      0.135972 0 0.22276 0.214322 0.202835 0.224111
20130418 104.042      0.999999      0.134397 0 0.223173 0.214865 0.203218 0.224348
20130419 104.158      0.966868      0.1358 0 0.223106 0.214432 0.203033 0.223629
20130420 103.854      0.79527      0.136395 0 0.223748 0.214704 0.203223 0.221929
20130421 104.08      0.394655      0.136083 0 0.22343 0.214027 0.20265 0.22381
20130422 104.001      0.996871      0.136159 0 0.22319 0.214695 0.202272 0.223685
20130423 104.051      1      0.135989 0 0.222801 0.214888 0.202923 0.223399
20130424 103.967      0.977795      0.135965 0 0.222394 0.2145 0.203417 0.223724
20130425 104.04      1      0.136072 0 0.221871 0.21491 0.203459 0.223688
20130426 103.952      0.629254      0.136315 0 0.221246 0.215175 0.20342 0.223844
20130427 103.963      1      0.136099 0 0.222116 0.21499 0.203299 0.223497
20130428 104.008      0.988719      0.13591 0 0.222615 0.21476 0.203165 0.223551
20130429 98.7065      0.993899      0.143039 0 0.234965 0.226483 0.160919 0.234594
20130430 76.0339      1      0.185566 0 0.296599 0.275269 0 0.242565
20130501 72.1832      0.99441      0.195258 0 0.294595 0.254965 0 0.255182
20130502 80.5818      1      0.174765 0 0.285695 0.274524 0 0.265016
20130503 82.7358      0.873826      0.169941 0 0.279116 0.269371 0 0.281572
20130504 82.7812      0.845279      0.169975 0 0.279246 0.269353 0 0.281426
20130505 82.7043      0.960431      0.17045 0 0.279063 0.269439 0 0.281048
20130506 82.6656      0.984759      0.170853 0 0.27933 0.269474 0 0.280343
20130507 82.7242      1      0.170962 0 0.279331 0.269401 0 0.280307
20130508 82.6775      0.850242      0.170984 0 0.279415 0.269253 0 0.280349
20130509 82.6046      0.973443      0.171179 0 0.279009 0.269136 0 0.280676
20130510 82.5961      0.934563      0.171038 0 0.279855 0.268631 0 0.280476
20130511 82.614      0.999999      0.170935 0 0.279693 0.268762 0 0.280609
20130512 82.5474      1      0.170498 0 0.279544 0.268967 0 0.280991
20130513 82.5153      0.996581      0.170651 0 0.279492 0.268748 0 0.281109
20130514 82.4503      0.999999      0.170794 0 0.279383 0.268742 0 0.281081
20130515 82.4741      0.984925      0.171155 0 0.278982 0.269563 0 0.2803
20130516 82.2377      1      0.171588 0 0.279066 0.270833 0 0.278513
20130517 82.5953      0.864258      0.170954 0 0.278346 0.269992 0 0.280708
20130518 82.5052      1      0.171152 0 0.278464 0.269391 0 0.280992
20130519 82.4787      0.999999      0.171253 0 0.278131 0.26961 0 0.281006
20130520 82.4378      0.994333      0.171415 0 0.278164 0.269411 0 0.28101
20130521 82.4348      0.999999      0.171481 0 0.277782 0.269615 0 0.281122
20130522 82.3439      0.996804      0.171501 0 0.277724 0.269911 0 0.280864
20130523 82.3421      1      0.171438 0 0.277907 0.26981 0 0.280845
20130524 82.5138      0.714518      0.171214 0.000470047 0.278648 0.269129 0 0.280539
20130525 82.5921      0.993053      0.170944 0.00118535 0.278668 0.269113 0 0.28009
20130526 82.5701      1      0.170815 0.00140208 0.278654 0.269011 0 0.280118
20130527 82.4943      0.989977      0.170699 0.00134445 0.278706 0.269164 0 0.280087
20130528 82.5798      0.999999      0.1704 0.00175127 0.278429 0.268932 0.000623636 0.279864
20130529 83.774      0.99736      0.168081 0.0167021 0.274066 0.264479 0.0013555 0.275316
20130530 88.7654      0.992866      0.158492 0.0508657 0.25874 0.250066 0.022737 0.259099
20130531 93.8196      0.880067      0.149775 0.0511924 0.244584 0.236602 0.0729687 0.244878
20130601 96.8871      1      0.144712 0.078098 0.236686 0.228803 0.0746396 0.237061
20130602 107.375      0.984873      0.130308 0.107167 0.213724 0.206543 0.128469 0.213789
20130603 111.025      0.99674      0.126378 0.105891 0.206928 0.200087 0.153537 0.20718
20130604 117.257      1      0.120123 0.125834 0.195831 0.189249 0.173478 0.195485
20130605 120.053      0.827812      0.117215 0.127977 0.191209 0.184545 0.18786 0.191194
20130606 120.267      0.901883      0.117012 0.128852 0.19084 0.184598 0.187782 0.190917
20130607 120.17      0.830958      0.117076 0.128834 0.190791 0.184586 0.187926 0.190787
20130608 119.515      0.97054      0.117485 0.127809 0.191722 0.183087 0.187998 0.1919
20130609 120.195      0.973501      0.117152 0.129711 0.190609 0.184414 0.18751 0.190603
20130610 120.053      0.969783      0.116875 0.129959 0.19094 0.184713 0.186914 0.190599
20130611 115.116      0.955598      0.122537 0.135424 0.198905 0.192263 0.156649 0.194221
20130612 108.151      0.940283      0.130367 0.144088 0.211398 0.177066 0.167622 0.16946
20130613 119.771      0.988516      0.117555 0.129901 0.190645 0.183314 0.187823 0.190762
20130614 119.994      0.572277      0.11732 0.129713 0.190443 0.183585 0.18715 0.191789
20130615 119.911      0.931976      0.117209 0.129827 0.190599 0.183603 0.187253 0.19151
20130616 119.919      0.777081      0.11748 0.129723 0.190466 0.183582 0.187316 0.191433
20130617 119.818      0.984894      0.117073 0.129825 0.190688 0.183806 0.186994 0.191614
20130618 119.964      0.984449      0.117135 0.129458 0.190458 0.183684 0.187959 0.191306
20130619 119.741      0.99721      0.11559 0.129713 0.190618 0.184218 0.188194 0.191667
20130620 119.951      0.00762821      0.116917 0.129417 0.189897 0.184199 0.188058 0.191512
20130621 119.924      0.647545      0.117088 0.129348 0.190449 0.184266 0.187736 0.191112
20130622 119.927      0.999999      0.117108 0.129288 0.190289 0.18427 0.187769 0.191276
20130623 119.716      0.988619      0.117137 0.12927 0.190515 0.184062 0.187737 0.191279
20130624 119.652      0.97789      0.117246 0.129492 0.190307 0.184184 0.187541 0.191231
20130625 119.602      0.984854      0.117193 0.129381 0.190402 0.184189 0.18755 0.191285
20130626 119.606      0.996777      0.11697 0.129266 0.190606 0.183985 0.18768 0.191493
20130627 119.578      1      0.117061 0.128866 0.190658 0.184436 0.187563 0.191416
20130628 119.431      0.837166      0.117501 0.129313 0.190438 0.184093 0.187084 0.19157
20130629 119.581      0.999999      0.117631 0.129488 0.190396 0.183756 0.187413 0.191316
20130630 119.555      0.969892      0.117642 0.12945 0.190365 0.183499 0.187753 0.191291
20130701 119.545      0.986499      0.11757 0.129465 0.190009 0.183687 0.187865 0.191404
20130702 119.487      0.98858      0.117652 0.129517 0.190082 0.184142 0.18767 0.190937
20130703 119.607      0.99048      0.117497 0.129321 0.190283 0.184309 0.187417 0.191173
20130704 119.318      0.984927      0.1177 0.127887 0.190527 0.184776 0.187655 0.191454
20130705 119.558      0.845204      0.117394 0.129438 0.190413 0.184437 0.187233 0.191086
20130706 119.466      1      0.117378 0.129385 0.190412 0.184617 0.187429 0.190779
20130707 119.349      1      0.117396 0.129487 0.190468 0.184421 0.187404 0.190824
20130708 119.396      0.982447      0.117559 0.129401 0.190329 0.184602 0.187079 0.19103
20130709 119.308      0.984888      0.117735 0.129352 0.190388 0.184081 0.1875 0.190944
20130710 119.145      0.986077      0.117818 0.129435 0.190548 0.183337 0.187622 0.191241
20130711 119.13      0.987657      0.117518 0.129399 0.190631 0.18374 0.187477 0.191234
20130712 119.194      0.84866      0.117573 0.129326 0.190566 0.18423 0.187393 0.190912
20130713 119.06      0.984874      0.117266 0.129347 0.190634 0.184572 0.187469 0.190712
20130714 119.092      0.984915      0.117136 0.129474 0.190506 0.184645 0.18735 0.190888
20130715 119.082      0.993361      0.117359 0.129542 0.190376 0.184787 0.187364 0.190572
20130716 118.912      0.988513      0.117451 0.129664 0.190698 0.184423 0.187279 0.190485
20130717 118.985      0.995245      0.1172 0.129577 0.190927 0.184006 0.187346 0.190943
20130718 118.599      1      0.117958 0.129955 0.191216 0.183259 0.185665 0.191947
20130719 118.917      0.692875      0.117874 0.12957 0.190654 0.183613 0.187182 0.191107
20130720 118.902      0.869753      0.117929 0.129425 0.190862 0.183576 0.186865 0.191343
20130721 119.046      1      0.117784 0.129329 0.190631 0.184851 0.186432 0.190974
20130722 119.063      0.982044      0.117628 0.129244 0.1906 0.184707 0.186944 0.190878
20130723 119.082      0.999999      0.117603 0.129159 0.190259 0.1849 0.187159 0.19092
20130724 119.001      0.997051      0.117715 0.12921 0.190261 0.184886 0.187047 0.190881
20130725 118.822      1      0.117754 0.128784 0.19021 0.184658 0.187507 0.191087
20130726 118.764      0.768964      0.117724 0.129189 0.190321 0.184386 0.187345 0.191035
20130727 118.756      0.969689      0.117767 0.12925 0.190376 0.184348 0.187097 0.191163
20130728 118.841      0.847407      0.117906 0.129279 0.190483 0.184334 0.187039 0.190959
20130729 118.794      0.979348      0.117787 0.129315 0.190505 0.184642 0.186795 0.190957
20130730 118.688      0.999999      0.117864 0.129306 0.190594 0.184609 0.187049 0.190578
20130731 118.705      0.939537      0.117566 0.129244 0.190808 0.184625 0.186839 0.190918
20130801 118.653      0.986098      0.117636 0.129259 0.190541 0.18458 0.187107 0.190876
20130802 118.482      0.8261      0.117392 0.129309 0.190539 0.184351 0.18712 0.19129
20130803 118.394      0.987742      0.117371 0.129425 0.190454 0.184175 0.187094 0.191482
20130804 118.353      0.999635      0.117386 0.129383 0.190581 0.184413 0.186981 0.191255
20130805 118.439      0.984885      0.117878 0.129349 0.190741 0.184301 0.186622 0.19111
20130806 118.492      1      0.118087 0.12925 0.190647 0.184122 0.187083 0.19081
20130807 118.508      0.979037      0.11803 0.129154 0.190729 0.184734 0.186536 0.190818
20130808 118.517      0.81287      0.118041 0.129115 0.190644 0.185138 0.186319 0.190743
20130809 118.329      0.0431399      0.117942 0.129244 0.190722 0.184522 0.187178 0.190393
20130810 118.569      0      0.117896 0.12888 0.190598 0.185073 0.186786 0.190766
20130811 118.518      0.635124      0.117927 0.12904 0.190599 0.185052 0.186628 0.190754
20130812 118.445      0.98151      0.118086 0.129008 0.190393 0.185004 0.186803 0.190706
20130813 117.191      0.998371      0.119088 0.130363 0.192413 0.186931 0.178672 0.192534
20130814 107.764      0.934568      0.129351 0.1417 0.208982 0.176708 0.165595 0.177664
20130815 105.983      0.984887      0.131636 0.144127 0.212152 0.173004 0.167797 0.171284
20130816 112.459      0.0427658      0.124369 0.135711 0.199876 0.184659 0.15759 0.197794
20130817 113.928      0.937019      0.122493 0.133928 0.197422 0.191764 0.156701 0.197691
20130818 113.976      1      0.122341 0.133988 0.197684 0.191935 0.156214 0.197838
20130819 117.834      0.996019      0.118367 0.129452 0.190969 0.185492 0.184654 0.191066
20130820 118.054      0.9884      0.118106 0.129048 0.190614 0.184871 0.186897 0.190464
20130821 117.866      0.981818      0.11803 0.129066 0.191015 0.184664 0.186744 0.190481
20130822 117.9      1      0.11776 0.129058 0.190875 0.184789 0.187007 0.190511
20130823 117.741      0.868253      0.117746 0.129348 0.191086 0.184399 0.186948 0.190472
20130824 117.9      0.916799      0.117642 0.129181 0.190788 0.184582 0.187031 0.190776
20130825 117.934      0.971041      0.117844 0.12929 0.190688 0.184378 0.186947 0.190852
20130826 118.009      0.996851      0.118128 0.12903 0.190407 0.185217 0.186672 0.190546
20130827 117.873      0.984891      0.118215 0.129034 0.190478 0.185501 0.186616 0.190156
20130828 117.858      0.996938      0.118259 0.128889 0.190486 0.185203 0.186488 0.190675
20130829 117.822      1      0.118333 0.129055 0.190407 0.184876 0.186505 0.190824
20130830 117.722      0.867887      0.11828 0.129103 0.190253 0.184869 0.186653 0.190842
20130831 117.7      1      0.118294 0.129087 0.190427 0.184828 0.186577 0.190787
20130901 117.787      0.999999      0.118369 0.128966 0.190448 0.185208 0.186431 0.190578
20130902 117.748      0.997566      0.118267 0.129104 0.190796 0.185175 0.185766 0.190893
20130903 117.688      1      0.118342 0.129082 0.190572 0.184856 0.186712 0.190437
20130904 117.637      0.997411      0.118432 0.129031 0.190363 0.184814 0.186301 0.191059
20130905 117.332      0.984948      0.117788 0.129179 0.190622 0.184959 0.186108 0.191344
20130906 117.655      0.864911      0.118312 0.128839 0.190544 0.185234 0.186211 0.19086
20130907 117.803      0.999999      0.118181 0.128858 0.190458 0.185409 0.186434 0.19066
20130908 117.732      0.898917      0.118305 0.128856 0.190151 0.185452 0.186581 0.190655
20130909 117.462      1      0.118596 0.127926 0.190521 0.185678 0.186446 0.190832
20130910 117.607      0.984889      0.118348 0.129043 0.190341 0.185357 0.186367 0.190544
20130911 117.584      0.982076      0.118422 0.128929 0.190115 0.185419 0.186363 0.190753
20130912 117.546      0.984874      0.11848 0.12902 0.190197 0.185152 0.186452 0.190698
20130913 117.524      0.701421      0.118338 0.128931 0.190205 0.185281 0.186369 0.190875
20130914 117.482      1      0.118377 0.128921 0.190164 0.185304 0.186499 0.190735
20130915 117.478      0.999999      0.118426 0.128987 0.190013 0.185452 0.186404 0.190718
20130916 117.346      0.986086      0.118421 0.12902 0.19035 0.185246 0.186593 0.19037
20130917 117.131      1      0.118512 0.129013 0.189833 0.185338 0.186766 0.190537
20130918 112.469      0.995632      0.123345 0.134413 0.187516 0.184167 0.182666 0.187893
20130919 101.532      0.970031      0.136709 0.14908 0.184945 0.179629 0.173335 0.176303
20130920 101.405      0.762068      0.136756 0.149156 0.184773 0.179866 0.173196 0.176254
20130921 101.493      0.988559      0.136471 0.149034 0.184706 0.179713 0.173237 0.17684
20130922 98.1444      1      0.133305 0.129968 0.190564 0.18537 0.178455 0.182337
20130923 100.737      0.966908      0.134817 0.146579 0.185658 0.181047 0.174653 0.177245
20130924 116.642      1      0.118272 0.12966 0.189206 0.185534 0.187162 0.190166
20130925 116.836      0.996938      0.11877 0.129436 0.189425 0.184642 0.186964 0.190762
20130926 116.743      1      0.118336 0.129338 0.18955 0.184971 0.187133 0.190671
20130927 116.769      0.872124      0.118937 0.129355 0.188859 0.184756 0.187277 0.190816
20130928 116.778      0.984871      0.118838 0.129388 0.189394 0.184982 0.186913 0.190486
20130929 116.79      1      0.118827 0.129408 0.190155 0.184655 0.186565 0.19039
20130930 112.561      0.991647      0.123225 0.134176 0.182221 0.192585 0.173063 0.194729
20131001 104.573      0.988617      0.132776 0.144326 0.178257 0.207605 0.167013 0.170024
20131002 104.673      0.995998      0.132605 0.14423 0.178178 0.207453 0.166841 0.170694
20131003 109.081      0.98477      0.127325 0.138312 0.171791 0.198688 0.160132 0.203751
20131004 112.72      0.87562      0.123107 0.13382 0.197588 0.192379 0.156074 0.197033
20131005 116.827      1      0.118688 0.129053 0.190796 0.185467 0.18617 0.189826
20131006 116.71      0.999999      0.118676 0.129147 0.190983 0.185321 0.186071 0.189802
20131007 116.637      0.992518      0.118598 0.129088 0.190987 0.185541 0.185977 0.189808
20131008 116.564      0.984893      0.118615 0.129157 0.190987 0.185276 0.186006 0.18996
20131009 116.63      0.97587      0.118567 0.129119 0.191182 0.184475 0.186299 0.19036
20131010 116.829      1      0.118503 0.12882 0.191036 0.184543 0.186351 0.190747
20131011 116.794      0.716587      0.118193 0.128833 0.190841 0.184864 0.186361 0.190908
20131012 116.82      1      0.118122 0.128778 0.1908 0.185173 0.186537 0.190589
20131013 116.78      0.999999      0.118089 0.128765 0.191007 0.185088 0.186388 0.190664
20131014 116.675      0.997045      0.118119 0.128763 0.190933 0.185163 0.186236 0.190787
20131015 116.672      0.984753      0.118011 0.128883 0.191021 0.185176 0.186336 0.190573
20131016 113.348      0.997674      0.0925347 0.132586 0.196588 0.190526 0.191532 0.196234
20131017 102.871      0.735647      0 0.146017 0.216704 0.209585 0.211266 0.216428
20131018 102.871      0.768409      0 0.146106 0.216889 0.209451 0.211434 0.21612
20131019 102.779      0.984727      0 0.146195 0.21661 0.20984 0.211569 0.215785
20131020 102.757      0.982554      0 0.146161 0.216674 0.209774 0.21156 0.215832
20131021 102.561      0.866601      0 0.146343 0.216618 0.209943 0.211693 0.215404
20131022 101.852      0.942036      0 0.147248 0.218304 0.205134 0.212917 0.216397
20131023 102.547      0.981185      0 0.146192 0.21694 0.209541 0.211338 0.215989
20131024 102.588      0.999999      0 0.146176 0.21669 0.209211 0.211489 0.216434
20131025 102.658      0.884994      0 0.145868 0.21652 0.210349 0.211065 0.216199
20131026 102.27      0.999999      0 0.142795 0.216809 0.211655 0.21199 0.216751
20131027 102.775      0.98484      0 0.145992 0.21635 0.210894 0.210962 0.215803
20131028 102.671      0.979391      0 0.146114 0.216098 0.210995 0.210799 0.215994
20131029 102.616      0.982723      0 0.145985 0.216274 0.210792 0.211003 0.215946
20131030 102.643      0.994166      0 0.145974 0.216173 0.210868 0.211017 0.215968
20131031 102.596      0.999999      0 0.146096 0.216241 0.210653 0.210823 0.216186
20131101 102.532      0.862835      0 0.146117 0.216215 0.21058 0.210847 0.21624
20131102 102.44      0.984739      0 0.146221 0.21613 0.210535 0.210814 0.2163
20131103 102.417      0.984397      0 0.146186 0.216087 0.210503 0.21075 0.216475
20131104 102.384      0.991715      0 0.146113 0.216077 0.210393 0.210788 0.216629
20131105 102.363      0.999999      0 0.146148 0.216105 0.21053 0.210665 0.216552
20131106 102.385      0.690689      0 0.146075 0.215775 0.21021 0.211431 0.21651
20131107 102.282      0.975744      0 0.146227 0.214821 0.210653 0.211581 0.216717
20131108 102.346      0.586235      0 0.146191 0.215514 0.210349 0.21139 0.216556
20131109 102.293      0.898691      0 0.146046 0.215764 0.21031 0.211324 0.216556
20131110 102.288      0.999999      0 0.14609 0.215961 0.210292 0.211311 0.216346
20131111 102.149      0.985923      0 0.145831 0.216214 0.210321 0.211242 0.216392
20131112 102.076      0.984818      0 0.146024 0.215898 0.210162 0.211373 0.216543
20131113 101.933      0.984357      0 0.146151 0.215803 0.210267 0.211147 0.216632
20131114 101.649      1      0 0.146739 0.216443 0.21084 0.212203 0.213775
20131115 102.081      0.738937      0 0.146182 0.21646 0.209841 0.211217 0.2163
20131116 102.139      1      0 0.145938 0.217223 0.209858 0.210996 0.215985
20131117 102.051      0.926945      0 0.146025 0.217296 0.209742 0.210958 0.215979
20131118 101.891      0.93623      0 0.146154 0.217564 0.209476 0.21126 0.215545
20131119 101.788      0.925588      0 0.146396 0.217664 0.208993 0.211472 0.215475
20131120 101.831      0.985229      0 0.146402 0.217808 0.208276 0.211283 0.216231
20131121 96.2911      0.958373      0 0.15485 0.230208 0.163456 0.223381 0.228105
20131122 80.4729      0.853702      0 0.185298 0.274874 0 0.267209 0.272619
20131123 80.3508      1      0 0.185435 0.274491 0 0.267104 0.27297
20131124 80.388      0.969654      0 0.185208 0.274731 0 0.266863 0.273199
20131125 80.3075      0.993417      0 0.185357 0.274962 0 0.26653 0.27315
20131126 80.4068      0.943128      0 0.185038 0.274644 0 0.267401 0.272917
20131127 80.5023      0.0874883      0 0.18499 0.274397 0 0.267109 0.273504