          21222      1324738437       742810787      1324862917        31105475    124479.28800     17488.76800    106990.52000        11.44995         0.39770     
          21229      1324866391       922205787      1325033573       192258325    167181.27000     23528.53300    143652.73700        14.65255         0.44965     
          21238      1325033786       741897950      1325205652       840963750    170879.42200     24125.31900    146754.10300        15.44021         0.46305     
          21341      1325234793        87627300      1325235603        60922175       809.97300       106.35400       703.61900         0.06835         0.03057     
          21353      1325236856        10450512      1325375235       161950300    138379.15100     19433.60800    118945.54300        12.58166         0.41733     
          21361      1325375667       987582487      1325548538       967102425    172870.98000     24410.14700    148460.83300        15.96073         0.46966     
          21370      1325548901       754937325      1325745651       727388862    196749.97200     27707.15400    169042.81800        17.54703         0.49125     
          21397      1325747337       320193937      1325809277        59047337     61939.73900      8659.24000     53280.49900         5.84376         0.28315     
          21500      1325840042        47592562      1325981869       590387700    141827.54300     19889.96900    121937.57400        12.06052         0.40612     
          21511      1325982642       997704112      1326156045       234158400    173402.23600     24365.81400    149036.42200        15.01780         0.45242     
          21519      1326159477       412215150      1326338438        85099787    173304.93400     24264.60100    149040.33300        15.80389         0.46127     
          21534      1326338998       748291937      1326402069       202663225     63070.45400      8963.51400     54106.94000         5.43828         0.27025     
          21543      1326430511       820915075      1326503171       226750975     72659.40600     10196.57700     62462.82900         6.29649         0.28984     
          21647      1326529746       141277650      1326675008       301072975    145262.16000     20414.85900    124847.30100        13.30235         0.42090     
          21663      1326675924       968434187      1326733408       553630937     57483.58500      8174.81600     49308.76900         5.16905         0.26244     
          21664      1326765582       473491387      1326849369       122642337     83786.64900     11878.94400     71907.70500         7.60955         0.31791     
          21679      1326850094       710854337      1326897991       985803562     47897.27500      6775.57400     41121.70100         4.02706         0.23136     
          21692      1326959467       204588750      1326961900       191089962      2432.98700       338.47700      2094.51000         0.26538         0.05935     
          21695      1326964174       564463612      1327022040       889090437     57866.32500      8138.84500     49727.48000         4.56447         0.24611     
          21786      1327045550       117088800      1327091425       605967800     45875.48900      6514.89600     39360.59300         4.20230         0.23641     
          21813      1327103768       773769787      1327203133       788667000     80571.42200     11300.27600     69271.14600         7.20914         0.30883     
          21826      1327203206       294502212      1327278460        82918200     75253.78800     10637.14400     64616.64400         6.86837         0.30180     
          21832      1327278963       401027275      1327279348       999496012       385.59800        55.03800       330.56000         0.09321         0.03524     
          21833      1327279454       553314062      1327454188        92066962    171725.04000     24093.05300    147631.98700        14.22217         0.43400     
          21851      1327454438        27606887      1327535681       465860225     81243.43800     11448.70100     69794.73700         6.98461         0.30398     
          21853      1327535896       988563850      1327535973       735766025        76.74700        12.55300        64.19400         0.00000         0.00000     
          21856      1327536204       711656437      1327626578       366382187     90373.65500     12718.47000     77655.18500         7.29807         0.31093     
          21864      1327626845       990377325      1327662380       295824675     35534.30500      4990.65200     30543.65300         3.06276         0.20153     
          21874      1327662757       490309700      1327711743       259191575     48985.76900      6874.34900     42111.42000         4.53077         0.24501     
          21952      1327740893        49422612      1327797096       417329912     56203.36800      7906.33200     48297.03600         4.66073         0.24843     
          21975      1327807070       168343462      1327885784       251099025     78714.08300     11058.29600     67655.78700         6.31030         0.28895     
          21985      1327886289       678286075      1327956585       621844800     70295.94400      9837.68600     60458.25800         5.92808         0.27978     
          21998      1327974534       320511462      1328059002       499005837     83465.12100     11803.65700     71661.46400         6.63495         0.29644     
          22011      1328059266       483814337      1328230558       258340362    171291.77500     24061.14800    147230.62700        13.92972         0.42909     
          22103      1328251410       690228737      1328317580       469000150     66169.77900      9306.76300     56863.01600         5.68081         0.27397     
          22121      1328317984       428862700      1328488739       786449575    170755.35800     24067.78200    146687.57600        14.93437         0.44430     
          22131      1328489005       812510825      1328664268       329830275    155101.47500     21932.63800    133168.83700        12.41196         0.40486     
          22149      1328665209       122339350      1328667287       660114762      1092.04100       292.32800       799.71300         0.70330         0.15349     
          22151      1328668722       206560475      1328835405       864120962    166683.65800     23461.44800    143222.21000        13.51908         0.42250     
          22232      1328864084       504487162      1328922162       212082700     58077.70800      8210.85900     49866.84900         5.28402         0.26422     
          22262      1328922428       832907062      1329094393       445668975    171964.61300     24176.08100    147788.53200        14.67072         0.43978     
          22269      1329094744       852147450      1329267254       895390850    172510.04300     24425.20400    148084.83900        14.94800         0.44411     
          22281      1329267605       519387400      1329438533       483190262    170927.96400     24039.76200    146888.20200        14.62053         0.43886     
          22380      1329464862       323382962      1329522117       994651187     57255.67100      8135.34400     49120.32700         4.88593         0.25402     
          22387      1329530278       863658700      1329698587       539575925    168308.67600     23824.37700    144484.29900        14.20971         0.43302     
          22399      1329699022       133911287      1329870512       689373762    170485.62400     24187.47000    146298.15400        14.51618         0.43751     
          22408      1329870791        85417362      1330044766       293504237    173975.20800     24671.07400    149304.13400        14.51705         0.43793     
          22492      1330069722       485196325      1330130657       396637912     60934.91100      8695.53300     52239.37800         5.09960         0.25992     
          22519      1330130950       417837112      1330308218       472809075    177268.05500     25165.63800    152102.41700        15.24626         0.44922     
          22530      1330308637       343789912      1330477827       210541675    169189.86700     23897.10200    145292.76500        15.24366         0.44818     
          22540      1330478655       896902425      1330649421       459724450    169752.44000     23935.13100    145817.30900        14.44875         0.43607     
          22639      1330673556       326891487      1330736884       297069537     63327.97000      8925.12600     54402.84400         5.44861         0.26813     
          22648      1330737194       148759862      1330910518       496939950    172311.06200     24341.86400    147969.19800        15.03263         0.44526     
          22655      1330910828       700034500      1331082351       515062950    171522.81500     24292.37800    147230.43700        14.69040         0.43977     
          22664      1331082916       533654212      1331248519       783107425    165603.24900     23291.20500    142312.04400        13.27688         0.41779     
          22763      1331279393       204658825      1331341684        89399150     62290.88500      8721.55500     53569.33000         5.62279         0.27149     
          22771      1331341946       153084987      1331544817       915642025    202871.76300     28492.92600    174378.83700        17.49228         0.47878     
          22784      1331545853       950231575      1331618762       458464462     72908.50800     10301.12400     62607.38400         6.38867         0.28952     
          22786      1331621653       154172662      1331687533       896243712     65880.74200      9268.51900     56612.22300         5.87314         0.27750     
          22798      1331690408       602902350      1331859793       260035450    169384.65700     23729.69300    145654.96400        14.29598         0.43284     
          22914      1331881562       780831612      1332118655        73263050    237092.29200     33468.86200    203623.43000        19.71771         0.50863     
          22935      1332121857       216045162      1332292225       468535225    170368.25200     24013.27500    146354.97700        14.70077         0.43910     
          22951      1332293410       446913100      1332375899       532810200     82489.08600     11789.67000     70699.41600         7.01948         0.30378     
          22956      1332376601       450912387      1332380184       896799212      3583.44600       525.68000      3057.76600         0.30367         0.06332     
          22958      1332380329       395823425      1332383909       969898762      3580.57400       501.05300      3079.52100         0.30156         0.06288     
          22961      1332384136       853436525      1332388342       297467437      4205.44400       597.54500      3607.89900         0.26334         0.05889     
          22964      1332389314       122723450      1332392903       683235212      3589.56100       496.59300      3092.96800         0.39177         0.07153     
          22967      1332393076       459195637      1332396073       791288737      2997.33200       407.41200      2589.92000         0.18235         0.04874     
          22969      1332396131       334064137      1332400149       245655962      4017.91200       555.20600      3462.70600         0.24896         0.05712     
          22972      1332401848       863762887      1332407574       216858375      5725.35300       795.91000      4929.44300         0.39158         0.07150     
          22974      1332409641       704579412      1332413546       388808687      3904.68400       559.40700      3345.27700         0.39415         0.07197     
          22976      1332414824       987923550      1332417390       596663750      2565.60900       368.78200      2196.82700         0.26272         0.05875     
          22978      1332417679       632309325      1332421388       151610362      3708.51900       518.21100      3190.30800         0.27387         0.05977     
          22979      1332421728       739512387      1332424217       967112837      2489.22800       329.37200      2159.85600         0.12944         0.04094     
          22981      1332424419       853941062      1332427501       308609437      3081.45500       406.31400      2675.14100         0.24527         0.05627     
          22983      1332427744       491122937      1332431466       531391037      3722.04000       532.49600      3189.54400         0.35469         0.06826     
          22985      1332431734       794670112      1332436427        11105287      4692.21600       673.60500      4018.61100         0.49940         0.08102     
          22987      1332436618       324811837      1332441130       420176187      4512.09500       634.24500      3877.85000         0.44612         0.07651     
          22989      1332441242       615714487      1332445781       171929275      4538.55600       641.25800      3897.29800         0.27498         0.06001     
          22991      1332445877       131748337      1332450421       436900925      4544.30500       675.99500      3868.31000         0.29202         0.06226     
          22993      1332450533       682062037      1332464688       935706000     14155.25400      2014.86800     12140.38600         1.27529         0.12949     
          23080      1332492841       778254887      1332494764       159470562      1922.38100       267.39300      1654.98800         0.18369         0.04910     
          23093      1332494982       959056137      1332550696       621133275     55713.66200      7818.44900     47895.21300         4.67116         0.24759     
          23104      1332552805       100537900      1332554818       247147225      2013.14700       288.59600      1724.55100         0.21006         0.05252     
          23107      1332555724       401423325      1332724106       833273062    167374.65300     23426.10000    143948.55300        13.92187         0.42703     
          23114      1332724419       915974662      1332810147       709719625     85727.79400     12080.13800     73647.65600         6.70997         0.29656     
          23124      1332810775       594092987      1332983196       534919362    172420.94100     24166.79300    148254.14800        15.54398         0.45063     
          23133      1332983478       237199800      1333069004        33949275     84524.50000     11831.08000     72693.42000         7.51229         0.31358     
          23237      1333096913       953129237      1333242477       809670100    144569.96000     20424.32200    124145.63800        11.86337         0.39416     
          23246      1333243271       663150300      1333415285       400220050    166983.73000     23586.37800    143397.35200        14.63728         0.43818     
          23257      1333415963       762695187      1333588123       744893062    172159.98200     24201.50700    147958.47500        14.68258         0.43836     
          23264      1333588435       871095775      1333674238       656288712     85802.78500     12011.84500     73790.94000         7.58796         0.31509     
          23364      1333702430       249260762      1333756809       364304450     54379.11500      7656.41100     46722.70400         4.68598         0.24768     
          23491      1333880614       264015412      1333932671        53368737     52056.78900      7405.68900     44651.10000         4.44483         0.24143     
          23500      1333937207       164542375      1334019880       261320337     80634.66900     11377.54800     69257.12100         6.76580         0.29729     
          23513      1334020480       233671175      1334192250         6742125    171769.77300     24253.58700    147516.18600        14.37484         0.43384     
          23522      1334193018       835586475      1334278688       395485862     85669.56000     12145.01200     73524.54800         7.56431         0.31520     
          23621      1334303593       434474275      1334451907       711509237    145226.92500     20702.90600    124524.01900        12.43288         0.40447     
          23636      1334452151       479243112      1334624991       573824537    172840.09500     24640.45500    148199.64000        15.04978         0.44498     
          23645      1334625644       723707325      1334797425       369852350    171780.64600     24340.47400    147440.17200        15.13644         0.44580     
          23654      1334797778       573341650      1334883688       272373250     85909.69900     12183.29100     73726.40800         7.08690         0.30471     
          23902      1334905915       785772825      1335056488       132574087    150572.34700     21342.90400    129229.44300        12.27745         0.40068     
          24003      1335057058       163522700      1335231780       130126287    174721.96700     24605.06400    150116.90300        13.13198         0.41364     
          24134      1335232132        61882975      1335487145       831678962    254004.93900     35836.01200    218168.92700        21.78970         0.53308     
          24439      1335516443       631326475      1335668422       770949912    151979.14000     21241.65600    130737.48400        12.93238         0.41063     
          24459      1335672350       775813237      1335836764       609351312    164413.83400     23214.14800    141199.68600        13.99425         0.42764     
          24469      1335837040       588547375      1335903460       742225025     66420.15400      9340.86700     57079.28700         5.69376         0.27270     
          24480      1335911962       756791587      1336015331       123888837    103368.36700     14547.62800     88820.73900         8.76750         0.33823     
          24497      1336015913       101217125      1336093131       620964725     77218.52000     10864.54700     66353.97300         5.83640         0.27607     
          24587      1336121838       546692375      1336276890       940854562    155052.39400     21784.81400    133267.58000        13.39295         0.41815     
          24604      1336278260       390851400      1336335393       479902037     57133.08900      8039.78600     49093.30300         5.02031         0.25621     
          24610      1336348545       933935525      1336698088        91762125    349542.15800     49061.91800    300480.24000        29.46549         0.61958     
          24713      1336725188         2142412      1336727243       765406262      2055.76300       270.05800      1785.70500         0.19389         0.05007     
          24715      1336729409       463061162      1336867802       673275650    138393.21000     19480.31800    118912.89200        11.62330         0.38942     
          24725      1336868373       902381775      1337040755       511906562    172381.61000     24290.33600    148091.27400        14.54146         0.43531     
          24734      1337041419       997392000      1337212702       570667487    166283.71100     23381.44800    142902.26300        14.13041         0.42901     
          24745      1337213434        95204600      1337300495        10493125     83991.90500     11772.94200     72218.96300         7.14125         0.30480     
          24845      1337326250       600401375      1337476392       312467512    144560.00300     20389.62400    124170.37900        11.75711         0.39128     
          24855      1337476780       977460662      1337514108       885083362     30861.26000      4284.07100     26577.18900         2.53342         0.18143     
          24857      1337514132       251034100      1337567714        71574850     49789.56500      6998.97300     42790.59200         4.44912         0.24060     
          24867      1337568095       608953087      1337672776       878239500     79797.02100     11235.13200     68561.88900         6.31734         0.28687     
          24871      1337673749       814782475      1337674779       425389725      1029.61100       161.80800       867.80300         0.09217         0.03484     
          24872      1337677933       437778800      1337733646       529790362     29357.59400      4128.38800     25229.20600         2.68299         0.18695     
          24878      1337734430         2049825      1337850529       396251925    107886.93800     15149.48600     92737.45200         8.81595         0.33885     
          24886      1337858263       491483175      1337907412        54015150     46333.00400      6525.18200     39807.82200         3.96730         0.22718     
          24980      1337941159       627622962      1338037267       802887337     95080.15100     13520.77600     81559.37500         7.69239         0.31671     
          24992      1338039804       593305400      1338170085       606388162     89482.84000     12596.64800     76886.19200         7.59056         0.31439     
          25001      1338171200       827471687      1338253163       683943387     61576.62600      8726.67500     52849.95100         5.21309         0.26067     
          25105      1338353121       852890325      1338512202       892633212    149761.69500     21100.12900    128661.56600        12.34325         0.40091     
          25128      1338522380       282126050      1338775351       859290712    252971.57700     35993.91100    216977.66600        20.99606         0.52346     
          25137      1338775777       907045987      1338881925       900848112    106147.99400     15072.65900     91075.33500         9.07919         0.34417     
          25201      1338886571        30272875      1338944450       306560962     57879.27600      8178.46900     49700.80700         4.82664         0.25060     
          25212      1338944866       708499100      1339117024       654183687    171119.15900     24207.97000    146911.18900        14.18060         0.42954     
          25812      1339755686       624742687      1339979765       162985225    224078.53800     31771.40400    192307.13400        18.62247         0.49249     
          25819      1339980456       534752087      1339983877        52479412      3420.51800       484.96700      2935.55100         0.32657         0.06532     
          25822      1339984003       325711537      1340151508       750273987    149979.00100     21325.02800    128653.97300        12.88523         0.40913     
          25832      1340152497       631767175      1340326391       982656125    173894.35100     24625.83500    149268.51600        14.84388         0.43928     
          25929      1340351964       626455375      1340365576       188915812     13611.56200      1944.21100     11667.35100         1.19310         0.12440     
          25940      1340376494       701730075      1340584697       799466400    208203.09800     29592.80600    178610.29200        17.63447         0.47909     
          25952      1340585460       549582425      1340669618       658011575     51998.50300      7267.98800     44730.51500         4.34842         0.23759     
          25960      1340696887       571697837      1340898966       210676912    202078.63900     28615.52500    173463.11400        17.37959         0.47498     
          25972      1340899277       721262187      1340931661       605219900     31333.52700      4497.17700     26836.35000         2.68333         0.18697     
          26078      1340964674       941923012      1341157787       177739575    192067.74300     27243.29900    164824.44400        16.63708         0.46505     
          26089      1341158124       951181437      1341344746       197836737    186621.24700     26438.23500    160183.01200        15.32237         0.44608     
          26091      1341348825       154605912      1341536126       440922537    187301.28600     26574.65200    160726.63400        15.81374         0.45333     
          26203      1341568593       716088875      1341654396       299399362     85802.58300     12106.04100     73696.54200         6.78415         0.29695     
          26204      1341654684       129104175      1341714131       386574562     59447.25700      8431.70400     51015.55300         4.86265         0.25146     
          26207      1341714743       256771637      1341792817       141981350     78073.88500     11115.66200     66958.22300         6.69209         0.29519     
          26216      1341796344       691288975      1341966983       605372675    170638.91400     24088.20300    146550.71100        13.77925         0.42345     
          26262      1341993588       555576637      1342141078       644968112    120678.60700     16961.99200    103716.61500        11.00616         0.37798     
          26369      1342168061       872314975      1342337215       271573962    169153.39900     23910.29400    145243.10500        13.55989         0.41969     
          26371      1342337307       262835675      1342400282        50393300     62974.78800      8849.28800     54125.50000         5.71866         0.27234     
          26377      1342401566       186954987      1342572999       272258000    171433.08500     24354.56900    147078.51600        14.25212         0.43053     
          26386      1342573327       489242037      1342745989       310050350    163375.22100     23169.95600    140205.26500        13.91297         0.42536     
          26487      1342768080       985035737      1343005688       701060300    237607.71600     33750.81400    203856.90200        20.00905         0.51008     
          26503      1343008600       101982200      1343174632       895036475    166032.79300     23707.34400    142325.44900        14.79669         0.43885     
          26528      1343174882       758174337      1343350805       136769000    174947.01900     24828.90800    150118.11100        14.54507         0.43464     
          26687      1343375737       834030087      1343434379       694629687     58641.86100      8250.07200     50391.78900         5.10424         0.25716     
          34533      1350645245       852540587      1350873680       786265412    228434.93400     32035.39500    196399.53900        18.74985         0.49379     
          34541      1350878662       646091475      1351052827       729233637    174165.08300     24695.13600    149469.94700        13.58550         0.42049     
          34551      1351053630       832097200      1351212054       480511100    158423.64800     22360.44800    136063.20000        13.08691         0.41243     
          34728      1351241608       405853775      1351248268       424848937      6660.01900       923.82100      5736.19800         0.55879         0.08522     
          34744      1351250772       653325862      1351442065         3298375    191292.35000     26994.29500    164298.05500        16.41264         0.46240     
          34750      1351442410       687330025      1351646076       793725212    203666.10600     28635.36600    175030.74000        16.37104         0.46141     
          34762      1351646397        49796887      1351818558       192245850    172161.14200     24422.72200    147738.42000        13.98972         0.42671     
          34914      1351841653         2369187      1351841795       603379387       142.60100        19.50500       123.09600         0.02620         0.01853     
          34919      1351842113        74843687      1352015007       725874675    172894.65100     24441.75100    148452.90000        13.97389         0.42662     
          34941      1352015910        86113212      1352075103       192015975     59193.10600      8498.06200     50695.04400         4.74350         0.24864     
          34947      1352075796       853875025      1352159394       676199487     83597.82200     11747.63600     71850.18600         6.71271         0.29524     
          34997      1352246871        56221537      1352249858       251132412      2987.19500       420.94400      2566.25100         0.20734         0.05184     
          34998      1352250248       246899425      1352256912       234393937      6663.98700       939.67400      5724.31300         0.55792         0.08509     
          35000      1352257403       911168650      1352277884       907908425     20480.99700      2916.64800     17564.34900         1.53228         0.14107     
          35001      1352277995       833813500      1352421964       377264262    143968.54300     20258.24600    123710.29700        11.55358         0.38730     
          35171      1352454274       245423325      1352508556       191597125     54281.94600      7675.18600     46606.76000         4.57993         0.24413     
          35173      1352509399       647365325      1352519044       316181250      9644.66900      1386.03100      8258.63800         0.75755         0.09948     
          35176      1352519819       833142062      1352683202       342862000    163382.51000     22836.51800    140545.99200        13.22368         0.41468     
          35187      1352684317       171289762      1352851749       549920037    167432.37900     23391.38700    144040.99200        12.45463         0.40220     
          35197      1352852644       494073087      1353027353       384723650    174708.89100     24566.75100    150142.14000        13.86518         0.42489     
          35371      1353057027       633989800      1353279148       246851787    222120.61300     31312.67500    190807.93800        17.83965         0.48218     
          35374      1353279237       188896725      1353283722       442416575      4485.25400       632.18300      3853.07100         0.46690         0.07782     
          35380      1353284197       198619125      1353286434       722868412      2237.52400       310.50600      1927.01800         0.19397         0.05009     
          35384      1353286548       207727075      1353291781        38682075      5232.83100       717.82500      4515.00600         0.49071         0.07961     
          35385      1353292259       709070737      1353306435       693284300     14175.98400      2001.24700     12174.73700         1.03759         0.11601     
          35390      1353320992       721077962      1353341403       303355562     20410.58200      2914.31000     17496.27200         1.56106         0.14251     
          35391      1353341560       814370700      1353342172       742889450       611.92900        85.03500       526.89400         0.07737         0.03159     
          35392      1353342345       227285475      1353343000       841186437       655.61400        91.89300       563.72100         0.06483         0.02900     
          35394      1353344629       886580925      1353457692       595607562    113062.70900     15859.50200     97203.20700         8.53091         0.33284     
          35403      1353458611       812066825      1353480806       670671475     22194.85900      3110.69400     19084.16500         1.75415         0.15098     
          35413      1353481319        21229137      1353577240       910852725     95921.89000     13460.81500     82461.07500         7.73174         0.31699     
          35432      1353577795       298180550      1353603880        13672912     26084.71500      3660.51000     22424.20500         2.10721         0.16557     
          35436      1353606170       572469712      1353631823       299989800     25652.72800      3614.07600     22038.65200         2.04268         0.16303     
          35607      1353659691       584892225      1353888494       335674587    228802.75100     32124.01500    196678.73600        18.27056         0.48694     
          35615      1353889378       907538687      1354061277       310687687    171898.40300     24374.67900    147523.72400        13.67937         0.42198     
          35624      1354061534       749738325      1354237054       128370775    175519.37900     24682.18000    150837.19900        13.74608         0.42223     
          35794      1354263025       206044725      1354496706       781882425    233681.57600     32766.26600    200915.31000        19.23186         0.49960     
          35804      1354497119       686684500      1354673291       202568675    176171.51600     24835.56500    151335.95100        14.42009         0.43285     
          35812      1354674088       355111575      1354838191       474611950    164103.12000     23175.64500    140927.47500        13.18368         0.41404     
          35981      1354863588       992471575      1354873743       682715587     10154.69000      1436.47800      8718.21200         0.85919         0.10577     
          35983      1354873837       956801437      1354879804       925029575      5966.96800       872.12100      5094.84700         0.40516         0.07277     
          35984      1354879982        41670162      1354895834       846219012     15852.80500      2209.86300     13642.94200         1.11441         0.12018     
          35985      1354896244       257632362      1354925712       955211650     29468.69800      4208.97700     25259.72100         2.56095         0.18247     
          35986      1354925911       553729012      1355088288       256602912    157292.74000     22275.48700    135017.25300        12.20842         0.39822     
          35992      1355103035       885282450      1355275078       418132287    161598.74800     22789.13000    138809.61800        13.41791         0.41751     
          36005      1355275305       132006350      1355451624       719968575    176319.58800     24982.47500    151337.11300        13.76547         0.42303     
          36201      1355478839       954157150      1355706416        71686700    227576.11800     32050.12300    195525.99500        17.58105         0.47782     
          36213      1355706699       486196675      1355879267       252111337    172567.76600     24418.75000    148149.01600        13.32083         0.41610     
          36222      1355879526       270863200      1356051199       196928137    171672.92600     24131.65100    147541.27500        13.69211         0.42157     
          36386      1356082138       671443937      1356311314       374446850    229175.70300     32315.50200    196860.20100        18.22110         0.48649     
          36400      1356312188        91794887      1356483781       747621512    153293.63800     21583.04800    131710.59000        12.20798         0.39799     
          36412      1356486805       188230025      1356655703       607965612    168898.42000     23889.60100    145008.81900        13.36406         0.41664     
          36579      1356681232       525657962      1356916148       898421962    234916.37300     33174.58700    201741.78600        17.63173         0.47866     
          36593      1356916827       555309350      1356998319       271636775     81491.71600     11535.58500     69956.13100         6.16943         0.28339     
          36802      1357531050       242879400      1357534793       338564562      3743.09600       534.04400      3209.05200         0.32548         0.06510     
          36805      1357536430        91062300      1357693120       458412475    155206.17800     21887.44500    133318.73300        12.53452         0.40332     
          36814      1357693811       124735987      1357865608       664073987    171055.47500     24047.19100    147008.28400        13.94170         0.42544     
          36897      1357877992       505714412      1358125069       752702937    247077.24700     34865.63500    212211.61200        19.18781         0.49913     
          36905      1358125747       770119875      1358298259       430701812    172511.66100     24360.67400    148150.98700        13.21343         0.41436     
          36915      1358298994        48469250      1358385858        55275325     86864.00700     12106.45100     74757.55600         7.02817         0.30190     
          36920      1358386325       106446500      1358389197       774771775      2872.66800       397.74000      2474.92800         0.21912         0.05315     
          36932      1358390264       499180012      1358557459       530168350    167195.03100     23529.90700    143665.12400        12.18459         0.39744     
          36942      1358557937       891712737      1358637729        30814812     79791.13900     11211.32000     68579.81900         5.88659         0.27629     
          36961      1358677396       217098175      1358728982       148477175     51585.93100      7280.92000     44305.01100         3.86905         0.22414     
          37021      1358741216       947507487      1358903173       981318600    161957.03400     22701.67200    139255.36200        12.45785         0.40189     
          37060      1358903671       738132925      1359075655        25570712    171983.28700     24191.14800    147792.13900        12.78791         0.40707     
          37116      1359084547       809599975      1359332842       797110787    248294.98800     34901.40100    213393.58700        18.97449         0.49593     
          37148      1359333079       632085950      1359383223       550646600     50143.91900      6989.27000     43154.64900         3.67130         0.21786     
          37150      1359383257       101567475      1359446573       327219175     63316.22600      8863.27900     54452.94700         4.71428         0.24711     
          37151      1359447022        65375225      1359508286       441344750     61264.37600      8679.27000     52585.10600         4.95248         0.25374     
          37157      1359508649       677224687      1359680136       324048737    171486.64700     24106.52700    147380.12000        13.41065         0.41748     
          37325      1359706187       947596587      1360112634       143477162    406446.19600     57120.90900    349325.28700        31.45133         0.63911     
          37354      1360113181       429923175      1360285692       377798712    172510.94800     24231.42800    148279.52000        13.34718         0.41651     
          37446      1360297074       237705100      1360547672       511418825    250598.27400     35241.54000    215356.73400        18.91639         0.49594     
          37455      1360550090       909868512      1360725182       331290950    173598.99600     24377.59500    149221.40100        13.39491         0.41739     
          37466      1360725877       385644037      1360889610       427955237    163733.04200     23033.91200    140699.13000        12.63679         0.40514     
          37546      1360901262       650946487      1361146206       561116100    244943.91000     34503.68900    210440.22100        17.63709         0.47845     
          37553      1361146444       653909387      1361318780       813300450    172336.15900     24204.26500    148131.89400        13.50815         0.41910     
          37562      1361318994       117141025      1361494219       969279600    175225.85200     24647.96700    150577.88500        13.62952         0.42084     
          37646      1361506055       305925950      1361932029       232739087    425973.92700     59679.31500    366294.61200        30.53404         0.63004     
          37655      1361932531       866394675      1362099606       329815962    167074.46300     23638.48000    143435.98300        13.22463         0.41492     
          37834      1362123344       492409912      1362183530       849495962     60186.35700      8449.46500     51736.89200         4.90694         0.25207     
          37839      1362186473       222255037      1362362019        16329750    175545.79400     24658.02200    150887.77200        12.90891         0.40885     
          37845      1362362272        93344362      1362540202       901463850    174249.13600     24588.16900    149660.96700        12.14826         0.39646     
          37856      1362540470       757477212      1362703790       264858975    163319.50700     22956.96000    140362.54700        11.34931         0.38261     
          37934      1362717830       758411112      1362970732       741196125    252120.48200     35645.20600    216475.27600        17.62266         0.47649     
          37949      1362970935       852454725      1363133940       379213212    163004.52700     22929.31000    140075.21700        11.35130         0.38289     
          37960      1363134702       653822425      1363309025       200075037    174322.54600     24717.54600    149605.00000        13.34622         0.41487     
          38039      1363319983       780394062      1363569036        50190812    249052.27000     35127.38800    213924.88200        18.16092         0.48402     
          38050      1363569259       846063962      1363755729       315680837    186469.47000     26309.38800    160160.08200        13.34606         0.41507     
          38061      1363755924       813010287      1363913834        20545712    157909.20800     22411.32000    135497.88800        11.29511         0.38230     
          38140      1363922528       881318312      1364178566       419338375    256037.53800     36125.30300    219912.23500        18.72618         0.49248     
          38150      1364179035       491884012      1364363791       195773512    184755.70400     26051.42100    158704.28300        13.11684         0.41235     
          38170      1364370069       322664687      1364518246       742868687    148177.42000     20939.25500    127238.16500        10.40789         0.36708     
          38335      1364542900       532166087      1364778055        91872000    235154.56000     33344.96600    201809.59400        17.12502         0.47156     
          38347      1364778955       882429137      1364956963       282487550    178007.40000     25154.17100    152853.22900        12.77655         0.40753     
          38355      1364957515       376433575      1365123548       453260500    166033.07700     23343.85700    142689.22000        11.19074         0.38096     
          38431      1365133691       228290062      1365295501       411240162    161810.18300     22822.41300    138987.77000        11.37004         0.38418     
          38446      1365296505       813815800      1365557575       192811675    261069.37900     36853.77500    224215.60400        19.27287         0.49965     
          38459      1365558754       616077237      1365727384       261859562    168629.64600     23745.61300    144884.03300        13.15507         0.41274     
          38540      1365741497       840874387      1365928590       143912912    187092.30300     26449.31100    160642.99200        13.36069         0.41673     
          38542      1365928636       623804275      1365930406       307729062      1769.68400       251.56300      1518.12100         0.24553         0.05634     
          38545      1365940510       659474212      1365979570       849873637     38310.27000      5405.99000     32904.28000         2.84445         0.19222     
          38546      1365980112       348810875      1365984221       658939225      4109.31000       592.33500      3516.97500         0.32608         0.06522     
          38552      1365984797       395979912      1366159492       399032137    174695.00300     24723.35900    149971.64400        12.93465         0.41008     
          38562      1366159990       552213725      1366331708       829671087    171718.27700     24281.62700    147436.65000        12.89698         0.40909     
          38571      1366332082       798312475      1366413952       212365737     81869.41400     11560.87500     70308.53900         6.21893         0.28387     
          38581      1366424167       856061487      1366445065        54701262     20897.19900      2920.61000     17976.58900         1.74815         0.15047     
          38588      1366450557       154057525      1366502382        81076187     51824.92700      7318.94500     44505.98200         4.03990         0.22873     
          38602      1366530145        77728812      1366530360       568994762       215.49100        30.22800       185.26300         0.00000         0.00000     
          38685      1366548734       138986387      1366549906       219127900      1172.08000       171.99500      1000.08500         0.09212         0.03482     
          38694      1366554886       642434125      1366597133       383574537     42246.74100      5906.26200     36340.47900         3.26712         0.20541     
          38705      1366597523       325076762      1366763293       118696512    165769.79400     23361.15700    142408.63700        12.70055         0.40490     
          38716      1366763723       750162812      1366938211       342243687    174487.59200     24577.15500    149910.43700        12.24218         0.39742     
          38860      1366961152       541657012      1367195694       751943875    234542.21000     33099.63100    201442.57900        16.90914         0.46703     
          38894      1367196181       330643387      1367368651       960981987    172470.63000     24542.83900    147927.79100        12.76934         0.40668     
          38901      1367369027       487061750      1367542988        80186612    173960.59300     24551.18800    149409.40500        12.81091         0.40759     
          38989      1367555626       724872862      1367699950       958687725    144324.23400     20423.95300    123900.28100         9.74099         0.35547     
          39067      1367715822       572572812      1367802404       208592675     86581.63600     12142.03300     74439.60300         6.39219         0.28791     
          39076      1367802737       629776137      1367975082       777899112    172345.14800     24439.11600    147906.03200        12.49757         0.40317     
          39085      1367975306       570810525      1368044941       609822862     69635.03900      9808.52100     59826.51800         4.97834         0.25439     
          39165      1368059893       319910500      1368147484       130139250     87590.81000     12369.67800     75221.13200         6.79312         0.29706     
          39177      1368152063       896332250      1368411974       670764987    259910.77400     36560.72400    223350.05000        18.47575         0.48946     
          39188      1368412508       493849387      1368577966       967820262    165458.47400     23435.53000    142022.94400        12.23213         0.39814     
          39201      1368579297       267953287      1368752678       185196600    173380.91700     24574.32700    148806.59000        12.15599         0.39714     
          39279      1368761411       226294562      1369010375       859600425    248216.07500     35102.45000    213113.62500        18.47355         0.48923     
          39289      1369010895       189989637      1369188668       603840350    177773.41400     25086.51500    152686.89900        13.03719         0.41147     
          39301      1369188948       699887512      1369357457       640908250    168508.94100     23869.48200    144639.45900        11.71593         0.38969     
          39472      1369383370       196377825      1369598727       820684575    215357.62400     30430.89500    184926.72900        15.69039         0.45128     
          39476      1369598885       556642200      1369621836       999904887     22951.44300      3230.07400     19721.36900         1.80045         0.15272     
          39482      1369622874        12996087      1369792407       933915662    169533.92100     24068.58900    145465.33200        12.09872         0.39633     
          39491      1369792717       399931775      1369885962       963320037     93245.56300     13185.32200     80060.24100         6.96319         0.30050     
          39497      1369886271       685974462      1369964100       301100175     77828.61500     10966.30900     66862.30600         5.78877         0.27381     
          39581      1369976085       562532087      1370220892       201848837    244806.63900     34615.56500    210191.07400        17.53036         0.47661     
          39587      1370221220         6228550      1370394744       596219275    173524.59000     24587.53300    148937.05700        12.02516         0.39519     
          39597      1370396654       968479175      1370567386       388893362    170731.42000     24202.28700    146529.13300        13.05239         0.41114     
          39687      1370580766       908597562      1370822442       251910112    241675.34300     34266.95600    207408.38700        17.47335         0.47594     
          39697      1370836195        62669937      1371003064       574563537    166128.18500     23546.87900    142581.30600        11.77692         0.39042     
          39707      1371011948       650028112      1371081910       573598562     69961.92400      9873.15400     60088.77000         4.65387         0.24529     
          39710      1371109425       958860550      1371171706       987781962     62281.02900      8744.32600     53536.70300         4.24810         0.23457     
          39788      1371185282       675779500      1371601867       439219337    415843.53100     58954.63300    356888.89800        31.03210         0.63453     
          39800      1371602118       712857887      1371687055        23175587     84936.31000     12163.63100     72772.67900         5.66401         0.27158     
          39854      1371775601       306827800      1371776489       829019062       888.52200       132.38200       756.14000         0.07816         0.03191     
          40026      1371803565        18668500      1372036457       156082425    232892.13700     32872.65200    200019.48500        17.03418         0.47030     
          40036      1372037024       158860687      1372209231       454951937    172207.29600     24344.61300    147862.68300        12.37291         0.40019     
          40045      1372209506       819889275      1372382095       998157662    172589.17800     24589.01600    148000.16200        12.84828         0.40796     
          40126      1372395021       959165037      1372575140       324452712    180118.36500     25365.18100    154753.18400        13.12452         0.41279     
          40128      1372577335       611383450      1372648982       630404412     71647.01900     10150.60500     61496.41400         5.54240         0.26823     
          40136      1372650153       500691700      1372814346       570205687    164193.07000     23261.25800    140931.81200        11.46072         0.38614     
          40145      1372815155        65381487      1372986185       236602075    171030.17100     24205.19800    146824.97300        12.26942         0.39936     
          40247      1372999939       167985350      1373245747       301672637    245808.13400     34904.55900    210903.57500        18.47453         0.49012     
          40254      1373245961       365868937      1373418304       747594612    172343.38200     24499.93400    147843.44800        12.84981         0.40862     
          40263      1373418510        90488350      1373590870       978888287    172360.88800     24385.65800    147975.23000        12.54075         0.40372     
          40348      1373602557       866602562      1373850019       868368662    247462.00200     35318.11700    212143.88500        17.99987         0.48352     
          40356      1373850586       572548937      1374022871       886226937    172285.31400     24347.88700    147937.42700        13.48376         0.41854     
          40365      1374023283       984631775      1374195390       376163662    172106.39200     24207.55400    147898.83800        12.05251         0.39609     
          40534      1374219953       224258087      1374352347       761995875    130919.38700     18541.52300    112377.86400         9.91581         0.35947     
          40543      1374363023       429999075      1374456572       676311762     92073.97800     13019.10300     79054.87500         7.04059         0.30300     
          40551      1374457452        82511675      1374627677       770698237    170225.68800     24016.31200    146209.37600        12.67976         0.40652     
          40559      1374627881        37434487      1374628912       199728525      1031.16200       158.59100       872.57100         0.05260         0.02630     
          40564      1374629032       987847462      1374800155       762988700    171122.77500     24022.02600    147100.74900        12.30955         0.40003     
          40642      1374809929       628417287      1375059612       881483000    249683.25300     35309.63100    214373.62200        18.87926         0.49548     
          40659      1375060079       154295937      1375232413       296876325    172334.14300     24295.46200    148038.68100        12.30009         0.39972     
          40668      1375232734       914022400      1375404944       886168612    172209.97200     24361.12200    147848.85000        12.18399         0.39827     
          40747      1375413959       256745025      1375514770       720329762    100811.46400     14354.87700     86456.58700         6.59969         0.29312     
          40752      1375515809       964816725      1375660716       157296037    144906.19200     20552.49800    124353.69400         9.67049         0.35432     
          40753      1375660751       100059962      1375661204         7647500       452.90800        71.53900       381.36900         0.01338         0.01339     
          40755      1375661250       151688375      1375833652       469670837    172402.31800     24419.59500    147982.72300        12.31700         0.39985     
          40764      1375834850       776471987      1375942912        42447362    108061.26600     15335.37900     92725.88700         8.43828         0.33100     
          40775      1375949610       727531375      1375950358       772179725       748.04500       101.64100       646.40400         0.02605         0.01842     
          40784      1375952342       410954837      1375953786       159855200      1443.74900       211.49300      1232.25600         0.11827         0.03943     
          40787      1375955068       272784975      1375956668       807815437      1600.53500       220.39500      1380.14000         0.10348         0.03659     
          40796      1375957728        86299412      1375957937       584556475       209.49800        28.33300       181.16500         0.03907         0.02256     
          40799      1375958500       554635725      1376009927       156894100     51426.60200      7237.60000     44189.00200         3.85931         0.22395     
          40874      1376018664       120311175      1376025971       975539500      7307.85500      1051.52800      6256.32700         0.58803         0.08766     
          40884      1376026189       110411037      1376266003       963576600    236114.88700     33272.07000    202842.81700        17.62621         0.47869     
          40902      1376266284       995958912      1376438256       511441675    171971.51500     24378.97200    147592.54300        13.75192         0.42301     
          40911      1376438511         9656937      1376614893       188243737    176382.17900     24940.60600    151441.57300        12.94687         0.41026     
          41076      1376639401       651519475      1376872194       160473525    232792.50900     33058.74600    199733.76300        16.63248         0.46528     
          41091      1376872539       627297575      1377043648       757635375    171109.13000     24221.50200    146887.62800        12.37463         0.40109     
          41100      1377043940       203928962      1377219404       820910875    175464.61700     24817.72300    150646.89400        12.55533         0.40336     
          41181      1377228699       165967337      1377477374       400829337    248675.23500     35390.59800    213284.63700        17.84134         0.48170     
          41190      1377477644       911412375      1377648924       769990825    171279.85900     24205.52100    147074.33800        12.44221         0.40222     
          41200      1377649169       766894000      1377824228       204696262    175058.43800     24867.10000    150191.33800        13.24238         0.41527     
          41287      1377835826       468390212      1378080897       613552412    245071.14500     34812.86500    210258.28000        18.01547         0.48411     
          41297      1378081595       943944450      1378338655       242849925    257059.29900     36604.42600    220454.87300        18.82315         0.49435     
          41305      1378338859        66791475      1378429007       816266950     90148.74900     12786.79300     77361.95600         6.03992         0.27981     
          41379      1378439560       370581187      1378684024       847158075    244464.47700     34483.92300    209980.55400        17.73115         0.47925     
          41389      1378684259       376011837      1378943458       988281100    259199.61200     36586.95600    222612.65600        19.23212         0.49944     
          41398      1378943703       544602062      1379030208       494196225     86504.95000     12203.48600     74301.46400         6.45783         0.28940     
          41400      1379030399       157811075      1379033547       681896362      3148.52400       456.92100      2691.60300         0.20886         0.05222     
          41560      1379058120       257829862      1379293166       654102412    235046.39600     33404.69400    201641.70200        17.24895         0.47407     
          41568      1379293445       409623737      1379465576       606983050    172131.19700     24464.63700    147666.56000        12.53365         0.40412     
          41579      1379465984        99053875      1379638711       529035762    172727.43000     24422.12500    148305.30500        12.46801         0.40201     
          41657      1379651673       367631700      1379654248       921107087      2575.55300       352.80400      2222.74900         0.20506         0.05127     
          41668      1379661582       557232387      1379897977       231502050    236394.67400     33703.54200    202691.13200        16.20700         0.45972     
          41678      1379898225       220764162      1380068800       152235512    170574.93100     24148.56900    146426.36200        12.56132         0.40502     
          41680      1380101476       813531512      1380101673       128323012       196.31500        29.88400       166.43100         0.01348         0.01348     
          41688      1380102038       875529225      1380243265       928361650    140480.02500     19986.82300    120493.20200        10.07760         0.36272     
          41767      1380252544       301790487      1380503005       920935800    250461.61900     35396.94800    215064.67100        17.92782         0.48350     
          41776      1380503528       842147262      1380675590       411867075    172061.57000     24263.79000    147797.78000        12.05330         0.39676     
          41787      1380675927       689337562      1380848337        66871250    171669.50600     24463.53000    147205.97600        11.95355         0.39541     
          41868      1380859081       217063612      1381108298       227470975    249217.01000     35311.23900    213905.77100        17.96838         0.48424     
          41879      1381109078       417233787      1381280490       329497450    171411.91200     24322.80200    147089.11000        12.18758         0.39796     
          41889      1381281613       335914637      1381453023       816985300    169917.41800     23957.85300    145959.56500        11.98814         0.39440     
          42053      1381477499       636093162      1381712893       549577175    235393.91300     33120.18800    202273.72500        16.42079         0.46189     
          42061      1381713392       900363650      1381885692       142952487    172299.24300     24369.92800    147929.31500        11.80880         0.39191     
          42070      1381885904       359162675      1381990194       999951212    104290.64100     14755.13500     89535.50600         7.03357         0.30297     
          42080      1381999412       128888187      1382057777       494119575     58365.36500      8145.20100     50220.16400         3.61340         0.21712     
          42164      1382067118       271792075      1382128701       565264800     61583.29300      8719.09000     52864.20300         4.34731         0.23789     
          42172      1382132165       139343825      1382322165        37028037    189999.89800     26668.34500    163331.55300        13.98232         0.42589     
          42186      1382322664       950014875      1382403202       831916987     80537.88200     11355.08000     69182.80200         5.68802         0.27149     
          42260      1382408213       891912212      1382490804       743309925     82590.85100     11623.07500     70967.77600         5.45700         0.26597     
          42267      1382491033       676815275      1382663867       212631375    172833.53600     24412.79500    148420.74100        12.28725         0.39973     
          42351      1382674700       245328862      1382685744        31919987     11043.78700      1550.42000      9493.36700         0.68842         0.09457     
          42352      1382686851       109960825      1382939414       721006500    252563.61100     35846.83500    216716.77600        16.74688         0.46684     
          42355      1382943464       596073262      1383096087       553279525    152622.95700     21386.45500    131236.50200        10.64226         0.37144     
          42370      1383096647        80890862      1383267983        23197300    171335.94200     24170.42200    147165.52000        11.57670         0.38764     
          42453      1383280509       386341187      1383526787       124848962    244799.43100     34532.85900    210266.57200        17.14503         0.47210     
          42459      1383527007       160526212      1383699982        33302412    166302.36900     23487.14600    142815.22300        11.33412         0.38406     
          42469      1383700198       526393900      1383756872       557761737     56674.03100      8038.44900     48635.58200         3.66387         0.21819     
          42478      1383772416       421528037      1383872133       211592900     97489.65300     13730.85900     83758.79400         6.17761         0.28287     
          42648      1383905043       487923250      1384028346       249211550    123302.76100     17390.42000    105912.34100         8.48529         0.33207     
          42657      1384034467       505398937      1384133319       273636675     98851.76800     13906.87000     84944.89800         6.84893         0.29836     
          42664      1384133879       181235050      1384302976       605205000    169097.42400     23829.08400    145268.34000        11.69593         0.39075     
          42675      1384303610       168187212      1384476937       212293900    173327.04400     24368.95100    148958.09300        11.66562         0.38952     
          42757      1384489017       440322662      1384547150       747400237     58133.30700      8148.38900     49984.91800         3.81828         0.22308     
          42762      1384572821       275998087      1384650548       610045262     77727.33400     10903.21100     66824.12300         5.58794         0.27012     
          42841      1384655680       732092037      1384736317       951646700     80637.22000     11418.45700     69218.76300         5.22877         0.26145     
          42852      1384736735       676531712      1384821662       622244987     84926.94600     12032.08900     72894.85700         5.53308         0.26841     
          42928      1384826533       922551425      1384909187       151416737     82653.22900     11736.68100     70916.54800         6.12509         0.28255     
          42937      1384909484       865127050      1385081868       326509937    172383.46100     24319.47400    148063.98700        10.98740         0.37822     
          43018      1385094512       211190112      1385345570       253261287    251058.04200     35360.31000    215697.73200        16.46895         0.46270     
          43028      1385346220       859185487      1385437876       776891587     91655.91800     13066.43400     78589.48400         5.88284         0.27641     
          43030      1385442070       417318150      1385517956       866761125     75886.44900     10677.34400     65209.10500         5.30773         0.26214     
