          21222      1324738437       742810787      1324862917        31105475    124479.28800     10703.43300    113775.85500         0.00000         0.00000     
          21229      1324866391       922205787      1325033573       192258325    167181.27000     14352.97300    152828.29700         0.00000         0.00000     
          21238      1325033786       741897950      1325205652       840963750    170879.42200     14683.50800    156195.91400         0.00000         0.00000     
          21341      1325234793        87627300      1325235603        60922175       809.97300        69.85300       740.12000         0.00000         0.00000     
          21353      1325236856        10450512      1325375235       161950300    138379.15100     11910.96700    126468.18400         0.00000         0.00000     
          21361      1325375667       987582487      1325548538       967102425    172870.98000     14857.61200    158013.36800         0.00000         0.00000     
          21370      1325548901       754937325      1325745651       727388862    196749.97200     16943.35300    179806.61900         0.00000         0.00000     
          21397      1325747337       320193937      1325809277        59047337     61939.73900      5341.87800     56597.86100         0.00000         0.00000     
          21500      1325840042        47592562      1325981869       590387700    141827.54300     12211.16200    129616.38100         0.00000         0.00000     
          21511      1325982642       997704112      1326156045       234158400    173402.23600     14918.72400    158483.51200         0.00000         0.00000     
          21519      1326159477       412215150      1326338438        85099787    173304.93400     14908.37500    158396.55900         0.00000         0.00000     
          21534      1326338998       748291937      1326402069       202663225     63070.45400      5425.22500     57645.22900         0.00000         0.00000     
          21543      1326430511       820915075      1326503171       226750975     72659.40600      6252.76400     66406.64200         0.00000         0.00000     
          21647      1326529746       141277650      1326675008       301072975    145262.16000     12515.26500    132746.89500         0.00000         0.00000     
          21663      1326675924       968434187      1326733408       553630937     57483.58500      4958.85000     52524.73500         0.00000         0.00000     
          21664      1326765582       473491387      1326849369       122642337     83786.64900      7220.04000     76566.60900         0.00000         0.00000     
          21679      1326850094       710854337      1326897991       985803562     47897.27500      4126.50400     43770.77100         0.00000         0.00000     
          21692      1326959467       204588750      1326961900       191089962      2432.98700       209.40800      2223.57900         0.00000         0.00000     
          21695      1326964174       564463612      1327022040       889090437     57866.32500      4976.42400     52889.90100         0.00000         0.00000     
          21786      1327045550       117088800      1327091425       605967800     45875.48900      3949.42400     41926.06500         0.00000         0.00000     
          21813      1327103768       773769787      1327203133       788667000     80571.42200      6934.27700     73637.14500         0.00000         0.00000     
          21826      1327203206       294502212      1327278460        82918200     75253.78800      6467.98900     68785.79900         0.00000         0.00000     
          21832      1327278963       401027275      1327279348       999496012       385.59800        33.23800       352.36000         0.00000         0.00000     
          21833      1327279454       553314062      1327454188        92066962    171725.04000     14767.80700    156957.23300         0.00000         0.00000     
          21851      1327454438        27606887      1327535681       465860225     81243.43800      6980.71000     74262.72800         0.00000         0.00000     
          21853      1327535896       988563850      1327535973       735766025        76.74700         6.65100        70.09600         0.00000         0.00000     
          21856      1327536204       711656437      1327626578       366382187     90373.65500      7765.78400     82607.87100         0.00000         0.00000     
          21864      1327626845       990377325      1327662380       295824675     35534.30500      3057.04200     32477.26300         0.00000         0.00000     
          21874      1327662757       490309700      1327711743       259191575     48985.76900      4209.90600     44775.86300         0.00000         0.00000     
          21952      1327740893        49422612      1327797096       417329912     56203.36800      4836.33600     51367.03200         0.00000         0.00000     
          21975      1327807070       168343462      1327885784       251099025     78714.08300      6768.66700     71945.41600         0.00000         0.00000     
          21985      1327886289       678286075      1327956585       621844800     70295.94400      6048.60400     64247.34000         0.00000         0.00000     
          21998      1327974534       320511462      1328059002       499005837     83465.12100      7176.07900     76289.04200         0.00000         0.00000     
          22011      1328059266       483814337      1328230558       258340362    171291.77500     14722.92500    156568.85000         0.00000         0.00000     
          22103      1328251410       690228737      1328317580       469000150     66169.77900      5697.99300     60471.78600         0.00000         0.00000     
          22121      1328317984       428862700      1328488739       786449575    170755.35800     14719.14700    156036.21100         0.00000         0.00000     
          22131      1328489005       812510825      1328664268       329830275    155101.47500     13370.53100    141730.94400         0.00000         0.00000     
          22149      1328665209       122339350      1328667287       660114762      1092.04100       178.90200       913.13900         0.00000         0.00000     
          22151      1328668722       206560475      1328835405       864120962    166683.65800     14353.00900    152330.64900         0.00000         0.00000     
          22232      1328864084       504487162      1328922162       212082700     58077.70800      5007.86800     53069.84000         0.00000         0.00000     
          22262      1328922428       832907062      1329094393       445668975    171964.61300     14822.57500    157142.03800         0.00000         0.00000     
          22269      1329094744       852147450      1329267254       895390850    172510.04300     14894.98300    157615.06000         0.00000         0.00000     
          22281      1329267605       519387400      1329438533       483190262    170927.96400     14748.49800    156179.46600         0.00000         0.00000     
          22380      1329464862       323382962      1329522117       994651187     57255.67100      4936.24300     52319.42800         0.00000         0.00000     
          22387      1329530278       863658700      1329698587       539575925    168308.67600     14517.88700    153790.78900         0.00000         0.00000     
          22399      1329699022       133911287      1329870512       689373762    170485.62400     14718.56900    155767.05500         0.00000         0.00000     
          22408      1329870791        85417362      1330044766       293504237    173975.20800     15034.15200    158941.05600         0.00000         0.00000     
          22492      1330069722       485196325      1330130657       396637912     60934.91100      5256.19100     55678.72000         0.00000         0.00000     
          22519      1330130950       417837112      1330308218       472809075    177268.05500     15294.06000    161973.99500         0.00000         0.00000     
          22530      1330308637       343789912      1330477827       210541675    169189.86700     14643.82000    154546.04700         0.00000         0.00000     
          22540      1330478655       896902425      1330649421       459724450    169752.44000     14681.33600    155071.10400         0.00000         0.00000     
          22639      1330673556       326891487      1330736884       297069537     63327.97000      5470.05600     57857.91400         0.00000         0.00000     
          22648      1330737194       148759862      1330910518       496939950    172311.06200     14902.31200    157408.75000         0.00000         0.00000     
          22655      1330910828       700034500      1331082351       515062950    171522.81500     14828.44600    156694.36900         0.00000         0.00000     
          22664      1331082916       533654212      1331248519       783107425    165603.24900     14301.66800    151301.58100         0.00000         0.00000     
          22763      1331279393       204658825      1331341684        89399150     62290.88500      5377.69300     56913.19200         0.00000         0.00000     
          22771      1331341946       153084987      1331544817       915642025    202871.76300     17494.04600    185377.71700         0.00000         0.00000     
          22784      1331545853       950231575      1331618762       458464462     72908.50800      6291.50300     66617.00500         0.00000         0.00000     
          22786      1331621653       154172662      1331687533       896243712     65880.74200      5680.66500     60200.07700         0.00000         0.00000     
          22798      1331690408       602902350      1331859793       260035450    169384.65700     14623.52000    154761.13700         0.00000         0.00000     
          22914      1331881562       780831612      1332118655        73263050    237092.29200     20501.90400    216590.38800         0.00000         0.00000     
          22935      1332121857       216045162      1332292225       468535225    170368.25200     14738.85400    155629.39800         0.00000         0.00000     
          22951      1332293410       446913100      1332375899       532810200     82489.08600      7134.79900     75354.28700         0.00000         0.00000     
          22956      1332376601       450912387      1332380184       896799212      3583.44600       309.76800      3273.67800         0.00000         0.00000     
          22958      1332380329       395823425      1332383909       969898762      3580.57400       309.16700      3271.40700         0.00000         0.00000     
          22961      1332384136       853436525      1332388342       297467437      4205.44400       363.46100      3841.98300         0.00000         0.00000     
          22964      1332389314       122723450      1332392903       683235212      3589.56100       310.46800      3279.09300         0.00000         0.00000     
          22967      1332393076       459195637      1332396073       791288737      2997.33200       259.11500      2738.21700         0.00000         0.00000     
          22969      1332396131       334064137      1332400149       245655962      4017.91200       346.78500      3671.12700         0.00000         0.00000     
          22972      1332401848       863762887      1332407574       216858375      5725.35300       495.80600      5229.54700         0.00000         0.00000     
          22974      1332409641       704579412      1332413546       388808687      3904.68400       338.34800      3566.33600         0.00000         0.00000     
          22976      1332414824       987923550      1332417390       596663750      2565.60900       221.75400      2343.85500         0.00000         0.00000     
          22978      1332417679       632309325      1332421388       151610362      3708.51900       321.00700      3387.51200         0.00000         0.00000     
          22979      1332421728       739512387      1332424217       967112837      2489.22800       214.43800      2274.79000         0.00000         0.00000     
          22981      1332424419       853941062      1332427501       308609437      3081.45500       266.73700      2814.71800         0.00000         0.00000     
          22983      1332427744       491122937      1332431466       531391037      3722.04000       321.25500      3400.78500         0.00000         0.00000     
          22985      1332431734       794670112      1332436427        11105287      4692.21600       405.21300      4287.00300         0.00000         0.00000     
          22987      1332436618       324811837      1332441130       420176187      4512.09500       389.69400      4122.40100         0.00000         0.00000     
          22989      1332441242       615714487      1332445781       171929275      4538.55600       392.51100      4146.04500         0.00000         0.00000     
          22991      1332445877       131748337      1332450421       436900925      4544.30500       392.60000      4151.70500         0.00000         0.00000     
          22993      1332450533       682062037      1332464688       935706000     14155.25400      1222.39600     12932.85800         0.00000         0.00000     
          23080      1332492841       778254887      1332494764       159470562      1922.38100       165.94700      1756.43400         0.00000         0.00000     
          23093      1332494982       959056137      1332550696       621133275     55713.66200      4815.37000     50898.29200         0.00000         0.00000     
          23104      1332552805       100537900      1332554818       247147225      2013.14700       174.34500      1838.80200         0.00000         0.00000     
          23107      1332555724       401423325      1332724106       833273062    167374.65300     14472.37600    152902.27700         0.00000         0.00000     
          23114      1332724419       915974662      1332810147       709719625     85727.79400      7421.65900     78306.13500         0.00000         0.00000     
          23124      1332810775       594092987      1332983196       534919362    172420.94100     14917.95800    157502.98300         0.00000         0.00000     
          23133      1332983478       237199800      1333069004        33949275     84524.50000      7307.53700     77216.96300         0.00000         0.00000     
          23237      1333096913       953129237      1333242477       809670100    144569.96000     12477.86700    132092.09300         0.00000         0.00000     
          23246      1333243271       663150300      1333415285       400220050    166983.73000     14421.82100    152561.90900         0.00000         0.00000     
          23257      1333415963       762695187      1333588123       744893062    172159.98200     14862.79400    157297.18800         0.00000         0.00000     
          23264      1333588435       871095775      1333674238       656288712     85802.78500      7402.08300     78400.70200         0.00000         0.00000     
          23364      1333702430       249260762      1333756809       364304450     54379.11500      4689.48000     49689.63500         0.00000         0.00000     
          23491      1333880614       264015412      1333932671        53368737     52056.78900      4498.85100     47557.93800         0.00000         0.00000     
          23500      1333937207       164542375      1334019880       261320337     80634.66900      6964.73500     73669.93400         0.00000         0.00000     
          23513      1334020480       233671175      1334192250         6742125    171769.77300     14832.54300    156937.23000         0.00000         0.00000     
          23522      1334193018       835586475      1334278688       395485862     85669.56000      7403.07300     78266.48700         0.00000         0.00000     
          23621      1334303593       434474275      1334451907       711509237    145226.92500     12552.93600    132673.98900         0.00000         0.00000     
          23636      1334452151       479243112      1334624991       573824537    172840.09500     14946.66300    157893.43200         0.00000         0.00000     
          23645      1334625644       723707325      1334797425       369852350    171780.64600     14849.82100    156930.82500         0.00000         0.00000     
          23654      1334797778       573341650      1334883688       272373250     85909.69900      7434.29500     78475.40400         0.00000         0.00000     
          23902      1334905915       785772825      1335056488       132574087    150572.34700     13040.40200    137531.94500         0.00000         0.00000     
          24003      1335057058       163522700      1335231780       130126287    174721.96700     15116.59400    159605.37300         0.00000         0.00000     
          24134      1335232132        61882975      1335487145       831678962    254004.93900     21962.31200    232042.62700         0.00000         0.00000     
          24439      1335516443       631326475      1335668422       770949912    151979.14000     13138.44300    138840.69700         0.00000         0.00000     
          24459      1335672350       775813237      1335836764       609351312    164413.83400     14229.95700    150183.87700         0.00000         0.00000     
          24469      1335837040       588547375      1335903460       742225025     66420.15400      5749.33400     60670.82000         0.00000         0.00000     
          24480      1335911962       756791587      1336015331       123888837    103368.36700      8945.29500     94423.07200         0.00000         0.00000     
          24497      1336015913       101217125      1336093131       620964725     77218.52000      6688.37500     70530.14500         0.00000         0.00000     
          24587      1336121838       546692375      1336276890       940854562    155052.39400     13413.38100    141639.01300         0.00000         0.00000     
          24604      1336278260       390851400      1336335393       479902037     57133.08900      4937.51900     52195.57000         0.00000         0.00000     
          24610      1336348545       933935525      1336698088        91762125    349542.15800     30220.18600    319321.97200         0.00000         0.00000     
          24713      1336725188         2142412      1336727243       765406262      2055.76300       176.79600      1878.96700         0.00000         0.00000     
          24715      1336729409       463061162      1336867802       673275650    138393.21000     11978.33200    126414.87800         0.00000         0.00000     
          24725      1336868373       902381775      1337040755       511906562    172381.61000     14928.71700    157452.89300         0.00000         0.00000     
          24734      1337041419       997392000      1337212702       570667487    166283.71100     14402.55500    151881.15600         0.00000         0.00000     
          24745      1337213434        95204600      1337300495        10493125     83991.90500      7275.63200     76716.27300         0.00000         0.00000     
          24845      1337326250       600401375      1337476392       312467512    144560.00300     12520.12200    132039.88100         0.00000         0.00000     
          24855      1337476780       977460662      1337514108       885083362     30861.26000      2673.49400     28187.76600         0.00000         0.00000     
          24857      1337514132       251034100      1337567714        71574850     49789.56500      4312.46700     45477.09800         0.00000         0.00000     
          24867      1337568095       608953087      1337672776       878239500     79797.02100      6911.13500     72885.88600         0.00000         0.00000     
          24871      1337673749       814782475      1337674779       425389725      1029.61100        88.89200       940.71900         0.00000         0.00000     
          24872      1337677933       437778800      1337733646       529790362     29357.59400      2542.64800     26814.94600         0.00000         0.00000     
          24878      1337734430         2049825      1337850529       396251925    107886.93800      9343.79300     98543.14500         0.00000         0.00000     
          24886      1337858263       491483175      1337907412        54015150     46333.00400      4019.68600     42313.31800         0.00000         0.00000     
          24980      1337941159       627622962      1338037267       802887337     95080.15100      8239.22900     86840.92200         0.00000         0.00000     
          24992      1338039804       593305400      1338170085       606388162     89482.84000      7750.10900     81732.73100         0.00000         0.00000     
          25001      1338171200       827471687      1338253163       683943387     61576.62600      5329.69300     56246.93300         0.00000         0.00000     
          25105      1338353121       852890325      1338512202       892633212    149761.69500     12961.21100    136800.48400         0.00000         0.00000     
          25128      1338522380       282126050      1338775351       859290712    252971.57700     21909.64200    231061.93500         0.00000         0.00000     
          25137      1338775777       907045987      1338881925       900848112    106147.99400      9197.01300     96950.98100         0.00000         0.00000     
          25201      1338886571        30272875      1338944450       306560962     57879.27600      5016.42300     52862.85300         0.00000         0.00000     
          25212      1338944866       708499100      1339117024       654183687    171119.15900     14827.85500    156291.30400         0.00000         0.00000     
          25812      1339755686       624742687      1339979765       162985225    224078.53800     19437.27100    204641.26700         0.00000         0.00000     
          25819      1339980456       534752087      1339983877        52479412      3420.51800       296.86000      3123.65800         0.00000         0.00000     
          25822      1339984003       325711537      1340151508       750273987    149979.00100     13020.63100    136958.37000         0.00000         0.00000     
          25832      1340152497       631767175      1340326391       982656125    173894.35100     15089.31600    158805.03500         0.00000         0.00000     
          25929      1340351964       626455375      1340365576       188915812     13611.56200      1180.15600     12431.40600         0.00000         0.00000     
          25940      1340376494       701730075      1340584697       799466400    208203.09800     18064.59400    190138.50400         0.00000         0.00000     
          25952      1340585460       549582425      1340669618       658011575     51998.50300      4511.69000     47486.81300         0.00000         0.00000     
          25960      1340696887       571697837      1340898966       210676912    202078.63900     17527.17600    184551.46300         0.00000         0.00000     
          25972      1340899277       721262187      1340931661       605219900     31333.52700      2721.44600     28612.08100         0.00000         0.00000     
          26078      1340964674       941923012      1341157787       177739575    192067.74300     16672.78200    175394.96100         0.00000         0.00000     
          26089      1341158124       951181437      1341344746       197836737    186621.24700     16193.71700    170427.53000         0.00000         0.00000     
          26091      1341348825       154605912      1341536126       440922537    187301.28600     16262.17400    171039.11200         0.00000         0.00000     
          26203      1341568593       716088875      1341654396       299399362     85802.58300      7443.09000     78359.49300         0.00000         0.00000     
          26204      1341654684       129104175      1341714131       386574562     59447.25700      5154.98200     54292.27500         0.00000         0.00000     
          26207      1341714743       256771637      1341792817       141981350     78073.88500      6770.85100     71303.03400         0.00000         0.00000     
          26216      1341796344       691288975      1341966983       605372675    170638.91400     14797.33900    155841.57500         0.00000         0.00000     
          26262      1341993588       555576637      1342141078       644968112    120678.60700     10467.15200    110211.45500         0.00000         0.00000     
          26369      1342168061       872314975      1342337215       271573962    169153.39900     14680.73200    154472.66700         0.00000         0.00000     
          26371      1342337307       262835675      1342400282        50393300     62974.78800      5467.04700     57507.74100         0.00000         0.00000     
          26377      1342401566       186954987      1342572999       272258000    171433.08500     14888.35200    156544.73300         0.00000         0.00000     
          26386      1342573327       489242037      1342745989       310050350    163375.22100     14175.94600    149199.27500         0.00000         0.00000     
          26487      1342768080       985035737      1343005688       701060300    237607.71600     20642.14400    216965.57200         0.00000         0.00000     
          26503      1343008600       101982200      1343174632       895036475    166032.79300     14422.49100    151610.30200         0.00000         0.00000     
          26528      1343174882       758174337      1343350805       136769000    174947.01900     15179.10600    159767.91300         0.00000         0.00000     
          26687      1343375737       834030087      1343434379       694629687     58641.86100      5090.40600     53551.45500         0.00000         0.00000     
          34533      1350645245       852540587      1350873680       786265412    228434.93400     32312.10200    196122.83200        19.46149         0.50591     
          34541      1350878662       646091475      1351052827       729233637    174165.08300     24668.37900    149496.70400        15.31247         0.44904     
          34551      1351053630       832097200      1351212054       480511100    158423.64800     22601.17900    135822.46900        12.88913         0.41217     
          34728      1351241608       405853775      1351248268       424848937      6660.01900       954.73100      5705.28800         0.59370         0.08851     
          34744      1351250772       653325862      1351442065         3298375    191292.35000     27031.89600    164260.45400        15.79243         0.45611     
          34750      1351442410       687330025      1351646076       793725212    203666.10600     28818.82700    174847.27900        16.95981         0.47241     
          34762      1351646397        49796887      1351818558       192245850    172161.14200     24374.71100    147786.43100        15.30881         0.44932     
          34914      1351841653         2369187      1351841795       603379387       142.60100        19.09400       123.50700         0.01292         0.01292     
          34919      1351842113        74843687      1352015007       725874675    172894.65100     24575.14700    148319.50400        15.42546         0.45080     
          34941      1352015910        86113212      1352075103       192015975     59193.10600      8414.51800     50778.58800         5.23335         0.26267     
          34947      1352075796       853875025      1352159394       676199487     83597.82200     11857.11000     71740.71200         7.21251         0.30840     
          34997      1352246871        56221537      1352249858       251132412      2987.19500       394.92500      2592.27000         0.32473         0.06495     
          34998      1352250248       246899425      1352256912       234393937      6663.98700       935.92800      5728.05900         0.55185         0.08516     
          35000      1352257403       911168650      1352277884       907908425     20480.99700      2875.48000     17605.51700         1.77326         0.15263     
          35001      1352277995       833813500      1352421964       377264262    143968.54300     20564.73600    123403.80700        11.69676         0.39254     
          35171      1352454274       245423325      1352508556       191597125     54281.94600      7700.73200     46581.21400         4.47746         0.24284     
          35173      1352509399       647365325      1352519044       316181250      9644.66900      1354.14000      8290.52900         0.77492         0.10089     
          35176      1352519819       833142062      1352683202       342862000    163382.51000     23181.86700    140200.64300        14.10856         0.43114     
          35187      1352684317       171289762      1352851749       549920037    167432.37900     23642.72300    143789.65600        14.13668         0.43139     
          35197      1352852644       494073087      1353027353       384723650    174708.89100     24696.40500    150012.48600        14.69981         0.44025     
          35371      1353057027       633989800      1353279148       246851787    222120.61300     31375.46400    190745.14900        18.82315         0.49797     
          35374      1353279237       188896725      1353283722       442416575      4485.25400       617.02300      3868.23100         0.37922         0.07042     
          35380      1353284197       198619125      1353286434       722868412      2237.52400       327.22400      1910.30000         0.19962         0.05154     
          35384      1353286548       207727075      1353291781        38682075      5232.83100       721.93700      4510.89400         0.41915         0.07410     
          35385      1353292259       709070737      1353306435       693284300     14175.98400      2018.34100     12157.64300         1.20080         0.12589     
          35390      1353320992       721077962      1353341403       303355562     20410.58200      2903.79900     17506.78300         1.60995         0.14577     
          35391      1353341560       814370700      1353342172       742889450       611.92900        79.87800       532.05100         0.07827         0.03195     
          35392      1353342345       227285475      1353343000       841186437       655.61400        99.49700       556.11700         0.04010         0.02315     
          35394      1353344629       886580925      1353457692       595607562    113062.70900     16024.91600     97037.79300         9.84159         0.35987     
          35403      1353458611       812066825      1353480806       670671475     22194.85900      3133.81000     19061.04900         1.82716         0.15499     
          35413      1353481319        21229137      1353577240       910852725     95921.89000     13617.79700     82304.09300         7.74300         0.31906     
          35432      1353577795       298180550      1353603880        13672912     26084.71500      3688.83600     22395.87900         1.89211         0.15768     
          35436      1353606170       572469712      1353631823       299989800     25652.72800      3638.91400     22013.81400         1.87035         0.15696     
          35607      1353659691       584892225      1353888494       335674587    228802.75100     32599.63800    196203.11300        19.47705         0.50666     
          35615      1353889378       907538687      1354061277       310687687    171898.40300     24491.22600    147407.17700        14.58205         0.43830     
          35624      1354061534       749738325      1354237054       128370775    175519.37900     24913.76400    150605.61500        14.04348         0.42935     
          35794      1354263025       206044725      1354496706       781882425    233681.57600     32902.31400    200779.26200        20.94579         0.52466     
          35804      1354497119       686684500      1354673291       202568675    176171.51600     24888.53600    151282.98000        14.58524         0.43761     
          35812      1354674088       355111575      1354838191       474611950    164103.12000     23144.64000    140958.48000        13.35351         0.41876     
          35981      1354863588       992471575      1354873743       682715587     10154.69000      1454.37500      8700.31500         0.95006         0.11197     
          35983      1354873837       956801437      1354879804       925029575      5966.96800       853.72400      5113.24400         0.44699         0.07666     
          35984      1354879982        41670162      1354895834       846219012     15852.80500      2236.28300     13616.52200         1.68293         0.14876     
          35985      1354896244       257632362      1354925712       955211650     29468.69800      4182.13100     25286.56700         2.93712         0.19670     
          35986      1354925911       553729012      1355088288       256602912    157292.74000     22404.48000    134888.26000        13.22945         0.41754     
          35992      1355103035       885282450      1355275078       418132287    161598.74800     22953.32700    138645.42100        14.43572         0.43568     
          36005      1355275305       132006350      1355451624       719968575    176319.58800     24949.02200    151370.56600        14.14962         0.43118     
          36201      1355478839       954157150      1355706416        71686700    227576.11800     32296.77200    195279.34600        18.29453         0.49073     
          36213      1355706699       486196675      1355879267       252111337    172567.76600     24349.42000    148218.34600        14.73709         0.43999     
          36222      1355879526       270863200      1356051199       196928137    171672.92600     24150.81400    147522.11200        14.71935         0.43966     
          36386      1356082138       671443937      1356311314       374446850    229175.70300     32638.98400    196536.71900        19.29752         0.50421     
          36400      1356312188        91794887      1356483781       747621512    153293.63800     21703.67500    131589.96300        12.60271         0.40720     
          36412      1356486805       188230025      1356655703       607965612    168898.42000     23842.01800    145056.40200        14.03366         0.42965     
          36579      1356681232       525657962      1356916148       898421962    234916.37300     33229.73200    201686.64100        19.87784         0.51140     
          36593      1356916827       555309350      1356998319       271636775     81491.71600     11509.22500     69982.49100         6.52653         0.29307     
          36802      1357531050       242879400      1357534793       338564562      3743.09600       544.42900      3198.66700         0.25100         0.05759     
          36805      1357536430        91062300      1357693120       458412475    155206.17800     21816.83400    133389.34400        13.46108         0.42028     
          36814      1357693811       124735987      1357865608       664073987    171055.47500     24188.74100    146866.73400        13.66681         0.42422     
          36897      1357877992       505714412      1358125069       752702937    247077.24700     34981.04600    212096.20100        21.99401         0.53792     
          36905      1358125747       770119875      1358298259       430701812    172511.66100     24523.37000    147988.29100        14.73969         0.44066     
          36915      1358298994        48469250      1358385858        55275325     86864.00700     12218.81500     74645.19200         7.12325         0.30599     
          36920      1358386325       106446500      1358389197       774771775      2872.66800       395.35400      2477.31400         0.32746         0.06550     
          36932      1358390264       499180012      1358557459       530168350    167195.03100     23629.39900    143565.63200        14.14034         0.43130     
          36942      1358557937       891712737      1358637729        30814812     79791.13900     11263.97100     68527.16800         6.36443         0.28931     
          36961      1358677396       217098175      1358728982       148477175     51585.93100      7207.31300     44378.61800         4.01776         0.22932     
          37021      1358741216       947507487      1358903173       981318600    161957.03400     22629.83800    139327.19600        13.56042         0.42133     
          37060      1358903671       738132925      1359075655        25570712    171983.28700     24189.67600    147793.61100        14.38365         0.43430     
          37116      1359084547       809599975      1359332842       797110787    248294.98800     34701.83000    213593.15800        20.89804         0.52314     
          37148      1359333079       632085950      1359383223       550646600     50143.91900      7101.67500     43042.24400         4.26670         0.23669     
          37150      1359383257       101567475      1359446573       327219175     63316.22600      9011.80300     54304.42300         5.34459         0.26494     
          37151      1359447022        65375225      1359508286       441344750     61264.37600      8520.25800     52744.11800         5.56547         0.26998     
          37157      1359508649       677224687      1359680136       324048737    171486.64700     24223.80100    147262.84600        14.22974         0.43242     
          37325      1359706187       947596587      1360112634       143477162    406446.19600     57203.51800    349242.67800        33.63742         0.66499     
          37354      1360113181       429923175      1360285692       377798712    172510.94800     24299.09900    148211.84900        13.81662         0.42621     
          37446      1360297074       237705100      1360547672       511418825    250598.27400     35131.70600    215466.56800        20.16347         0.51468     
          37455      1360550090       909868512      1360725182       331290950    173598.99600     24461.27000    149137.72600        14.07064         0.42998     
          37466      1360725877       385644037      1360889610       427955237    163733.04200     22958.37800    140774.66400        13.16585         0.41595     
          37546      1360901262       650946487      1361146206       561116100    244943.91000     34372.06500    210571.84500        19.95504         0.51203     
          37553      1361146444       653909387      1361318780       813300450    172336.15900     24176.05900    148160.10000        13.65576         0.42327     
          37562      1361318994       117141025      1361494219       969279600    175225.85200     24695.68300    150530.16900        14.14232         0.43116     
          37646      1361506055       305925950      1361932029       232739087    425973.92700     59956.21400    366017.71300        35.18640         0.67960     
          37655      1361932531       866394675      1362099606       329815962    167074.46300     23431.54100    143642.92200        13.77563         0.42515     
          37834      1362123344       492409912      1362183530       849495962     60186.35700      8538.14300     51648.21400         4.58788         0.24560     
          37839      1362186473       222255037      1362362019        16329750    175545.79400     24646.89200    150898.90200        14.80799         0.43995     
          37845      1362362272        93344362      1362540202       901463850    174249.13600     24409.05300    149840.08300        14.09767         0.42881     
          37856      1362540470       757477212      1362703790       264858975    163319.50700     22943.62700    140375.88000        13.22540         0.41494     
          37934      1362717830       758411112      1362970732       741196125    252120.48200     35684.70700    216435.77500        20.37141         0.51547     
          37949      1362970935       852454725      1363133940       379213212    163004.52700     22835.04500    140169.48200        12.56003         0.40414     
          37960      1363134702       653822425      1363309025       200075037    174322.54600     24753.66800    149568.87800        14.01248         0.42780     
          38039      1363319983       780394062      1363569036        50190812    249052.27000     35045.18400    214007.08600        20.23763         0.51357     
          38050      1363569259       846063962      1363755729       315680837    186469.47000     26262.95000    160206.52000        15.21335         0.44556     
          38061      1363755924       813010287      1363913834        20545712    157909.20800     22305.71000    135603.49800        12.73080         0.40815     
          38140      1363922528       881318312      1364178566       419338375    256037.53800     36301.06800    219736.47000        21.30275         0.52816     
          38150      1364179035       491884012      1364363791       195773512    184755.70400     26126.92500    158628.77900        14.18051         0.43073     
          38170      1364370069       322664687      1364518246       742868687    148177.42000     21048.26300    127129.15700        12.08887         0.39793     
          38335      1364542900       532166087      1364778055        91872000    235154.56000     33298.93900    201855.62100        18.59224         0.49324     
          38347      1364778955       882429137      1364956963       282487550    178007.40000     25225.71100    152781.68900        13.83701         0.42583     
          38355      1364957515       376433575      1365123548       453260500    166033.07700     23658.88200    142374.19500        12.82766         0.41000     
          38431      1365133691       228290062      1365295501       411240162    161810.18300     22834.07900    138976.10400        12.69674         0.40769     
          38446      1365296505       813815800      1365557575       192811675    261069.37900     36886.33900    224183.04000        20.72743         0.52050     
          38459      1365558754       616077237      1365727384       261859562    168629.64600     23864.45500    144765.19100        13.71622         0.42332     
          38540      1365741497       840874387      1365928590       143912912    187092.30300     26505.54800    160586.75500        15.90529         0.45614     
          38542      1365928636       623804275      1365930406       307729062      1769.68400       239.53100      1530.15300         0.10346         0.03658     
          38545      1365940510       659474212      1365979570       849873637     38310.27000      5408.12100     32902.14900         2.78600         0.19090     
          38546      1365980112       348810875      1365984221       658939225      4109.31000       598.14200      3511.16800         0.23707         0.05588     
          38552      1365984797       395979912      1366159492       399032137    174695.00300     24738.34900    149956.65400        13.45979         0.41962     
          38562      1366159990       552213725      1366331708       829671087    171718.27700     24260.81200    147457.46500        13.86331         0.42563     
          38571      1366332082       798312475      1366413952       212365737     81869.41400     11642.86700     70226.54700         7.07418         0.30416     
          38581      1366424167       856061487      1366445065        54701262     20897.19900      2970.65600     17926.54300         1.65338         0.14730     
          38588      1366450557       154057525      1366502382        81076187     51824.92700      7298.72600     44526.20100         4.55872         0.24404     
          38602      1366530145        77728812      1366530360       568994762       215.49100        32.57300       182.91800         0.00000         0.00000     
          38685      1366548734       138986387      1366549906       219127900      1172.08000       158.30400      1013.77600         0.09150         0.03459     
          38694      1366554886       642434125      1366597133       383574537     42246.74100      6006.77500     36239.96600         3.04875         0.19974     
          38705      1366597523       325076762      1366763293       118696512    165769.79400     23430.27400    142339.52000        12.92572         0.41125     
          38716      1366763723       750162812      1366938211       342243687    174487.59200     24600.71600    149886.87600        13.48194         0.41929     
          38860      1366961152       541657012      1367195694       751943875    234542.21000     33163.15700    201379.05300        18.94955         0.49750     
          38894      1367196181       330643387      1367368651       960981987    172470.63000     24419.37100    148051.25900        14.02801         0.42788     
          38901      1367369027       487061750      1367542988        80186612    173960.59300     24626.51700    149334.07600        13.26248         0.41631     
          38989      1367555626       724872862      1367699950       958687725    144324.23400     20563.35800    123760.87600        10.90935         0.37778     
          39067      1367715822       572572812      1367802404       208592675     86581.63600     12213.14700     74368.48900         7.44684         0.31193     
          39076      1367802737       629776137      1367975082       777899112    172345.14800     24419.62300    147925.52500        13.21771         0.41552     
          39085      1367975306       570810525      1368044941       609822862     69635.03900      9864.45000     59770.58900         5.24936         0.26183     
          39165      1368059893       319910500      1368147484       130139250     87590.81000     12482.24100     75108.56900         6.51374         0.29190     
          39177      1368152063       896332250      1368411974       670764987    259910.77400     36782.24400    223128.53000        19.68690         0.50682     
          39188      1368412508       493849387      1368577966       967820262    165458.47400     23131.70100    142326.77300        13.36663         0.41712     
          39201      1368579297       267953287      1368752678       185196600    173380.91700     24519.58400    148861.33300        13.14444         0.41403     
          39279      1368761411       226294562      1369010375       859600425    248216.07500     35107.24600    213108.82900        18.51530         0.49103     
          39289      1369010895       189989637      1369188668       603840350    177773.41400     25022.62800    152750.78600        13.70668         0.42282     
          39301      1369188948       699887512      1369357457       640908250    168508.94100     23851.46100    144657.48000        12.98256         0.41139     
          39472      1369383370       196377825      1369598727       820684575    215357.62400     30330.01000    185027.61400        17.39193         0.47621     
          39476      1369598885       556642200      1369621836       999904887     22951.44300      3214.05200     19737.39100         1.67862         0.14780     
          39482      1369622874        12996087      1369792407       933915662    169533.92100     24023.42200    145510.49900        13.06626         0.41280     
          39491      1369792717       399931775      1369885962       963320037     93245.56300     13206.50000     80039.06300         7.45721         0.31209     
          39497      1369886271       685974462      1369964100       301100175     77828.61500     10928.42100     66900.19400         5.98030         0.27915     
          39581      1369976085       562532087      1370220892       201848837    244806.63900     34723.03700    210083.60200        18.20937         0.48774     
          39587      1370221220         6228550      1370394744       596219275    173524.59000     24639.63900    148884.95100        13.65204         0.42234     
          39597      1370396654       968479175      1370567386       388893362    170731.42000     24080.17000    146651.25000        13.00699         0.41196     
          39687      1370580766       908597562      1370822442       251910112    241675.34300     34368.62600    207306.71700        19.59721         0.50586     
          39697      1370836195        62669937      1371003064       574563537    166128.18500     23611.79200    142516.39300        12.61191         0.40580     
          39707      1371011948       650028112      1371081910       573598562     69961.92400      9941.14000     60020.78400         5.27716         0.26224     
          39710      1371109425       958860550      1371171706       987781962     62281.02900      8851.61000     53429.41900         4.89925         0.25301     
          39788      1371185282       675779500      1371601867       439219337    415843.53100     59015.34400    356828.18700        31.89522         0.64521     
          39800      1371602118       712857887      1371687055        23175587     84936.31000     12153.58800     72782.72200         6.35558         0.28831     
          39854      1371775601       306827800      1371776489       829019062       888.52200       129.64700       758.87500         0.01297         0.01297     
          40026      1371803565        18668500      1372036457       156082425    232892.13700     32910.41400    199981.72300        17.77016         0.48171     
          40036      1372037024       158860687      1372209231       454951937    172207.29600     24500.29000    147707.00600        13.11166         0.41382     
          40045      1372209506       819889275      1372382095       998157662    172589.17800     24300.72700    148288.45100        12.65376         0.40631     
          40126      1372395021       959165037      1372575140       324452712    180118.36500     25564.99200    154553.37300        13.74242         0.42412     
          40128      1372577335       611383450      1372648982       630404412     71647.01900     10224.08300     61422.93600         5.59475         0.27076     
          40136      1372650153       500691700      1372814346       570205687    164193.07000     23259.93200    140933.13800        11.84874         0.39367     
          40145      1372815155        65381487      1372986185       236602075    171030.17100     24271.65000    146758.52100        12.60086         0.40566     
          40247      1372999939       167985350      1373245747       301672637    245808.13400     34631.71900    211176.41500        18.36106         0.48918     
          40254      1373245961       365868937      1373418304       747594612    172343.38200     24338.61100    148004.77100        12.91852         0.41060     
          40263      1373418510        90488350      1373590870       978888287    172360.88800     24391.41800    147969.47000        13.09997         0.41366     
          40348      1373602557       866602562      1373850019       868368662    247462.00200     35274.31700    212187.68500        18.24710         0.48822     
          40356      1373850586       572548937      1374022871       886226937    172285.31400     24516.83600    147768.47800        12.94580         0.41126     
          40365      1374023283       984631775      1374195390       376163662    172106.39200     24270.23400    147836.15800        12.72451         0.40774     
          40534      1374219953       224258087      1374352347       761995875    130919.38700     18532.80200    112386.58500         9.10998         0.34533     
          40543      1374363023       429999075      1374456572       676311762     92073.97800     13025.57000     79048.40800         6.82100         0.29885     
          40551      1374457452        82511675      1374627677       770698237    170225.68800     24097.58200    146128.10600        13.20398         0.41570     
          40559      1374627881        37434487      1374628912       199728525      1031.16200       132.82800       898.33400         0.10288         0.03638     
          40564      1374629032       987847462      1374800155       762988700    171122.77500     24310.58400    146812.19100        13.21972         0.41599     
          40642      1374809929       628417287      1375059612       881483000    249683.25300     35439.06900    214244.18400        18.71559         0.49495     
          40659      1375060079       154295937      1375232413       296876325    172334.14300     24418.60200    147915.54100        12.97549         0.41199     
          40668      1375232734       914022400      1375404944       886168612    172209.97200     24388.56900    147821.40300        12.79835         0.40885     
          40747      1375413959       256745025      1375514770       720329762    100811.46400     14291.72900     86519.73500         7.20476         0.30667     
          40752      1375515809       964816725      1375660716       157296037    144906.19200     20361.65200    124544.54000        10.82273         0.37546     
          40753      1375660751       100059962      1375661204         7647500       452.90800        66.54300       386.36500         0.02655         0.01877     
          40755      1375661250       151688375      1375833652       469670837    172402.31800     24417.11300    147985.20500        13.48894         0.41951     
          40764      1375834850       776471987      1375942912        42447362    108061.26600     15294.38700     92766.87900         7.87596         0.32049     
          40775      1375949610       727531375      1375950358       772179725       748.04500       102.63000       645.41500         0.05217         0.02608     
          40784      1375952342       410954837      1375953786       159855200      1443.74900       197.72200      1246.02700         0.16838         0.04670     
          40787      1375955068       272784975      1375956668       807815437      1600.53500       242.26200      1358.27300         0.11861         0.03954     
          40796      1375957728        86299412      1375957937       584556475       209.49800        25.88500       183.61300         0.05106         0.02553     
          40799      1375958500       554635725      1376009927       156894100     51426.60200      7271.79600     44154.80600         3.78004         0.22198     
          40874      1376018664       120311175      1376025971       975539500      7307.85500      1022.07600      6285.77900         0.59854         0.08826     
          40884      1376026189       110411037      1376266003       963576600    236114.88700     33620.26500    202494.62200        18.09825         0.48634     
          40902      1376266284       995958912      1376438256       511441675    171971.51500     24368.18400    147603.33100        13.21656         0.41528     
          40911      1376438511         9656937      1376614893       188243737    176382.17900     24843.27900    151538.90000        11.64474         0.38970     
          41076      1376639401       651519475      1376872194       160473525    232792.50900     32966.00700    199826.50200        16.69352         0.46681     
          41091      1376872539       627297575      1377043648       757635375    171109.13000     24072.56600    147036.56400        12.20947         0.39867     
          41100      1377043940       203928962      1377219404       820910875    175464.61700     24777.55200    150687.06500        12.92036         0.41024     
          41181      1377228699       165967337      1377477374       400829337    248675.23500     34972.76700    213702.46800        16.49832         0.46371     
          41190      1377477644       911412375      1377648924       769990825    171279.85900     24345.63700    146934.22200        11.87052         0.39396     
          41200      1377649169       766894000      1377824228       204696262    175058.43800     24818.52800    150239.91000        12.80251         0.40919     
          41287      1377835826       468390212      1378080897       613552412    245071.14500     34782.18600    210288.95900        17.79950         0.48215     
          41297      1378081595       943944450      1378338655       242849925    257059.29900     36410.31400    220648.98500        18.65168         0.49343     
          41305      1378338859        66791475      1378429007       816266950     90148.74900     12686.42300     77462.32600         7.17520         0.30597     
          41379      1378439560       370581187      1378684024       847158075    244464.47700     34618.36300    209846.11400        17.68050         0.48069     
          41389      1378684259       376011837      1378943458       988281100    259199.61200     36608.73500    222590.87700        18.52312         0.49158     
          41398      1378943703       544602062      1379030208       494196225     86504.95000     12270.46300     74234.48700         5.74255         0.27378     
          41400      1379030399       157811075      1379033547       681896362      3148.52400       460.51400      2688.01000         0.11789         0.03930     
          41560      1379058120       257829862      1379293166       654102412    235046.39600     33281.79400    201764.60200        17.06721         0.47230     
          41568      1379293445       409623737      1379465576       606983050    172131.19700     24378.14800    147753.04900        12.11218         0.39762     
          41579      1379465984        99053875      1379638711       529035762    172727.43000     24451.11700    148276.31300        12.11404         0.39747     
          41657      1379651673       367631700      1379654248       921107087      2575.55300       361.88200      2213.67100         0.11767         0.03922     
          41668      1379661582       557232387      1379897977       231502050    236394.67400     33518.12100    202876.55300        17.10900         0.47273     
          41678      1379898225       220764162      1380068800       152235512    170574.93100     24106.22900    146468.70200        12.32963         0.40110     
          41680      1380101476       813531512      1380101673       128323012       196.31500        27.46100       168.85400         0.01280         0.01280     
          41688      1380102038       875529225      1380243265       928361650    140480.02500     19917.19700    120562.82800        10.79576         0.37543     
          41767      1380252544       301790487      1380503005       920935800    250461.61900     35408.43300    215053.18600        17.26860         0.47479     
          41776      1380503528       842147262      1380675590       411867075    172061.57000     24345.97900    147715.59100        11.67954         0.39064     
          41787      1380675927       689337562      1380848337        66871250    171669.50600     24404.05700    147265.44900        11.56378         0.38895     
          41868      1380859081       217063612      1381108298       227470975    249217.01000     35385.92700    213831.08300        18.31635         0.48938     
          41879      1381109078       417233787      1381280490       329497450    171411.91200     24345.27600    147066.63600        12.08598         0.39784     
          41889      1381281613       335914637      1381453023       816985300    169917.41800     23992.71900    145924.69900        11.86401         0.39374     
          42053      1381477499       636093162      1381712893       549577175    235393.91300     33049.40900    202344.50400        16.50651         0.46412     
          42061      1381713392       900363650      1381885692       142952487    172299.24300     24301.14700    147998.09600        11.71018         0.39123     
          42070      1381885904       359162675      1381990194       999951212    104290.64100     14701.66000     89588.98100         8.13946         0.32612     
          42080      1381999412       128888187      1382057777       494119575     58365.36500      8158.68000     50206.68500         4.51743         0.24287     
          42164      1382067118       271792075      1382128701       565264800     61583.29300      8692.34500     52890.94800         4.99502         0.25558     
          42172      1382132165       139343825      1382322165        37028037    189999.89800     26734.57900    163265.31900        13.93670         0.42668     
          42186      1382322664       950014875      1382403202       831916987     80537.88200     11450.05800     69087.82400         5.73772         0.27386     
          42260      1382408213       891912212      1382490804       743309925     82590.85100     11646.13000     70944.72100         5.76469         0.27421     
          42267      1382491033       676815275      1382663867       212631375    172833.53600     24386.52500    148447.01100        12.41192         0.40251     
          42351      1382674700       245328862      1382685744        31919987     11043.78700      1560.32800      9483.45900         0.71760         0.09677     
          42352      1382686851       109960825      1382939414       721006500    252563.61100     35533.22000    217030.39100        17.04864         0.47178     
          42355      1382943464       596073262      1383096087       553279525    152622.95700     21480.21100    131142.74600        10.49765         0.37047     
          42370      1383096647        80890862      1383267983        23197300    171335.94200     24238.15600    147097.78600        12.00857         0.39615     
          42453      1383280509       386341187      1383526787       124848962    244799.43100     34698.78100    210100.65000        16.45893         0.46370     
          42459      1383527007       160526212      1383699982        33302412    166302.36900     23401.89200    142900.47700        12.59333         0.40542     
          42469      1383700198       526393900      1383756872       557761737     56674.03100      8001.04400     48672.98700         3.69473         0.21964     
          42478      1383772416       421528037      1383872133       211592900     97489.65300     13798.31900     83691.33400         7.11625         0.30484     
          42648      1383905043       487923250      1384028346       249211550    123302.76100     17414.84700    105887.91400         8.48975         0.33276     
          42657      1384034467       505398937      1384133319       273636675     98851.76800     13857.42500     84994.34300         7.06362         0.30342     
          42664      1384133879       181235050      1384302976       605205000    169097.42400     23830.88400    145266.54000        11.27788         0.38348     
          42675      1384303610       168187212      1384476937       212293900    173327.04400     24430.94900    148896.09500        12.06044         0.39678     
          42757      1384489017       440322662      1384547150       747400237     58133.30700      8093.19400     50040.11300         4.00511         0.22860     
          42762      1384572821       275998087      1384650548       610045262     77727.33400     10873.98800     66853.34600         5.74631         0.27365     
          42841      1384655680       732092037      1384736317       951646700     80637.22000     11370.51600     69266.70400         5.41501         0.26615     
          42852      1384736735       676531712      1384821662       622244987     84926.94600     11929.87700     72997.06900         6.01479         0.28046     
          42928      1384826533       922551425      1384909187       151416737     82653.22900     11667.92900     70985.30000         6.06172         0.28142     
          42937      1384909484       865127050      1385081868       326509937    172383.46100     24296.44000    148087.02100        12.36161         0.40193     
          43018      1385094512       211190112      1385345570       253261287    251058.04200     35425.64100    215632.40100        15.83593         0.45452     
          43028      1385346220       859185487      1385437876       776891587     91655.91800     12953.25200     78702.66600         6.01573         0.28050     
          43030      1385442070       417318150      1385517956       866761125     75886.44900     10674.12700     65212.32200         5.13007         0.25879     
