          21223      1324738438       460155525      1324863535       648668712    125097.18900      1943.97700    123153.21200         4.99889         0.26875     
          21232      1324866651       845232012      1325033855       111442137    167203.26600      2571.21700    164632.04900         6.81332         0.31295     
          21241      1325034112       128704925      1325205655       548447037    171543.42000      2698.20400    168845.21600         6.66190         0.30795     
          21355      1325237136       106198075      1325375424       116569137    138288.01000      2106.21300    136181.79700         5.48381         0.27769     
          21364      1325376140       376352237      1325549040       424845812    172900.04800      2644.06700    170255.98100         7.01507         0.31248     
          21373      1325549385       359860387      1325725003        64442600    175617.70500      2665.17400    172952.53100         7.04771         0.31147     
          21375      1325725247       145361025      1325736857       706707137     11610.56100       183.95300     11426.60800         0.35689         0.06999     
          21396      1325736980       680449775      1325809570       428650537     71461.95800      1134.54500     70327.41300         2.85199         0.19775     
          21502      1325839589       313269775      1325982252       307004787    142662.99400      2151.96600    140511.02800         5.39767         0.27057     
          21514      1325983040       420522750      1326155850       432882512    171610.03800      2631.91700    168978.12100         6.08230         0.28452     
          21525      1326160009       146303500      1326160148       711304725       139.56500         1.34500       138.22000         0.00000         0.00000     
          21526      1326160195       672633050      1326331132       839512225    168528.55900      2532.89700    165995.66200         5.60452         0.27091     
          21527      1326333888       486396525      1326338709        29110012      4820.54300        84.16400      4736.37900         0.14322         0.04318     
          21536      1326339185       112974062      1326402265       446295487     61882.11700       929.99900     60952.11800         2.03742         0.16261     
          21546      1326431049       374844337      1326503322       285349050     71068.73100      1039.07600     70029.65500         2.75990         0.18867     
          21644      1326529335       398048212      1326675019       861275712    145684.46300      2228.90100    143455.56200         4.99895         0.25314     
          21662      1326675553       306694987      1326731399       182028775     55845.87500       806.75100     55039.12400         1.97640         0.15875     
          21669      1326768814       830030362      1326816179       453466212     47364.62300       734.16700     46630.45600         1.86663         0.15449     
          21670      1326816704       500666300      1326849375       168423175     30210.12400       461.12800     29748.99600         1.08142         0.11800     
          21680      1326850099       170322587      1326897475       754541250     42482.84000       641.82600     41841.01400         1.61992         0.14489     
          21691      1326958934       731617062      1327021970       434723212     61800.57700       898.38900     60902.18800         2.21932         0.16874     
          21807      1327049831       110097887      1327091428       780224950     37932.59800       586.30300     37346.29500         1.14972         0.12119     
          21818      1327104685        54628912      1327136005       222860125     30074.33400       438.55400     29635.78000         1.06939         0.11668     
          21821      1327137585       884709925      1327182746       468071975     41436.37000       624.66900     40811.70100         1.83782         0.15316     
          21825      1327198316       336265950      1327279654       614981025     80120.17800      1203.94300     78916.23500         2.85484         0.19033     
          21836      1327279968       831237375      1327283645       356297437      3676.52500        52.17400      3624.35100         0.10071         0.03561     
          21837      1327290026       187853987      1327312774       603874012     22748.41600       352.32200     22396.09400         0.71706         0.09498     
          21838      1327313219       636785850      1327363155       126887000     48722.95100       750.03900     47972.91200         1.46485         0.13601     
          21842      1327363635       892260687      1327453279       445772212     89643.55400      1375.89400     88267.66000         3.12969         0.19874     
          21846      1327453956       705539100      1327470185       521407162     16228.81600       242.90900     15985.90700         0.37789         0.06899     
          21852      1327470689       989310300      1327547022       332457062     76332.34300      1145.21400     75187.12900         2.73231         0.18549     
          21857      1327548470         6195137      1327626228       764287137     76526.03200      1178.90800     75347.12400         2.51397         0.17777     
          21867      1327627159       987274050      1327711749       332853987     83341.40200      1217.60100     82123.80100         2.81920         0.18795     
          21963      1327742105       191010900      1327797015       837678112     54910.64700       842.07600     54068.57100         1.69214         0.14564     
          21979      1327808899       912321600      1327886640       627387425     77740.71500      1148.79000     76591.92500         2.76489         0.18557     
          21988      1327887103       215785387      1327955326       419676475     68223.20400      1017.88200     67205.32200         2.21495         0.16556     
          21995      1327973988       520204587      1327984242       313240162     10253.79300       151.07800     10102.71500         0.42028         0.07208     
          22003      1327984537        94628462      1327991532       662203187      6995.56800       102.56600      6893.00200         0.27146         0.05788     
          22004      1327991776       870662487      1327999916       462908737      8139.59200       123.20800      8016.38400         0.35880         0.06663     
          22005      1327999971        58401862      1328059476       910540725     59505.85200       857.49700     58648.35500         2.11255         0.16108     
          22014      1328059688       885165537      1328231054       738470612    171365.85300      2512.32100    168853.53200         6.34780         0.27891     
          22115      1328253444       986199262      1328318013       758390987     64568.77200       954.09200     63614.68000         2.40432         0.17174     
          22124      1328318248       187604412      1328329020       592577400     10772.40500       156.25000     10616.15500         0.21978         0.05180     
          22125      1328329394       730224300      1328489201       164722737    159806.43400      2410.66400    157395.77000         5.14623         0.25082     
          22134      1328489483        45229362      1328494599       650569262      5116.60500        85.95600      5030.64900         0.14719         0.04249     
          22135      1328514846       339098537      1328664618       944710937    149772.60600      2232.41800    147540.18800         4.54919         0.23524     
          22148      1328664982       778541362      1328708283       691704737     43300.91300       644.85900     42656.05400         1.44635         0.13259     
          22152      1328708353       697995300      1328835279       592690825    126925.89500      1924.32200    125001.57300         4.42210         0.23179     
          22254      1328865245        54654050      1328922185       137712987     56940.08300       850.29400     56089.78900         1.92082         0.15282     
          22263      1328922503        30787762      1329094777       954088325    172274.92300      2597.95700    169676.96600         5.79637         0.26513     
          22272      1329095063       159418087      1329163354       419038612     68291.26000      1043.38400     67247.87600         2.27750         0.16611     
          22273      1329168345       140656962      1329177410       471966262      9065.33100       143.09900      8922.23200         0.36401         0.06646     
          22274      1329178035       191648037      1329267642       763742700     89607.57200      1349.09400     88258.47800         2.91258         0.18801     
          22284      1329267898       731779387      1329438763       591518875    170864.86000      2593.45500    168271.40500         5.66067         0.26195     
          22386      1329466432       342209375      1329520321       851868850     53889.51000       815.71900     53073.79100         1.74494         0.14541     
          22390      1329533655       444675925      1329583268       431590712     49612.98700       727.52300     48885.46400         1.84735         0.14935     
          22391      1329583324       449916450      1329594827       166843525     11502.71700       174.02000     11328.69700         0.37533         0.06741     
          22393      1329595017       670044325      1329699076       998894862    104059.32900      1612.89100    102446.43800         3.35549         0.20125     
          22402      1329699351       285545087      1329870780       594920875    171429.30900      2586.93900    168842.37000         5.65157         0.26097     
          22411      1329871354        42641400      1330044771       246025775    173417.20300      2644.65200    170772.55100         6.15342         0.27222     
          22513      1330073020       965774687      1330131086       313324262     58065.34800       853.78600     57211.56200         2.03011         0.15617     
          22522      1330131547        87451125      1330307892       733293425    176345.64600      2666.18900    173679.45700         5.85316         0.26551     
          22531      1330308669        61587750      1330477813       859770187    166567.36400      2520.84900    164046.51500         5.27232         0.25193     
          22539      1330478409       349886362      1330649404       108781062    170994.75900      2627.61300    168367.14600         5.36181         0.25389     
          22640      1330673600       386488275      1330736886       909573587     63286.52300       992.64700     62293.87600         2.27698         0.16563     
          22649      1330737200       468937637      1330910935       311961950    173734.84300      2666.52000    171068.32300         5.23922         0.25092     
          22658      1330911441       722219600      1331082883       231511250    171441.50900      2642.29600    168799.21300         5.57109         0.25864     
          22667      1331083168       454702312      1331245103       825972800    161935.37100      2526.19900    159409.17200         5.22631         0.25059     
          22764      1331279399       322504675      1331281646       344431600      2247.02200        30.78600      2216.23600         0.09539         0.03373     
          22765      1331286863       264111487      1331342096       949914637     55233.68600       841.05100     54392.63500         1.98958         0.15442     
          22774      1331342325       593556125      1331544865       676188162    202540.08300      3040.01200    199500.07100         6.25120         0.27335     
          22783      1331545173       459714500      1331545758       905427125       585.44600         7.61800       577.82800         0.03586         0.02070     
          22785      1331545958       522393287      1331688621       672619125    142663.15000      2192.61800    140470.53200         4.50870         0.23191     
          22795      1331689209       178283812      1331859260       572264600    170051.39400      2579.80000    167471.59400         5.30208         0.25135     
          22918      1331883031       709015675      1332118990       728091262    235959.01900      3577.33800    232381.68100         7.61153         0.30111     
          22933      1332120033       360843037      1332292230       221959012    168595.42500      2591.81300    166003.61200         5.71114         0.26068     
          22950      1332293390       324187775      1332311988        33427737     18597.70900       290.23400     18307.47500         0.73822         0.09376     
          22952      1332313967       890669600      1332375908       176437987     61940.28600       968.68900     60971.59700         2.08933         0.15749     
          22955      1332376597       342341487      1332380187       613111937      3590.27100        52.68300      3537.58800         0.11834         0.03742     
          22959      1332380330       411343325      1332383913       113977587      3582.70300        49.85800      3532.84500         0.14189         0.04096     
          22960      1332384129       360762375      1332388122       380244737      3993.01900        62.09600      3930.92300         0.11846         0.03746     
          22965      1332389317       384487450      1332392906       967528150      3589.58300        54.65300      3534.93000         0.08262         0.03123     
          22966      1332393073       392148275      1332400628       391570487      7554.99900       110.91300      7444.08600         0.16595         0.04435     
          22971      1332401517       944285887      1332413218       927825212     11700.98400       172.88300     11528.10100         0.43746         0.07192     
          22975      1332413657       470946562      1332417392       842865687      3735.37200        60.92400      3674.44800         0.09472         0.03349     
          22977      1332417671       534746737      1332418955       743286887      1284.20900        16.50800      1267.70100         0.01176         0.01176     
          22980      1332421931       145706212      1332424215       254842962      2284.10900        31.89200      2252.21700         0.04733         0.02367     
          22982      1332424555       401948612      1332427267          647237      2711.59900        41.79700      2669.80200         0.09493         0.03356     
          22984      1332427814       593997650      1332431626       364335825      3811.77000        59.97400      3751.79600         0.05899         0.02638     
          22986      1332431792       504994900      1332436449       210247737      4656.70500        76.84700      4579.85800         0.12917         0.03895     
          22988      1332436630       405054550      1332441138       783985787      4508.37900        62.67200      4445.70700         0.09394         0.03321     
          22990      1332441249       354353800      1332445786       897215575      4537.54300        73.76400      4463.77900         0.12969         0.03910     
          22992      1332445882       252221337      1332450426       448048937      4544.19600        71.26000      4472.93600         0.12960         0.03908     
          22994      1332450540       150946125      1332464119         9804975     13578.85900       205.79000     13373.06900         0.31915         0.06142     
          23096      1332495619       185278150      1332550529       193303825     54910.00800       890.02400     54019.98400         1.79611         0.14569     
          23103      1332552697        75535300      1332724171       807620450    171474.73200      2641.12200    168833.61000         5.48696         0.25418     
          23117      1332724730       410235862      1332809778       674414387     85048.26400      1381.80600     83666.45800         2.54644         0.17327     
          23127      1332811104       998407900      1332983499       254229750    171483.58700      2701.92400    168781.66300         5.85048         0.26244     
          23136      1332983762       390388012      1333068385       781304000     80571.66100      1270.75300     79300.90800         2.42600         0.16862     
          23238      1333096919       987465787      1333242705       277841237    140826.43000      2213.23500    138613.19500         4.52325         0.23023     
          23248      1333243477       126366075      1333414958       444364337    167885.16400      2587.35800    165297.80600         5.29198         0.24892     
          23258      1333416042       953347600      1333588497       248984437    172454.29600      2708.60100    169745.69500         5.46301         0.25280     
          23267      1333588821       639033050      1333673799       639778162     82274.14000      1253.80800     81020.33200         2.84349         0.18241     
          23367      1333701719       870363112      1333756812       594228625     55092.72400       832.58000     54260.14400         1.63734         0.13838     
          23486      1333879911       180996037      1333881254       531596237      1343.35100        22.65100      1320.70000         0.08246         0.03117     
          23492      1333881985       409524712      1333883671       540083225      1686.13100        26.92800      1659.20300         0.09319         0.03295     
          23494      1333883846       668501025      1333932663       209437300     47466.58200       730.64500     46735.93700         1.67047         0.13970     
          23505      1333938126       959713437      1334019593       605379112     81466.64600      1285.98000     80180.66600         2.27379         0.16325     
          23514      1334020627       535258375      1334192468       521480837    168240.81400      2707.76500    165533.04900         5.37824         0.25131     
          23523      1334193139       551984350      1334278681       122195125     85541.57000      1349.95800     84191.61200         2.69572         0.17775     
          23622      1334303712       698052075      1334387430        91672075     83717.39400      1315.67800     82401.71600         2.88826         0.18415     
          23629      1334394846       959689887      1334452038       739839300     57191.78000       918.59200     56273.18800         1.57417         0.13599     
          23638      1334452317       834721125      1334625771       904081562    173454.06900      2685.18800    170768.88100         5.35457         0.25048     
          23648      1334626599       687137325      1334797812       327735562    171212.64100      2681.00700    168531.63400         5.24899         0.24800     
          23657      1334798115       174663362      1334883194       250359300     85079.07600      1337.72900     83741.34700         2.84066         0.18223     
          23908      1334907132       688155225      1335057022       200877475    148526.51000      2344.09200    146182.41800         4.80664         0.23681     
          24006      1335057342       488327525      1335232194       257822225    174851.76900      2689.14700    172162.62200         5.63792         0.25681     
          24138      1335232520        54564400      1335340572       288048387    108052.23300      1654.00300    106398.23000         3.27401         0.19531     
          24337      1335341122       614382012      1335400211       842815587     59089.22800       915.48600     58173.74200         1.75704         0.14299     
          24338      1335400404       601043675      1335428047       716069050     27643.11500       420.86800     27222.24700         0.75587         0.09376     
          24340      1335428554       253968000      1335489454       122458225     58166.24200       863.36900     57302.87300         1.74334         0.14235     
          24450      1335518433       606484512      1335668854       213674012    150420.60700      2350.84400    148069.76300         4.60229         0.23157     
          24458      1335672312       430575000      1335838851       750672812    166539.32000      2594.36500    163944.95500         4.97663         0.24084     
          24472      1335839654         2727025      1335903143       543714525     63489.54100       976.05800     62513.48300         2.18752         0.15955     
          24481      1335911969       342856475      1336015950       980535212    103981.63800      1652.52600    102329.11200         3.31569         0.19641     
          24500      1336016852        44431050      1336092771       289116912     75919.24500      1198.16300     74721.08200         2.28571         0.16327     
          24596      1336123926       767889312      1336277931       598926937    154004.83100      2476.45600    151528.37500         5.10148         0.24404     
          24605      1336278303       344006412      1336335365       151776925     57061.80800       884.60100     56177.20700         1.75934         0.14318     
          24611      1336348445       371068925      1336697850       948226850    348014.86900      5385.93100    342628.93800        11.28846         0.36246     
          24714      1336725197       110239825      1336732581       155971087      7384.04600       106.81100      7277.23500         0.20929         0.04933     
          24717      1336732600        82058150      1336867816       564286462    135216.48200      2112.12000    133104.36200         4.29280         0.22318     
          24724      1336868271       820933675      1337040749       603549900    172477.78300      2722.69100    169755.09200         5.39208         0.25006     
          24733      1337041350       925812287      1337049422       244953525      8071.31900       134.31900      7937.00000         0.19630         0.04761     
          24736      1337050311       845588975      1337068177       925965337     17441.95000       282.36800     17159.58200         0.61634         0.08547     
          24737      1337068477       255459125      1337212502        98634475    144024.84300      2273.11800    141751.72500         4.35229         0.22476     
          24744      1337213333       313183412      1337300491       285779337     85755.03300      1288.96400     84466.06900         2.68636         0.17675     
          24846      1337326326       277631050      1337395526       944152525     66686.36900      1080.89700     65605.47200         2.37858         0.16778     
          24847      1337396252       900265962      1337476202       145407150     79949.24500      1236.72700     78712.51800         2.45792         0.16921     
          24854      1337476768       676594175      1337567793       857244537     91025.18100      1426.47400     89598.70700         3.17857         0.19238     
          24868      1337568207       174881587      1337734582       496131100    153615.34400      2386.06500    151229.27900         5.37457         0.25005     
          24881      1337734974       974732775      1337759520       593848787     24097.37000       374.28600     23723.08400         0.61093         0.08472     
          24882      1337760578       840819512      1337791693       913296162     31115.07200       489.87000     30625.20200         1.02136         0.10827     
          24883      1337799689        29702337      1337817203       639646487     16743.75800       282.58500     16461.17300         0.56671         0.08267     
          24884      1337819046       485343750      1337823686       154865637      4158.66600        71.87700      4086.78900         0.12957         0.04097     
          24885      1337824457       217091512      1337907414       793033762     80127.50700      1239.48400     78888.02300         2.37907         0.16536     
          24987      1337943188        17734537      1338170089       335904287    219540.84600      3377.26100    216163.58500         6.96346         0.28241     
          25002      1338171209       787907062      1338185853       346989862     14643.55900       224.79600     14418.76300         0.36569         0.06465     
          25004      1338195024       444999387      1338253170       837617575     58146.39300       881.12600     57265.26700         1.75127         0.14158     
          25106      1338357029       973811412      1338362285       880378312      5255.90700        82.10100      5173.80600         0.25157         0.05364     
          25109      1338365141       144945025      1338511971       723727937    144052.77800      2209.11900    141843.65900         4.46436         0.22607     
          25129      1338522381       316670037      1338775355       174919612    252973.85800      3913.17700    249060.68100         7.35781         0.28994     
          25138      1338775888       578301550      1338944452       529389025    167077.01600      2553.77600    164523.24000         4.97172         0.23838     
          25213      1338944868        54996325      1339117027       377503612    172159.32300      2710.44200    169448.88100         5.21444         0.24393     
          25809      1339755034       829091037      1339979773       996219862    224739.16700      3488.65600    221250.51100         6.92453         0.28037     
          25821      1339980548       205793625      1340151511       409917100    155057.75400      2424.36800    152633.38600         4.59366         0.22827     
          25831      1340152494       743361375      1340228615       966314950     73390.13300      1117.20500     72272.92800         2.00538         0.15074     
          25834      1340232031        16580250      1340326396       138570937     94365.12200      1468.19700     92896.92500         2.71576         0.17531     
          25934      1340353400       761423212      1340365102       693446912     11701.93200       188.66600     11513.26600         0.43019         0.06979     
          25944      1340378602       617898825      1340379911       668608887      1309.05100        21.92200      1287.12900         0.03414         0.01971     
          25945      1340379988       143565162      1340585246       680064137    205258.53600      3171.65400    202086.88200         6.18804         0.26507     
          25954      1340585658          154700      1340594590       367181187      8932.36700       139.85100      8792.51600         0.22708         0.05078     
          25957      1340630639       882076425      1340762346       890601575    107121.17000      1706.83200    105414.33800         3.28785         0.19307     
          25966      1340762678       494746550      1340930126       515289487    167448.02100      2629.26100    164818.76000         5.17875         0.24226     
          26081      1340965732       212406987      1341157790       419200125    190550.53800      2970.03200    187580.50600         5.62946         0.25252     
          26090      1341158126       140839637      1341361432       277307100    203306.13600      3193.04500    200113.09100         6.63019         0.27413     
          26097      1341361700       190083375      1341536128       689820575    174428.50000      2742.60300    171685.89700         5.85391         0.25771     
          26198      1341565015       311038337      1341792760         1061062    227744.69000      3541.73600    224202.95400         7.47011         0.29122     
          26214      1341793605       203981187      1341966777        23307887    173171.81900      2693.31700    170478.50200         5.11272         0.24075     
          26263      1341993590       600898637      1342140973       827104862    121229.52100      1897.68700    119331.83400         3.54998         0.20098     
          26370      1342168096       541795700      1342401669       604828112    233573.06300      3593.60700    229979.45600         7.41522         0.29063     
          26380      1342402008       574504312      1342573387       173252137    166891.44500      2594.89500    164296.55000         5.22260         0.24404     
          26389      1342573694       756637712      1342745779       969455762    163375.12500      2531.30300    160843.82200         5.24585         0.24459     
          26494      1342769434        29418337      1343005890        41658287    236456.01200      3753.99200    232702.02000         7.41300         0.29099     
          26501      1343007410       509056350      1343174888       346008987    160292.83700      2474.58200    157818.25500         4.65338         0.23066     
          26531      1343175188       813494050      1343350807       234388012    175618.42100      2704.05500    172914.36600         5.35989         0.24803     
          26694      1343377097       133158775      1343434377       513926687     57280.38100       887.19200     56393.18900         1.64029         0.13717     
          34527      1350643000       403347750      1350877938       742747625    232550.04300      3637.42200    228912.62100         3.44757         0.19806     
          34545      1350880586       514173150      1351053161       601214500    172575.08700      2679.98900    169895.09800         2.67951         0.17442     
          34556      1351054993       191826225      1351210720       749434937    155727.55800      2413.01300    153314.54500         2.35745         0.16346     
          34740      1351246421        55846725      1351442945       873147450    194095.35700      2957.75000    191137.60700         3.40269         0.19679     
          34753      1351443243       473747787      1351646565        77967875    203321.60400      3228.60800    200092.99600         3.03624         0.18547     
          34765      1351646928       144987012      1351818314       717400050    171386.57200      2715.83400    168670.73800         2.58421         0.17077     
          34937      1351848374       171492450      1352021599       797402637    173225.62600      2798.28500    170427.34100         2.73027         0.17551     
          34944      1352021930       985845200      1352075502       471212225     53571.48500       861.72800     52709.75700         0.77679         0.09352     
          34950      1352076821        36861625      1352093926       121723562     15878.77800       251.60700     15627.17100         0.33719         0.06156     
          34955      1352100399       370971325      1352129740       868770100     29341.49800       474.46100     28867.03700         0.48286         0.07364     
          34958      1352132949       198618050      1352159735        25559725     26785.82700       431.88900     26353.93800         0.45034         0.07121     
          34961      1352167413       335210237      1352169847       973505887      2434.63800        37.94800      2396.69000         0.06770         0.02764     
          34995      1352208405       538281400      1352422668       510590000    214262.97200      3479.96400    210783.00800         3.29322         0.19272     
          35172      1352454276       622430975      1352683208       910937100    228932.28900      4244.84800    224687.44100         3.99307         0.21223     
          35190      1352684732       394977625      1352767036         9215962     82303.61400      1724.55800     80579.05600         1.53490         0.13162     
          35191      1352767839       737237800      1352851979       426472462     84139.68900      1786.55000     82353.13900         1.42176         0.12666     
          35200      1352852983       777189062      1353027632       836253987    174649.05900      2964.77800    171684.28100         2.69778         0.17414     
          35372      1353057029       361392887      1353059316       721614437      2287.36000        32.94000      2254.42000         0.05581         0.02496     
          35373      1353060391       694163400      1353284406        23903712    224014.33000      4042.83100    219971.49900         3.59051         0.20103     
          35383      1353284636       346171837      1353457044       112366037    172407.76600      3125.74400    169282.02200         2.69283         0.17419     
          35400      1353457635       787165225      1353480975       598990475     23339.81200       372.18600     22967.62600         0.39328         0.06648     
          35412      1353481316       654364337      1353569278        45678162     87961.39100      1541.99500     86419.39600         1.32653         0.12212     
          35416      1353569337       314169262      1353577806       523707562      8469.21000       143.85200      8325.35800         0.08996         0.03181     
          35434      1353578202       118523900      1353603882       408926862     25680.29000       427.79600     25252.49400         0.49442         0.07454     
          35437      1353606172       198470137      1353631908       935590862     25736.73700       433.70400     25303.03300         0.33702         0.06153     
          35608      1353659697       812612850      1353889434       119210262    229736.30700      4245.44800    225490.85900         3.59096         0.20106     
          35618      1353889688       334190437      1354061613       143408725    171924.80900      2950.41800    168974.39100         2.64442         0.17251     
          35627      1354061848        94018875      1354236805       308339112    174957.21400      2801.02200    172156.19200         2.78488         0.17684     
          35795      1354263032       436310387      1354496712        66197887    233679.63000      3864.87500    229814.75500         3.48970         0.19789     
          35805      1354497121       854247200      1354673298       382454225    176176.52800      2849.31000    173327.21800         2.91657         0.18088     
          35811      1354673945       966407950      1354838094       642539175    164148.67600      2606.59500    161542.08100         2.48416         0.16673     
          35980      1354863584       492661887      1355103011       433822650    233388.60800      3709.82900    229678.77900         3.74347         0.20484     
          35995      1355103239       972276400      1355104465       268273025      1225.29600        22.12700      1203.16900         0.00000         0.00000     
          35998      1355104862       254840250      1355109870       969462112      5008.71500        79.06800      4929.64700         0.03379         0.01951     
          35999      1355110162       515395300      1355275413       381675225    164015.01100      2604.21700    161410.79400         2.55481         0.16920     
          36008      1355275640       758156812      1355448392       734132025    172751.97600      2805.33500    169946.64100         2.47126         0.16624     
          36207      1355482847       710700887      1355706720       667642712    223872.95700      3456.94200    220416.01500         3.25981         0.19044     
          36216      1355707125       748349462      1355879563       299579700    172437.55100      2674.24500    169763.30600         2.18264         0.15590     
          36225      1355879854       396484275      1356051203       185283500    171348.78900      2637.44300    168711.34600         2.45414         0.16546     
          36392      1356085366       494478912      1356312004       581854725    226638.08700      3496.00400    223142.08300         3.49883         0.19714     
          36403      1356312613       362687300      1356483972        49521537    171358.68700      2628.55400    168730.13300         2.54193         0.16835     
          36409      1356484261       926414275      1356656108       158903775    171846.23200      2629.55200    169216.68000         2.46513         0.16582     
          36575      1356680629        98438287      1356916152       705842037    235523.60700      3569.17800    231954.42900         3.23986         0.19025     
          36590      1356916432       725571850      1357071242       908803012     51301.34400       809.46700     50491.87700         0.89412         0.09997     
          36803      1357531052       328561350      1357534825       842787175      3773.51400        52.95100      3720.56300         0.05588         0.02499     
          36806      1357536507       724473175      1357693146        36887112    156638.31200      2405.65100    154232.66100         2.24173         0.15852     
          36815      1357693847       594056987      1357865485       565455137    171637.97100      2639.07200    168998.89900         2.52562         0.16800     
          36896      1357877971        33879937      1358124985       802637350    247014.76900      3730.29800    243284.47100         3.56075         0.19937     
          36906      1358125749       184902975      1358298267       438106287    172518.25300      2742.11100    169776.14200         2.51190         0.16746     
          36916      1358298999       946191225      1358385898       434856087     86898.48900      1308.63000     85589.85900         1.26327         0.11884     
          36919      1358386220       927294662      1358389199       542837725      2978.61600        51.98800      2926.62800         0.00000         0.00000     
          36931      1358390177       465643137      1358557472       406524025    167294.94100      2577.88100    164717.06000         2.26690         0.15911     
          36943      1358557939       315198387      1358637816       953476812     79877.63800      1218.94500     78658.69300         1.12599         0.11204     
          36958      1358676871       897669487      1358728370       966622950     51499.06900       902.16200     50596.90700         0.68175         0.08729     
          36965      1358732058       683978575      1358733461       279686850      1402.59600        24.21800      1378.37800         0.01107         0.01107     
          37045      1358745177       967700662      1358903178       891342962    158000.92400      2468.84700    155532.07700         2.27387         0.15920     
          37061      1358903938       539108100      1359075339       830888025    171401.29200      2699.26700    168702.02500         2.37377         0.16265     
          37144      1359088468       884852312      1359333112       383573562    244643.49900      4086.07200    240557.42700         3.18642         0.18875     
          37149      1359333268        25715800      1359508720        49273462    175452.02400      2864.69500    172587.32900         2.44450         0.16519     
          37160      1359509003       874371762      1359679774       646897325    170770.77300      2709.00900    168061.76400         2.36887         0.16270     
          37329      1359707415       612598537      1359849924       847568075    142509.23500      2262.63700    140246.59800         2.02823         0.15034     
          37341      1359862816       659322762      1360037660       795707237    174844.13600      2618.49700    172225.63900         2.35708         0.16189     
          37346      1360043646       977067087      1360112762       161144262     69115.18400      1054.57900     68060.60500         0.98174         0.10466     
          37355      1360113183       257733800      1360284610       671307212    171427.41400      2647.67700    168779.73700         2.14742         0.15458     
          37447      1360297084       290069262      1360491746       642500962    194662.35200      2972.82700    191689.52500         2.22592         0.15740     
          37448      1360491803       561565987      1360549852        38311850     58048.47700       881.60600     57166.87100         0.71393         0.08924     
          37457      1360550710       380525725      1360725185         4258700    174474.62400      2700.35300    171774.27100         2.40532         0.16366     
          37467      1360725878       755438625      1360889647       859268725    163769.10400      2479.65400    161289.45000         2.20410         0.15664     
          37547      1360901264       331187575      1361146534       955724450    245270.62500      3777.95700    241492.66800         3.36100         0.19341     
          37556      1361146751       327948750      1361319022        92197712    172270.76400      2730.45800    169540.30600         2.40767         0.16382     
          37565      1361319221       558954237      1361494229       647961350    173719.13000      2767.85600    170951.27400         2.49389         0.16663     
          37647      1361506065       878382000      1361932031       759891112    424675.96000      6549.24800    418126.71200         5.36811         0.24451     
          37656      1361932548       635208575      1362099077       856356625    166529.22100      2527.49800    164001.72300         2.10094         0.15282     
          37835      1362123377       465106500      1362362355       557532437    237695.34100      3689.99100    234005.35000         3.03731         0.18383     
          37849      1362365919       544577312      1362540207         9206862    168596.29000      2540.12000    166056.17000         2.31258         0.16035     
          37857      1362540471        32687037      1362703874       850213250    163403.81800      2507.29400    160896.52400         1.75731         0.13981     
          37935      1362717867       865138950      1362972063       517822287    254195.65300      3904.23900    250291.41400         2.79592         0.17648     
          37952      1362972249       689648337      1363134501       591420087    162251.90200      2479.98000    159771.92200         1.87665         0.14479     
          37961      1363134703       742071325      1363308800       291713637    174096.55000      2655.12700    171441.42300         2.09080         0.15290     
          38035      1363318907       877578262      1363564528       945918300    245621.06800      3802.03800    241819.03000         3.14553         0.18765     
          38055      1363610557       794907125      1363755940       966584050    145383.17200      2317.58400    143065.58800         1.83128         0.14300     
          38065      1363756168       332986162      1363913736       293356837    151658.21600      2495.87900    149162.33700         1.85088         0.14366     
          38146      1363923260       710248175      1364178571       497457225    251700.40000      4100.90100    247599.49900         2.88319         0.17915     
          38155      1364179740       275677437      1364181019       921263137      1279.64600        22.95300      1256.69300         0.02226         0.01574     
          38156      1364183974       774110275      1364257436       868161700     73462.09400      1188.25100     72273.84300         0.82297         0.09567     
          38161      1364267034       271083825      1364363788       267633037     90004.40500      1450.42900     88553.97600         1.19837         0.11531     
          38168      1364370066       270241100      1364518374       982910987    148308.71300      2260.67800    146048.03500         1.76076         0.13964     
          38338      1364543475        73538712      1364778058       227598350    234583.15400      3580.24700    231002.90700         2.41429         0.16352     
          38344      1364778500       423811150      1364956966       422012375    178465.99800      2720.90000    175745.09800         2.10567         0.15276     
          38356      1364957525       961117362      1365123546       690806487    166020.73000      2572.25700    163448.47300         2.07246         0.15156     
          38435      1365134565       354485212      1365295546       662923512    160981.30800      2438.76300    158542.54500         1.83870         0.14271     
          38450      1365298136       168225275      1365557739       533567512    259603.36500      3952.37000    255650.99500         2.83772         0.17736     
          38460      1365558756       723558712      1365727386       928902750    168630.20500      2559.53500    166070.67000         1.97567         0.14808     
          38541      1365741499        43472600      1365984224       407397887    242725.36400      3677.90000    239047.46400         2.65067         0.17146     
          38553      1365984801       237413250      1366157766       439813250    172965.20200      2692.78500    170272.41700         1.94019         0.14667     
          38563      1366160005       472413012      1366331710       813729525    171705.34100      2585.73800    169119.60300         1.99697         0.14885     
          38570      1366332067       332335175      1366413493       913845350     81426.58200      1249.70300     80176.87900         0.94197         0.10217     
          38584      1366424850       212694862      1366445063       301864025     20213.08900       314.13800     19898.95100         0.15582         0.04165     
          38590      1366450885       415435762      1366451968       224122087      1082.80900        15.47600      1067.33300         0.00000         0.00000     
          38592      1366451988       948228712      1366452379       479546325       390.53100         6.71400       383.81700         0.00000         0.00000     
          38598      1366452866       568220800      1366459168        35398325      6301.46700       108.44200      6193.02500         0.05548         0.02481     
          38601      1366461676       506585225      1366502459       884876587     40783.37800       627.84500     40155.53300         0.53217         0.07681     
          38684      1366548705        27877562      1366549909        43566750      1204.01600        15.74500      1188.27100         0.00000         0.00000     
          38697      1366555965       711716312      1366597562       884175375     41597.17200       615.79700     40981.37500         0.58699         0.08063     
          38708      1366597833       176738500      1366763296       895525450    165463.71900      2522.03000    162941.68900         1.82053         0.14216     
          38717      1366764232       761486875      1366937901       194837837    172685.82900      2626.15500    170059.67400         1.92950         0.14628     
          38878      1366966332       786499750      1367195697       992797662    224789.69200      3366.98800    221422.70400         2.31442         0.16009     
          38895      1367196225       109355775      1367368984       561838500    172759.45200      2597.14300    170162.30900         2.03783         0.15023     
          38904      1367369467       513841712      1367542222       343810412    172754.83000      2617.43400    170137.39600         1.68266         0.13648     
          38982      1367553123       729106787      1367699944       599061287    145508.37200      2223.35900    143285.01300         1.57261         0.13197     
          39063      1367715418       708798562      1367802737       705835662     87318.99700      1312.98100     86006.01600         0.83052         0.09590     
          39079      1367803071       672480925      1367975345       196862700    171290.72000      2620.83700    168669.88300         2.12499         0.15336     
          39088      1367975645        25376612      1368044960       736681112     69315.71100      1041.30900     68274.40200         0.81842         0.09514     
          39166      1368059894       484746287      1368147209       103937412     87314.61900      1316.42100     85998.19800         1.04042         0.10731     
          39180      1368152862       864122050      1368412542       453574450    259679.58900      3934.10100    255745.48800         3.04311         0.18351     
          39191      1368412837       835540450      1368577970       328854737    165132.49300      2487.55000    162644.94300         2.04608         0.15043     
          39200      1368579272       764395762      1368752422       467907412    173149.70400      2618.31900    170531.38500         1.69209         0.13680     
          39284      1368762849       343954187      1369011153       445311975    247002.85800      3721.67700    243281.18100         2.38153         0.16242     
          39292      1369011643        34605000      1369188985       337006787    177342.30200      2701.04500    174641.25700         2.05821         0.15092     
          39304      1369189261       427219125      1369357201       677248875    167940.25000      2560.87500    165379.37500         1.77197         0.14009     
          39468      1369381867       279680687      1369489810       168035262    107942.88800      1635.35600    106307.53200         1.36300         0.12290     
          39475      1369490410       333324225      1369625713       859668700    135303.52600      2045.85200    133257.67400         1.28525         0.11933     
          39485      1369626579       769418412      1369792783       885461937    166204.11600      2542.74600    163661.37000         1.96345         0.14758     
          39494      1369793011       975779550      1369928975       388053100    135963.41200      2085.73500    133877.67700         1.48808         0.12855     
          39500      1369929591       765971675      1369962812       440658462     33220.67500       522.50200     32698.17300         0.34454         0.06188     
          39569      1369973174       639774937      1370221413       841371900    246932.27600      3794.36400    243137.91200         2.89036         0.17925     
          39590      1370221695       478261887      1370396853       408593800    175157.93000      2660.09200    172497.83800         1.98912         0.14868     
          39600      1370397110       882349650      1370567220       629792625    147012.93300      2199.65900    144813.27400         1.57696         0.13234     
          39684      1370579263       168686925      1370822474        61111400    235813.41200      3640.82900    232172.58300         2.53936         0.16781     
          39692      1370823437       804251025      1370908457       797605037     83715.24300      1290.55500     82424.68800         0.89824         0.09981     
          39698      1370912636       284570162      1371003149       745117200     90513.46100      1362.31300     89151.14800         1.14161         0.11249     
          39704      1371003415       618927687      1371173547       406256150    163261.63000      2487.85100    160773.77900         1.66280         0.13577     
          39791      1371186358       825788475      1371345690       849202937    130295.35000      2033.82600    128261.52400         1.47309         0.12773     
          39792      1371348017       182116312      1371522843       434903175    155285.08800      2397.54500    152887.54300         1.62941         0.13439     
          39794      1371522884       880694037      1371602194       661893350     79309.78100      1187.48900     78122.29200         0.70875         0.08859     
          39803      1371602435       705836787      1371687059        77435950     84623.37200      1304.60200     83318.77000         0.96430         0.10338     
          39855      1371775603       137617212      1371776492       170361875       889.03300        15.52900       873.50400         0.01112         0.01112     
          40027      1371803567         9845762      1371841307       361364887     37740.35200       596.05600     37144.29600         0.45404         0.07091     
          40028      1371841881       444121425      1372036462       536689537    193597.82900      2940.44100    190657.38800         1.96782         0.14750     
          40037      1372038372       771554525      1372209234       463210950    169553.08900      2649.67800    166903.41100         1.70109         0.13708     
          40046      1372209512       903608025      1372380956       547779575    171443.64400      2608.95000    168834.69400         1.80137         0.14110     
          40127      1372395025       354290200      1372648994       454095662    251367.81800      3835.75300    247532.06500         2.96497         0.18112     
          40137      1372650160       850918250      1372814349        89889525    163201.61500      2516.70600    160684.90900         1.65911         0.13547     
          40146      1372815171       582438787      1372987127       551007487    169352.66100      2638.51300    166714.14800         1.89423         0.14486     
          40233      1372997451       424441575      1372998198       356849300       746.93200        14.10700       732.82500         0.00000         0.00000     
          40248      1372999947       783186112      1373246009       184373912    246061.40100      3796.82200    242264.57900         2.82075         0.17699     
          40257      1373247525       714179025      1373418533        99188175    168707.58800      2671.05600    166036.53200         1.33372         0.12175     
          40266      1373418741       855976362      1373508992       202585500     89252.74000      1381.35400     87871.38600         0.78889         0.09363     
          40267      1373509061        26744050      1373590873       711051062     80505.51000      1240.22400     79265.28600         0.87576         0.09853     
          40345      1373601346       298424162      1373850014       835085275    244762.47600      3747.71700    241014.75900         2.45831         0.16499     
          40357      1373850588       396696500      1374022877       760409862    171296.91300      2664.85500    168632.05800         1.84849         0.14304     
          40366      1374023288       586958012      1374194729       439707875    171440.85300      2598.85900    168841.99400         1.62450         0.13399     
          40535      1374219953       463343000      1374351785       271728425    130520.26500      2032.86400    128487.40100         1.34847         0.12209     
          40544      1374363038       590291575      1374456171       914310937     93133.32400      1476.33000     91656.99400         0.90782         0.10025     
          40553      1374457723       303007537      1374627695       229701200    169971.92700      2565.24100    167406.68600         1.98752         0.14814     
          40560      1374627949       970312862      1374800353       262607937    171095.21000      2630.22300    168464.98700         1.67985         0.13625     
          40646      1374812103        83523512      1374812822        69014825       718.98500        13.98600       704.99900         0.00000         0.00000     
          40647      1374814516       442132050      1374972695       867342862    150351.37800      2327.24500    148024.13300         1.50463         0.12902     
          40650      1374977677       600084400      1375059610       510516200     73730.68200      1138.55300     72592.12900         0.97111         0.10352     
          40660      1375060094       174838900      1375232415       820245550    169718.82800      2658.46200    167060.36600         1.82105         0.14177     
          40669      1375232735       440431150      1375404948       256426975    167409.55600      2648.34400    164761.21200         1.76995         0.13993     
          40750      1375418966       438814237      1375511893       638723675     91920.45700      1406.72100     90513.73600         0.85999         0.09737     
          40751      1375512952       690539200      1375660722       368404187    147769.67800      2257.27200    145512.40600         1.51246         0.12922     
          40754      1375660753       907031000      1375833654       726453200    171594.91800      2585.78200    169009.13600         2.00531         0.14865     
          40765      1375834160       531943787      1375931295       424167225     95829.57600      1477.97100     94351.60500         0.95838         0.10275     
          40766      1375933472       966290125      1375943011       677767125      9538.71100       148.08000      9390.63100         0.08844         0.03127     
          40776      1375949612       260274175      1375950436       282109712       824.02200        14.71500       809.30700         0.00000         0.00000     
          40785      1375952344        22464137      1375953788       349365412      1444.32700        18.57400      1425.75300         0.05491         0.02456     
          40788      1375955070        32453950      1375956674       285467125      1604.25300        26.19300      1578.06000         0.01101         0.01101     
          40797      1375957728       624806400      1375957939       283317625       210.65900         2.01000       208.64900         0.00000         0.00000     
          40798      1375958498       357084875      1376010127       293735000     49041.93600       763.49000     48278.44600         0.41904         0.06798     
          40894      1376210725       223842312      1376266005       144330600     55279.92000       848.48000     54431.44000         0.60661         0.08180     
          40903      1376266295       663604850      1376438259       272628787    170656.59300      2560.20300    168096.39000         1.76717         0.13971     
          40910      1376438507       595892925      1376461011        53800587     21195.94600       330.28300     20865.66300         0.17682         0.04421     
          40913      1376465249       270227562      1376614894       963233275    148339.94700      2241.26200    146098.68500         1.43502         0.12586     
          41084      1376702953       507964337      1376725568       919368350     22615.41100       347.61300     22267.79800         0.15461         0.04132     
          41085      1376725656       898216525      1376872552       236039812    146895.33800      2330.22700    144565.11100         1.53766         0.13042     
          41094      1376872896       125894350      1377044078       257690150    170179.92800      2602.31700    167577.61100         1.52695         0.12998     
          41103      1377044343       136530675      1377218074       867723137    172425.75200      2592.35200    169833.40000         1.71240         0.13754     
          41184      1377229457       805115250      1377477774       231282937    238625.85000      3583.20600    235042.64400         2.51841         0.16679     
          41193      1377478046       287386350      1377649221       855909362    169870.14800      2614.04700    167256.10100         1.97935         0.14794     
          41203      1377649486       392343450      1377824233       298033325    174746.90600      2607.66400    172139.24200         1.67925         0.13621     
          41286      1377835647       865999950      1378081141       485772062    245493.62000      3705.28600    241788.33400         2.30327         0.15970     
          41296      1378081351       703914812      1378338658       610643387    257306.90700      3940.42400    253366.48300         2.62079         0.17024     
          41306      1378338882       242030787      1378429005       804516637     88823.14200      1375.32900     87447.81300         0.91746         0.10071     
          41380      1378440677       432869712      1378684052       217673087    234915.19400      3567.91500    231347.27900         2.45543         0.16480     
          41390      1378684326       149985812      1378943457       207850112    256524.13100      4006.34800    252517.78300         2.87516         0.17831     
          41399      1378943704       416198962      1379032324         2372875     87312.71900      1317.79400     85994.92500         0.76352         0.09192     
          41561      1379058121       161235662      1379293473       177136925    234360.21800      3578.77200    230781.44600         2.78923         0.17571     
          41571      1379293683       487619275      1379465626       850907212    171943.36300      2620.61400    169322.74900         1.58995         0.13250     
          41580      1379466004       192932937      1379638713       821084812    170120.38800      2595.96900    167524.41900         1.74263         0.13864     
          41658      1379651778       723301075      1379654252        22512962      2473.29900        32.59900      2440.70000         0.02196         0.01553     
          41670      1379661744       421872687      1379897979       598749787    235246.72400      3548.73700    231697.98700         2.69251         0.17237     
          41679      1379898234       690110887      1380101785       736006662    200947.00200      3022.12700    197924.87500         1.95238         0.14675     
          41689      1380102050       256487350      1380243267       920181587    139903.90700      2083.22200    137820.68500         1.26717         0.11816     
          41770      1380253002       650575525      1380503310       714991312    249000.95800      3724.66700    245276.29100         2.55530         0.16813     
          41779      1380504032       384682612      1380675603       951215962    170588.13300      2581.28100    168006.85200         1.66283         0.13577     
          41788      1380675949       638358237      1380848339       379543537    171073.89800      2549.20600    168524.69200         1.31972         0.12098     
          41869      1380859085       829902887      1381108433       399567637    249347.57000      3780.87900    245566.69100         2.47947         0.16604     
          41880      1381109079       815049375      1381280525       316976362    169151.32100      2544.70200    166606.61900         1.75700         0.13978     
          41890      1381281621       193576575      1381453025       787306425    171404.59400      2480.55700    168924.03700         1.54339         0.13091     
          42054      1381477512       610941900      1381713444       173319462    235931.56200      3540.11700    232391.44500         2.42401         0.16418     
          42064      1381713699       489726187      1381886042       341112750    171025.53100      2573.43300    168452.09800         1.89839         0.14517     
          42073      1381886243       237000025      1381989268       761252325    103025.52400      1528.81600    101496.70800         1.02118         0.10647     
          42085      1382005037       334553700      1382056345       681751325     44236.82200       674.04700     43562.77500         0.48856         0.07365     
          42167      1382070045       343810112      1382128706       684237312     58661.34000       900.72600     57760.61400         0.51031         0.07524     
          42176      1382135016       457063800      1382279561       905600737    141915.03900      2124.87700    139790.16200         1.53144         0.13037     
          42177      1382279758       310540625      1382319056       512358550     37989.65800       561.33400     37428.32400         0.34394         0.06177     
          42189      1382329273       583718000      1382403283       881743037     74010.29800      1041.34300     72968.95500         0.74431         0.09093     
          42261      1382408291       961907200      1382491024       313064850     81421.63200      1187.24500     80234.38700         0.58799         0.08077     
          42270      1382491339       133858512      1382664297       763359712    172958.63000      2556.31600    170402.31400         1.59795         0.13316     
          42348      1382674234       280910112      1382946411       968505250    270867.90900      4090.84300    266777.06600         2.88427         0.17888     
          42361      1382946872       670961912      1383012057       248787987     62529.71400       930.66000     61599.05400         0.70946         0.08868     
          42362      1383012214       938953900      1383096143       806909850     83928.86800      1229.61500     82699.25300         0.75413         0.09145     
          42371      1383096647       813545200      1383267981       404275850    170358.21800      2510.61100    167847.60700         1.63113         0.13453     
          42449      1383278857        64313175      1383527930       629713325    246443.07800      3688.49500    242754.58300         2.61264         0.17043     
          42463      1383528646       418235337      1383700429       908670525    170808.25300      2509.41600    168298.83700         1.69696         0.13719     
          42472      1383700677       265252487      1383756898       179970387     56220.91500       838.82600     55382.08900         0.58743         0.08069     
          42481      1383784495       671988175      1383872135        69405637     86320.57500      1277.71700     85042.85800         0.91214         0.10073     
          42649      1383905259       456334262      1384028349       506719312    119152.07400      1788.75100    117363.32300         0.87700         0.09867     
          42658      1384034470       688394900      1384134187       777539787     98734.86300      1449.12400     97285.73900         0.98806         0.10473     
          42667      1384134421       748563275      1384302267       889678850    166534.47500      2503.29700    164031.17800         1.64505         0.13522     
          42676      1384303619       413993675      1384476939       310315325    173319.89600      2567.00800    170752.88800         1.67268         0.13657     
          42758      1384489018       761912462      1384547155       432444200     58136.67100       852.02400     57284.64700         0.50143         0.07475     
          42759      1384557631       784524025      1384650546       818702162     92915.03400      1414.86000     91500.17400         0.72492         0.08992     
          42844      1384656858       770886662      1384736320       809159462     79462.03800      1170.86700     78291.17100         0.79067         0.09384     
          42853      1384736736       638536050      1384748434       989575662     11698.35100       178.28600     11520.06500         0.10006         0.03336     
          42857      1384753528       854596475      1384820552       458365625     67023.60400      1011.76100     66011.84300         0.70121         0.08835     
          42929      1384826981       603118800      1384909189       579338537     82207.97600      1231.36300     80976.61300         0.84415         0.09683     
          42938      1384909486         5180187      1385081873        83199362    167810.80900      2456.07000    165354.73900         1.62037         0.13410     
          43019      1385094513       242207375      1385345586       370601950    248451.29600      3710.72600    244740.57000         2.60013         0.16998     
          43022      1385345707       194404087      1385345845       928652000       138.73400         2.31600       136.41800         0.00000         0.00000     
          43029      1385346293       830142937      1385517958       993057800    166751.50000      2460.13300    164291.36700         1.61042         0.13374     
