         0   924.947   943.378   679.277   673.049    96.619    96.798    95.868    95.889
         1   924.728   943.155   678.952   672.727    96.580    96.760    95.830    95.850
         2   924.873   943.307   678.737   672.515    96.563    96.742    95.812    95.833
         3   924.437   942.860   678.762   672.537    96.548    96.727    95.797    95.818
         4   924.148   942.565   678.700   672.474    96.531    96.710    95.780    95.801
         5   923.811   942.223   678.276   672.057    96.479    96.658    95.730    95.750
         6   923.844   942.257   678.162   671.942    96.467    96.646    95.717    95.738
         7   923.220   941.621   677.693   671.476    96.396    96.575    95.647    95.668
         8   922.968   941.364   677.619   671.403    96.382    96.561    95.633    95.654
         9   922.529   940.916   677.322   671.109    96.341    96.520    95.593    95.613
        10   922.977   941.370   678.005   671.784    96.422    96.601    95.673    95.694
        11   922.833   941.222   677.638   671.422    96.386    96.565    95.637    95.657
        12   921.814   940.192   674.646   668.436    95.992    96.171    95.245    95.267
        13   921.348   939.706   676.732   670.523    96.249    96.428    95.501    95.521
        14   921.046   939.397   676.667   670.458    96.231    96.409    95.483    95.503
        15   921.008   939.351   677.500   671.271    96.301    96.480    95.552    95.573
        16   919.746   938.054   678.267   672.018    96.333    96.511    95.584    95.604
        17   937.567   955.940   723.692   716.511   101.016   101.203   100.226   100.247
        18   947.053   965.477   746.418   738.767   103.366   103.558   102.556   102.577
        19   959.571   978.021   781.149   772.784   106.912   107.110   106.070   106.092
        20   981.864  1000.340   844.531   834.858   113.363   113.572   112.464   112.486
        21   984.498  1002.990   851.105   841.303   114.047   114.257   113.142   113.165
        22   999.354  1017.870   893.066   882.397   118.316   118.534   117.373   117.397
        23  1001.220  1019.730   899.296   888.498   118.940   119.159   117.991   118.015
        24   993.920  1012.420   854.094   843.519   114.098   114.319   113.188   113.221
        25   993.528  1012.020   854.111   843.535   114.085   114.306   113.176   113.209
        26   993.143  1011.640   848.513   837.898   113.301   113.524   112.397   112.433
        27   977.082   995.550   785.585   776.017   107.014   107.231   106.163   106.204
        28   924.292   942.670   591.711   585.966    88.720    88.913    88.028    88.075
        29   912.649   931.001   553.685   548.482    84.485    84.674    83.828    83.878
        30   911.873   930.207   553.215   548.013    84.412    84.602    83.756    83.807
        31   911.146   929.462   553.389   548.188    84.420    84.609    83.763    83.813
        32   911.006   929.320   553.314   548.114    84.410    84.600    83.754    83.804
        33   911.552   929.877   554.069   548.867    84.505    84.694    83.848    83.897
        34   936.018   954.373   663.327   657.178    96.751    96.941    95.995    96.026
        35   936.656   955.007   667.532   661.353    97.248    97.438    96.488    96.518
        36   936.558   954.907   667.528   661.347    97.243    97.433    96.483    96.513
        37   936.246   954.589   667.125   660.949    97.193    97.383    96.433    96.463
        38   936.079   954.424   665.471   659.304    97.021    97.211    96.263    96.293
        39   927.943   946.159   655.763   649.627    95.665    95.854    94.917    94.948
        40   936.253   954.601   666.555   660.391    97.143    97.333    96.384    96.415
        41   935.869   954.208   666.370   660.205    97.108    97.298    96.350    96.380
        42   935.928   954.269   666.262   660.095    97.094    97.284    96.335    96.365
        43   935.322   953.653   665.736   659.576    97.026    97.216    96.268    96.298
        44   934.914   953.235   665.573   659.415    96.997    97.187    96.239    96.269
        45   934.444   952.757   665.182   659.026    96.939    97.129    96.182    96.212
        46   934.356   952.666   665.258   659.102    96.946    97.135    96.188    96.218
        47   933.812   952.112   665.220   659.063    96.923    97.113    96.166    96.196
        48   944.825   963.151   704.425   697.477   100.584   100.779    99.795    99.824
        49   954.135   972.462   741.179   733.491   103.986   104.185   103.167   103.195
        50   962.353   980.695   771.568   763.266   106.814   107.017   105.970   105.998
        51   982.873  1001.240   849.744   839.867   114.071   114.284   113.164   113.189
        52   983.282  1001.640   853.051   843.110   114.368   114.580   113.458   113.483
        53   991.501  1009.860   884.214   873.647   117.265   117.482   116.331   116.355
        54   998.984  1017.350   912.551   901.413   119.898   120.118   118.941   118.964
        55  1000.070  1018.460   914.206   903.034   120.068   120.288   119.109   119.132
        56   999.830  1018.220   913.243   902.087   119.969   120.190   119.011   119.035
        57   986.047  1004.080   912.499   901.341   119.502   119.720   118.548   118.569
        58   999.381  1017.760   913.469   902.300   119.960   120.180   119.002   119.025
        59   999.701  1018.090   913.562   902.393   119.984   120.205   119.026   119.049
        60   999.768  1018.160   913.793   902.623   120.012   120.233   119.054   119.077
        61   995.381  1013.760   901.023   890.084   118.686   118.905   117.739   117.763
        62   998.057  1016.430   910.500   899.390   119.652   119.872   118.697   118.720
        63   998.420  1016.790   911.723   900.583   119.770   119.990   118.814   118.837
        64   997.820  1016.170   911.615   900.473   119.741   119.961   118.785   118.808
        65   997.531  1015.880   911.730   900.584   119.742   119.962   118.786   118.809
        66   997.298  1015.640   911.436   900.290   119.702   119.922   118.746   118.770
        67   997.201  1015.540   911.150   900.007   119.669   119.889   118.713   118.736
        68   995.088  1013.410   905.881   894.844   119.127   119.346   118.176   118.199
        69   997.500  1015.850   910.653   899.519   119.637   119.857   118.681   118.705
        70   997.079  1015.420   909.951   898.830   119.557   119.777   118.603   118.626
        71   997.033  1015.380   909.813   898.693   119.544   119.764   118.590   118.613
        72   996.684  1015.020   909.428   898.315   119.495   119.714   118.540   118.564
        73   996.915  1015.260   909.607   898.489   119.519   119.739   118.565   118.588
        74   996.223  1014.550   909.251   898.137   119.462   119.681   118.508   118.531
        75   995.715  1014.040   908.327   897.227   119.361   119.580   118.407   118.431
        76   994.776  1013.080   906.885   895.814   119.207   119.426   118.255   118.278
        77   994.921  1013.230   907.054   895.980   119.226   119.446   118.274   118.298
        78   994.622  1012.930   906.662   895.593   119.178   119.398   118.227   118.250
        79   994.695  1013.000   907.355   896.268   119.236   119.455   118.284   118.307
        80   994.367  1012.670   906.585   895.505   119.146   119.366   118.195   118.218
        81   993.927  1012.210   907.278   896.189   119.200   119.420   118.248   118.272
        82   992.813  1011.080   906.295   895.220   119.073   119.292   118.122   118.145
        83   993.904  1012.190   906.879   895.793   119.157   119.377   118.206   118.229
        84   993.894  1012.180   906.571   895.490   119.129   119.348   118.177   118.201
        85   994.059  1012.350   906.334   895.255   119.109   119.329   118.158   118.182
        86   993.883  1012.170   905.779   894.704   119.043   119.262   118.092   118.116
        87   993.838  1012.130   906.004   894.934   119.074   119.294   118.124   118.147
        88   993.606  1011.890   906.128   895.057   119.080   119.299   118.129   118.152
        89   993.047  1011.330   904.605   893.560   118.921   119.140   117.972   117.995
        90   992.842  1011.110   905.930   894.857   119.030   119.249   118.080   118.103
        91   992.661  1010.930   905.378   894.315   118.975   119.194   118.025   118.048
        92   992.627  1010.900   905.250   894.186   118.956   119.175   118.007   118.030
        93   992.447  1010.720   904.320   893.272   118.867   119.086   117.918   117.941
        94   992.399  1010.670   904.339   893.290   118.868   119.087   117.919   117.943
        95   991.555  1009.800   903.987   892.941   118.808   119.027   117.860   117.883
        96   989.191  1007.420   897.578   886.658   118.189   118.407   117.245   117.269
        97   989.912  1008.120   903.169   892.136   118.684   118.902   117.736   117.760
        98   989.857  1008.070   903.246   892.213   118.696   118.914   117.748   117.771
        99   991.562  1009.820   902.855   891.827   118.702   118.920   117.754   117.777
       100   991.478  1009.740   902.829   891.799   118.691   118.909   117.743   117.766
       101   982.333  1000.580   867.842   857.330   114.970   115.186   114.053   114.080
       102   960.028   978.239   785.830   776.519   106.192   106.402   105.349   105.384
       103   990.616  1008.880   899.607   888.643   118.373   118.592   117.428   117.452
       104   991.173  1009.430   901.237   890.241   118.545   118.763   117.598   117.622
       105   990.794  1009.040   901.828   890.831   118.599   118.817   117.652   117.675
       106   600.172   608.167   870.850   860.017   104.480   104.617   103.633   103.599
       107   600.506   608.501   872.017   861.160   104.596   104.733   103.748   103.714
       108   590.223   598.206   833.392   823.149   100.661   100.795    99.847    99.816
       109   599.999   607.996   870.236   859.424   104.433   104.570   103.587   103.553
       110   601.684   609.692   874.105   863.218   104.831   104.969   103.982   103.948
       111   601.907   609.920   874.028   863.140   104.826   104.964   103.976   103.942
       112   601.274   609.275   873.925   863.040   104.798   104.935   103.948   103.914
       113   600.688   608.679   873.501   862.618   104.734   104.871   103.885   103.851
       114   600.398   608.386   872.465   861.584   104.599   104.736   103.751   103.717
       115   600.446   608.435   873.133   862.260   104.696   104.833   103.847   103.813
       116   599.942   607.922   872.676   861.809   104.636   104.774   103.788   103.754
       117   599.372   607.344   872.079   861.221   104.563   104.700   103.716   103.682
       118   599.869   607.851   872.043   861.187   104.576   104.713   103.728   103.695
       119   600.231   608.220   871.988   861.132   104.581   104.719   103.734   103.700
       120   600.156   608.144   872.188   861.335   104.608   104.745   103.760   103.726
       121   599.693   607.672   871.868   861.012   104.553   104.691   103.706   103.672
       122   593.951   601.821   870.528   859.687   104.248   104.383   103.403   103.368
       123   599.166   607.141   870.673   859.840   104.428   104.565   103.582   103.548
       124   599.507   607.486   871.264   860.423   104.493   104.630   103.646   103.612
       125   599.056   607.029   870.620   859.785   104.414   104.551   103.568   103.534
       126   598.897   606.868   870.500   859.667   104.397   104.534   103.551   103.517
       127   590.462   598.421   842.623   832.351   101.687   101.820   100.864   100.831
       128   571.718   579.643   778.479   769.315    95.108    95.233    94.341    94.311
       129   568.063   575.983   756.922   747.757    92.260    92.388    91.516    91.493
       130   598.127   606.095   868.321   857.532   104.183   104.320   103.339   103.305
       131   598.329   606.295   869.656   858.851   104.322   104.459   103.477   103.443
       132   598.413   606.375   870.898   860.079   104.452   104.588   103.605   103.571
       133   598.236   606.194   870.649   859.825   104.412   104.549   103.566   103.532
       134   597.999   605.953   870.382   859.562   104.378   104.514   103.532   103.498
       135   597.825   605.775   870.443   859.622   104.381   104.518   103.535   103.501
       136   597.605   605.555   869.764   858.953   104.314   104.450   103.468   103.434
       137   589.272   597.211   818.605   808.033    98.798    98.937    97.997    97.974
       138   565.271   573.204   663.595   653.763    82.176    82.322    81.506    81.518
       139   565.140   573.073   662.997   653.176    82.118    82.265    81.450    81.461
       140   564.210   572.126   662.712   652.895    82.061    82.208    81.393    81.405
       141   564.229   572.148   662.093   652.282    81.997    82.144    81.329    81.341
       142   564.365   572.288   661.949   652.146    81.999    82.145    81.331    81.343
       143   564.605   572.533   661.881   652.082    82.006    82.153    81.338    81.350
       144   564.406   572.333   661.237   651.445    81.931    82.078    81.264    81.276
       145   561.541   569.410   661.649   651.850    81.885    82.031    81.218    81.229
       146   564.086   572.005   661.761   651.959    81.966    82.113    81.299    81.310
       147   563.871   571.786   661.623   651.823    81.944    82.091    81.277    81.288
       148   563.861   571.777   661.472   651.675    81.930    82.076    81.263    81.275
       149   563.733   571.648   661.139   651.347    81.894    82.041    81.228    81.239
       150   562.609   570.505   660.384   650.604    81.786    81.932    81.120    81.132
       151   562.673   570.573   659.978   650.207    81.753    81.899    81.087    81.099
       152   563.122   571.035   659.306   649.546    81.700    81.846    81.034    81.046
       153   564.454   572.382   661.165   651.369    81.913    82.059    81.246    81.257
       154   563.813   571.729   661.154   651.358    81.890    82.036    81.223    81.235
       155   563.230   571.135   660.896   651.105    81.852    81.999    81.186    81.197
       156   563.252   571.160   660.415   650.630    81.804    81.951    81.138    81.150
       157   563.066   570.970   660.476   650.685    81.794    81.940    81.127    81.139
       158   562.419   570.313   659.897   650.124    81.737    81.883    81.071    81.083
       159   562.668   570.567   659.889   650.113    81.740    81.886    81.074    81.086
       160   563.214   571.132   659.428   649.664    81.716    81.862    81.050    81.062
       161   646.417   656.528   665.393   655.602    84.660    84.824    83.974    83.998
       162   695.514   706.919   667.985   658.194    86.311    86.485    85.613    85.645
       163   761.971   775.126   672.769   662.954    88.660    88.847    87.945    87.987
       164   881.922   898.228   682.908   673.031    93.050    93.262    92.304    92.363
       165   891.662   908.215   683.973   674.081    93.421    93.635    92.672    92.732
       166   976.662   995.453   689.777   679.867    96.407    96.639    95.638    95.710
       167   986.175  1005.230   689.471   679.582    96.662    96.896    95.891    95.965
       168   987.092  1006.170   689.657   679.762    96.695    96.929    95.923    95.998
       169   986.778  1005.850   689.591   679.696    96.678    96.912    95.907    95.981
       170   989.643  1008.790   690.062   680.156    96.791    97.026    96.019    96.094
       171   989.112  1008.240   690.357   680.444    96.801    97.035    96.029    96.103
       172   989.860  1009.010   689.651   679.753    96.766    97.000    95.994    96.068
       173   989.358  1008.500   689.735   679.834    96.758    96.993    95.987    96.061
       174   990.331  1009.490   690.103   680.197    96.825    97.060    96.052    96.127
       175   984.518  1003.680   668.047   658.526    94.591    94.823    93.838    93.913
       176   965.853   984.969   606.306   597.857    88.244    88.469    87.545    87.624
       177   965.513   984.588   611.208   602.662    88.676    88.901    87.973    88.052
       178   964.292   983.344   611.423   602.869    88.651    88.876    87.948    88.027
       179   966.447   985.547   610.493   601.953    88.624    88.849    87.921    88.000
       180   965.887   984.971   611.223   602.673    88.681    88.906    87.978    88.057
       181   964.185   983.237   609.834   601.309    88.505    88.731    87.804    87.883
       182   964.182   983.233   609.928   601.398    88.508    88.733    87.806    87.885
       183   961.955   980.950   609.496   600.974    88.407    88.632    87.707    87.785
       184   962.357   981.398   604.690   596.243    87.947    88.171    87.250    87.329
       185   960.301   979.349   595.131   586.826    86.946    87.170    86.257    86.337
       186   973.030   992.121   636.040   627.051    91.206    91.435    90.481    90.559
       187   980.122   999.043   686.270   676.410    96.146    96.379    95.379    95.453
       188   986.371  1005.460   686.710   676.851    96.370    96.603    95.601    95.676
       189   984.197  1003.240   685.404   675.574    96.200    96.433    95.433    95.507
       190   985.705  1004.780   686.381   676.534    96.333    96.567    95.565    95.639
       191   983.594  1002.630   685.048   675.224    96.146    96.379    95.379    95.453
       192   983.809  1002.850   685.010   675.184    96.144    96.377    95.377    95.451
       193   976.741   995.592   684.449   674.625    95.888    96.120    95.123    95.197
       194   981.227  1000.200   684.879   675.053    96.057    96.289    95.291    95.364
       195   984.242  1003.280   685.817   675.967    96.215    96.449    95.448    95.522
       196   979.267   998.178   685.037   675.193    95.993    96.226    95.228    95.301
       197   978.039   996.921   685.121   675.274    95.965    96.197    95.199    95.273
       198   970.882   989.576   684.563   674.718    95.703    95.934    94.939    95.012
       199   966.032   984.604   684.349   674.503    95.543    95.772    94.780    94.851
       200   968.182   986.806   684.395   674.548    95.605    95.835    94.842    94.914
       201   963.234   981.738   683.034   673.206    95.333    95.562    94.572    94.643
       202   978.556   997.462   684.731   674.894    95.943    96.175    95.177    95.251
       203   980.916   999.881   685.089   675.254    96.047    96.280    95.281    95.355
       204   979.828   998.766   686.228   676.394    96.134    96.366    95.367    95.440
       205   981.807  1000.740   700.197   690.295    97.629    97.861    96.850    96.920
       206   988.832  1007.760   745.415   735.305   102.491   102.720   101.674   101.734
       207   990.927  1009.870   755.606   745.442   103.592   103.821   102.766   102.823
       208   985.139  1003.660   821.293   810.823   110.206   110.428   109.327   109.368
       209   990.986  1009.560   845.750   835.153   112.876   113.098   111.976   112.011
       210  1007.400  1026.350   860.352   849.688   114.842   115.066   113.927   113.961
       211  1012.400  1031.360   890.071   879.266   118.040   118.263   117.099   117.127
       212  1000.800  1019.730   857.561   847.494   114.893   115.109   113.980   114.007
       213   962.389   980.972   751.306   742.736   103.771   103.977   102.951   102.986
       214   972.147   990.783   778.816   769.724   106.513   106.723   105.669   105.704
       215   981.941  1000.760   798.052   788.876   108.771   108.982   107.910   107.941
       216   978.662   997.312   818.701   809.443   110.819   111.027   109.941   109.967
       217   986.811  1005.660   821.380   812.106   111.327   111.536   110.445   110.471
       218   985.779  1004.610   821.328   812.035   111.256   111.466   110.375   110.401
       219  1003.480  1022.250   887.456   876.728   117.495   117.715   116.559   116.585
       220  1001.100  1019.960   852.480   841.764   112.945   113.169   112.042   112.081
       221   981.808  1000.690   732.444   721.891    97.442    97.678    96.658    96.733
       222   983.010  1001.900   734.703   724.105    97.675    97.912    96.889    96.964
       223   982.881  1001.770   735.015   724.404    97.693    97.930    96.907    96.982
       224   982.742  1001.620   735.572   724.954    97.743    97.980    96.956    97.032
       225   982.918  1001.800   735.744   725.123    97.766    98.003    96.979    97.054
       226   983.059  1001.950   735.356   724.741    97.734    97.971    96.947    97.022
       227   982.719  1001.600   734.673   724.064    97.656    97.892    96.869    96.945
       228   982.429  1001.310   734.654   724.046    97.647    97.884    96.861    96.936
       229   980.921   999.767   733.989   723.391    97.540    97.776    96.754    96.829
       230   980.434   999.267   733.975   723.378    97.525    97.761    96.739    96.814
       231   981.101   999.950   733.947   723.348    97.541    97.778    96.756    96.831
       232   978.414   997.210   733.830   723.230    97.444    97.680    96.659    96.734
       233   980.540   999.377   733.986   723.382    97.522    97.759    96.737    96.812
       234   980.953   999.802   733.460   722.866    97.487    97.724    96.702    96.778
       235   980.576   999.419   732.893   722.307    97.423    97.659    96.639    96.714
       236   969.949   988.747   696.052   686.007    93.676    93.909    92.923    93.001
       237   949.856   968.627   617.045   608.161    85.697    85.924    85.011    85.097
       238   948.971   967.733   614.769   605.918    85.458    85.685    84.775    84.860
       239   949.498   968.273   614.846   605.990    85.477    85.704    84.794    84.879
       240   978.095   996.920   724.107   713.611    96.496    96.732    95.719    95.796
       241   978.837   997.652   730.414   719.869    97.150    97.386    96.368    96.443
       242   978.007   996.800   730.575   720.031    97.145    97.381    96.363    96.438
       243   978.997   997.819   730.335   719.799    97.150    97.386    96.368    96.443
       244   978.566   997.368   731.580   721.015    97.243    97.479    96.460    96.535
       245   978.236   997.028   731.408   720.847    97.221    97.457    96.439    96.514
       246   977.107   995.880   730.653   720.105    97.116    97.352    96.334    96.409
       247   976.791   995.558   730.638   720.089    97.105    97.340    96.323    96.398
       248   976.735   995.503   730.057   719.513    97.046    97.282    96.265    96.340
       249   976.901   995.671   730.378   719.830    97.081    97.316    96.299    96.374
       250   977.115   995.890   730.155   719.610    97.066    97.302    96.284    96.360
       251   977.504   996.281   731.221   720.655    97.174    97.409    96.391    96.466
       252   977.248   996.018   731.129   720.564    97.157    97.393    96.375    96.450
       253   977.139   995.906   731.071   720.505    97.149    97.385    96.367    96.442
       254   976.889   995.655   730.518   719.962    97.092    97.327    96.310    96.385
       255   975.494   994.226   730.420   719.870    97.054    97.289    96.273    96.347
       256   978.577   997.327   744.854   734.287    98.941    99.175    98.145    98.216
       257   984.892  1003.630   784.428   773.799   104.037   104.267   103.202   103.261
       258   987.148  1005.910   793.264   782.629   105.213   105.442   104.369   104.425
       259   996.036  1014.800   846.447   835.739   112.087   112.311   111.191   111.231
       260   998.126  1016.880   860.890   850.170   113.960   114.183   113.050   113.085
       261  1003.770  1022.520   896.059   885.297   118.517   118.736   117.573   117.597
       262  1005.120  1023.870   903.600   892.833   119.507   119.725   118.555   118.576
       263  1004.240  1022.970   902.994   892.236   119.423   119.641   118.472   118.493
       264  1003.820  1022.550   899.058   888.312   118.985   119.203   118.037   118.059
       265  1000.800  1019.490   892.315   881.565   117.987   118.206   117.047   117.071
       266   997.449  1016.150   869.653   858.929   115.064   115.286   114.146   114.178
       267   996.924  1015.620   868.864   858.151   114.971   115.192   114.054   114.086
       268   999.444  1018.150   882.442   871.715   116.739   116.959   115.808   115.836
       269  1002.750  1021.450   901.238   890.495   119.189   119.407   118.239   118.261
       270  1002.440  1021.130   902.006   891.255   119.258   119.476   118.308   118.330
       271  1002.210  1020.910   900.722   889.993   119.138   119.356   118.189   118.210
       272  1001.750  1020.440   897.994   887.250   118.747   118.965   117.801   117.824
       273   973.201   991.872   732.866   722.349    97.385    97.619    96.601    96.674
       274   977.462   996.138   757.555   747.017   100.602   100.834    99.794    99.859
       275  1000.900  1019.590   896.417   885.686   118.551   118.769   117.606   117.629
       276  1001.950  1020.640   900.622   889.875   119.096   119.314   118.147   118.169
       277  1001.100  1019.770   900.755   890.005   119.078   119.296   118.129   118.151
       278  1001.080  1019.740   900.471   889.725   119.050   119.268   118.101   118.123
       279   997.920  1016.580   888.687   878.169   117.940   118.156   117.000   117.023
       280   983.665  1002.310   831.279   821.595   112.025   112.237   111.135   111.163
       281   961.720   980.322   737.080   728.289   101.571   101.781   100.766   100.809
       282   964.588   983.207   746.312   737.356   102.478   102.689   101.665   101.708
       283   976.058   994.693   779.340   769.717   105.850   106.067   105.008   105.050
       284   977.133   995.763   784.344   774.650   106.360   106.578   105.513   105.556
       285   983.119  1001.740   824.731   814.845   110.687   110.903   109.806   109.840
       286   988.351  1006.970   857.082   847.141   114.844   115.057   113.931   113.955
       287   998.940  1017.580   896.659   885.966   118.617   118.834   117.672   117.694
       288   998.398  1017.030   896.444   885.764   118.598   118.814   117.653   117.674
       289   998.486  1017.120   896.635   885.951   118.616   118.833   117.671   117.693
       290   998.614  1017.240   897.831   887.115   118.713   118.930   117.767   117.788
       291   997.349  1015.940   897.750   887.039   118.673   118.889   117.727   117.749
       292   996.882  1015.470   897.442   886.733   118.626   118.842   117.681   117.702
       293   997.597  1016.200   897.298   886.593   118.635   118.851   117.689   117.711
       294   997.016  1015.610   895.970   885.279   118.486   118.703   117.542   117.564
       295   996.448  1015.040   895.838   885.146   118.451   118.667   117.507   117.529
       296   995.363  1013.920   896.197   885.491   118.440   118.657   117.496   117.518
       297   991.734  1010.200   896.124   885.417   118.333   118.548   117.390   117.411
       298   994.642  1013.180   896.318   885.611   118.434   118.650   117.490   117.511
       299   996.338  1014.910   896.984   886.272   118.553   118.770   117.608   117.630
       300   996.052  1014.620   896.470   885.765   118.500   118.717   117.556   117.578
       301   996.047  1014.620   896.479   885.774   118.498   118.715   117.554   117.576
       302   995.674  1014.240   895.463   884.776   118.395   118.611   117.452   117.473
       303   996.086  1014.660   895.717   885.026   118.429   118.646   117.485   117.507
       304   996.194  1014.780   894.565   883.886   118.317   118.533   117.374   117.396
       305   995.251  1013.820   893.167   882.496   118.123   118.339   117.181   117.203
       306   995.551  1014.120   894.194   883.523   118.263   118.480   117.321   117.343
       307   994.545  1013.100   893.433   882.771   118.156   118.372   117.215   117.237
       308   995.062  1013.620   894.657   883.978   118.293   118.509   117.351   117.372
       309   993.806  1012.340   893.520   882.856   118.146   118.362   117.205   117.227
       310   992.775  1011.290   892.796   882.134   118.031   118.247   117.090   117.112
       311   992.214  1010.720   890.995   880.342   117.809   118.025   116.870   116.892
       312   990.691  1009.170   889.631   878.993   117.623   117.839   116.686   116.708
       313   985.133  1003.530   880.921   870.298   116.383   116.599   115.455   115.479
       314   985.589  1004.080   856.949   846.333   113.353   113.572   112.448   112.480
       315   985.557  1004.050   856.756   846.142   113.334   113.553   112.429   112.461
       316   984.889  1003.370   856.303   845.696   113.271   113.490   112.366   112.399
       317   982.496  1000.990   838.226   827.809   111.466   111.685   110.577   110.612
       318   974.731   993.239   792.165   782.172   106.738   106.957   105.887   105.930
       319   973.994   992.485   792.143   782.153   106.720   106.939   105.869   105.912
       320   973.690   992.175   791.353   781.373   106.636   106.854   105.785   105.829
       321   973.949   992.438   791.507   781.529   106.665   106.883   105.814   105.857
       322   973.674   992.163   790.789   780.818   106.577   106.796   105.727   105.770
       323   973.056   991.533   790.255   780.292   106.509   106.728   105.660   105.703
       324   972.475   990.942   789.744   779.784   106.437   106.656   105.589   105.632
       325   972.283   990.745   789.802   779.843   106.438   106.657   105.590   105.633
       326   972.726   991.191   790.716   780.739   106.533   106.752   105.684   105.727
       327   975.627   994.084   810.091   800.041   108.822   109.039   107.954   107.992
       328   989.313  1007.760   887.952   877.325   117.435   117.651   116.499   116.522
       329   989.858  1008.310   888.919   878.275   117.539   117.754   116.602   116.624
       330   990.123  1008.590   888.778   878.149   117.543   117.758   116.606   116.628
       331   990.319  1008.790   887.516   876.901   117.411   117.627   116.476   116.498
       332   990.055  1008.530   887.043   876.425   117.340   117.556   116.405   116.427
       333   988.963  1007.410   887.212   876.600   117.339   117.555   116.404   116.426
       334   987.612  1006.060   883.733   873.206   116.999   117.214   116.067   116.089
       335   988.857  1007.290   888.354   877.726   117.452   117.667   116.515   116.538
       336   988.459  1006.890   888.339   877.707   117.432   117.647   116.496   116.518
       337   988.090  1006.510   888.084   877.454   117.393   117.608   116.457   116.480
       338   987.336  1005.740   887.295   876.678   117.294   117.509   116.359   116.381
       339   986.940  1005.350   886.202   875.608   117.188   117.402   116.254   116.276
       340   986.358  1004.750   886.271   875.670   117.170   117.384   116.236   116.258
       341   987.172  1005.580   886.926   876.309   117.246   117.461   116.312   116.334
       342   988.268  1006.700   886.532   875.923   117.245   117.460   116.310   116.333
       343   988.155  1006.590   885.833   875.241   117.179   117.394   116.245   116.268
       344   987.992  1006.430   885.618   875.027   117.157   117.372   116.223   116.245
       345   987.870  1006.310   884.375   873.800   117.028   117.243   116.096   116.118
       346   987.936  1006.370   884.710   874.128   117.065   117.280   116.132   116.154
       347   987.476  1005.900   884.370   873.795   117.021   117.236   116.088   116.111
       348   972.683   990.819   882.950   872.381   116.417   116.628   115.489   115.509
       349   985.357  1003.750   881.930   871.401   116.746   116.961   115.816   115.838
       350   986.272  1004.670   883.769   873.201   116.927   117.142   115.995   116.018
       351   986.200  1004.600   883.272   872.708   116.868   117.083   115.937   115.959
       352   985.708  1004.110   882.283   871.736   116.763   116.977   115.832   115.855
       353   966.035   984.384   829.163   819.703   111.315   111.519   110.432   110.454
       354   909.219   927.460   670.881   664.673    95.165    95.341    94.424    94.444
       355   908.947   927.183   670.738   664.533    95.145    95.321    94.405    94.424
       356   909.261   927.501   671.384   665.166    95.209    95.385    94.468    94.488
       357   909.318   927.560   671.151   664.938    95.189    95.365    94.449    94.468
       358   909.179   927.416   671.686   665.466    95.238    95.414    94.498    94.517
       359   907.704   925.913   671.259   665.045    95.153    95.329    94.413    94.433
       360   904.949   923.136   661.082   654.895    93.845    94.021    93.115    93.136
       361   899.790   917.956   635.272   629.112    90.461    90.640    89.757    89.787
       362   898.405   916.579   628.002   621.985    89.799    89.977    89.100    89.130
       363   900.799   918.986   634.465   628.313    90.410    90.589    89.706    89.736
       364   902.065   920.257   640.937   634.776    91.252    91.431    90.542    90.570
       365   906.427   924.611   669.266   663.071    94.915    95.091    94.177    94.197
       366   906.438   924.621   669.092   662.896    94.894    95.069    94.156    94.175
       367   906.224   924.405   668.728   662.537    94.852    95.027    94.114    94.134
       368   905.780   923.955   667.492   661.302    94.685    94.861    93.949    93.969
       369   906.001   924.177   668.270   662.079    94.791    94.967    94.054    94.074
       370   906.145   924.322   668.874   662.680    94.864    95.039    94.126    94.146
       371   907.068   925.243   671.889   665.634    95.174    95.350    94.433    94.453
       372   923.934   942.133   719.847   712.607   100.058   100.243    99.275    99.295
       373   929.842   948.048   736.771   729.171   101.761   101.949   100.962   100.983
       374   937.205   955.424   738.933   730.581   100.966   101.164   100.168   100.201
       375   962.961   981.229   827.327   817.810   110.922   111.127   110.042   110.065
       376   966.085   984.348   838.837   829.127   112.142   112.348   111.251   111.273
       377   980.868   999.153   880.669   870.092   116.393   116.607   115.465   115.487
       378   984.470  1002.760   890.532   879.749   117.401   117.617   116.465   116.487
       379   984.666  1002.960   889.815   879.046   117.346   117.562   116.410   116.433
       380   984.709  1003.010   889.843   879.069   117.341   117.557   116.405   116.428
       381   984.812  1003.110   890.236   879.457   117.385   117.601   116.449   116.472
       382   985.164  1003.460   891.459   880.656   117.512   117.728   116.574   116.597
       383   981.079   999.290   891.530   880.719   117.389   117.604   116.452   116.474
       384   984.891  1003.170   893.383   882.539   117.673   117.890   116.734   116.757
       385   984.868  1003.140   893.777   882.925   117.705   117.922   116.766   116.789
       386   984.537  1002.800   893.071   882.230   117.627   117.843   116.688   116.711
       387   984.078  1002.340   892.538   881.705   117.564   117.780   116.625   116.648
       388   984.010  1002.270   892.080   881.256   117.529   117.745   116.591   116.613
       389   977.852   995.958   890.670   879.862   117.215   117.429   116.279   116.301
       390   975.409   993.451   890.349   879.544   117.115   117.329   116.180   116.201
       391   982.267  1000.500   890.138   879.345   117.295   117.510   116.359   116.381
       392   982.479  1000.710   890.423   879.621   117.322   117.537   116.385   116.408
       393   954.438   972.624   787.319   778.585   107.697   107.899   106.844   106.870
       394   919.725   937.865   656.646   650.538    95.535    95.722    94.789    94.818
       395   918.821   936.955   653.070   646.986    95.148    95.335    94.404    94.434
       396   919.993   938.145   656.088   649.994    95.495    95.681    94.749    94.778
       397   921.101   939.270   657.051   650.940    95.621    95.807    94.873    94.902
       398   921.192   939.362   657.060   650.944    95.617    95.804    94.870    94.899
       399   920.909   939.074   656.890   650.776    95.592    95.779    94.845    94.874
       400   920.929   939.094   656.777   650.664    95.582    95.769    94.835    94.864
       401   920.714   938.874   656.596   650.481    95.549    95.736    94.802    94.832
       402   919.716   937.862   655.412   649.323    95.417    95.603    94.671    94.701
       403   919.918   938.062   655.922   649.822    95.468    95.654    94.721    94.751
       404   919.288   937.418   655.883   649.784    95.448    95.635    94.702    94.731
       405   919.451   937.588   655.568   649.470    95.416    95.602    94.670    94.699
       406   919.600   937.738   655.798   649.696    95.443    95.629    94.697    94.726
       407   918.939   937.063   655.460   649.363    95.390    95.576    94.644    94.674
       408   918.540   936.659   654.913   648.822    95.320    95.506    94.575    94.604
       409   918.134   936.253   653.479   647.418    95.180    95.365    94.436    94.465
       410   907.348   925.434   625.279   619.796    92.281    92.461    91.562    91.591
       411   901.846   919.917   605.843   600.571    90.019    90.199    89.319    89.350
       412   898.063   916.145   579.693   574.463    86.669    86.851    85.994    86.034
       413   898.079   916.161   579.883   574.653    86.695    86.877    86.020    86.060
       414   898.236   916.321   579.951   574.721    86.707    86.890    86.033    86.072
       415   897.967   916.045   579.966   574.735    86.700    86.882    86.025    86.064
       416   897.806   915.883   579.319   574.091    86.620    86.803    85.946    85.986
       417   897.659   915.730   579.830   574.601    86.680    86.862    86.005    86.045
       418   897.517   915.585   579.791   574.564    86.675    86.857    86.001    86.040
       419   897.722   915.795   579.668   574.441    86.663    86.846    85.989    86.029
       420   896.859   914.917   579.163   573.939    86.583    86.765    85.909    85.949
       421   902.592   920.649   613.273   608.004    90.998    91.177    90.291    90.320
       422   916.477   934.567   652.085   646.045    95.000    95.185    94.257    94.286
       423   916.878   934.974   652.752   646.702    95.077    95.263    94.334    94.364
       424   916.761   934.852   652.809   646.744    95.057    95.243    94.314    94.343
       425   916.289   934.369   652.806   646.744    95.046    95.232    94.304    94.333
       426   915.865   933.936   652.542   646.480    95.006    95.191    94.263    94.292
       427   915.681   933.750   652.168   646.110    94.961    95.146    94.219    94.248
       428   914.815   932.866   651.922   645.867    94.913    95.099    94.171    94.201
       429   914.627   932.674   651.131   645.083    94.823    95.008    94.082    94.111
       430   914.910   932.962   651.510   645.459    94.873    95.058    94.132    94.161
       431   915.374   933.430   652.164   646.098    94.944    95.129    94.201    94.231
       432   914.752   932.799   650.372   644.305    94.696    94.881    93.956    93.985
       433   914.815   932.859   651.644   645.579    94.866    95.051    94.124    94.154
       434   915.052   933.100   651.954   645.890    94.915    95.100    94.173    94.202
       435   914.827   932.872   651.731   645.667    94.880    95.066    94.139    94.168
       436   914.165   932.194   651.543   645.481    94.843    95.028    94.101    94.130
       437   907.576   925.601   610.026   604.164    90.386    90.573    89.680    89.718
       438   882.538   900.560   447.735   442.651    72.986    73.182    72.419    72.493
       439   882.524   900.548   447.364   442.280    72.939    73.134    72.371    72.446
       440   881.858   899.869   447.071   441.992    72.890    73.085    72.323    72.398
       441   882.103   900.119   447.315   442.232    72.921    73.117    72.354    72.429
       442   881.669   899.676   447.164   442.084    72.895    73.090    72.328    72.402
       443   880.948   898.941   446.798   441.720    72.832    73.027    72.266    72.340
       444   880.718   898.704   446.906   441.826    72.837    73.032    72.270    72.345
       445   880.508   898.491   446.567   441.493    72.796    72.991    72.230    72.304
       446   879.635   897.605   446.377   441.306    72.750    72.945    72.185    72.259
       447   879.396   897.358   446.630   441.553    72.766    72.961    72.201    72.275
       448   879.138   897.095   446.612   441.537    72.761    72.956    72.195    72.269
       449   878.714   896.664   446.083   441.016    72.694    72.889    72.129    72.203
       450   880.158   898.131   448.289   443.180    72.929    73.124    72.361    72.436
       451   882.568   900.533   459.065   453.736    73.911    74.107    73.335    73.409
       452   883.819   901.787   463.464   458.053    74.337    74.534    73.757    73.831
       453   900.378   918.412   516.528   510.049    79.344    79.548    78.721    78.794
       454   901.989   920.022   523.214   516.598    79.954    80.159    79.326    79.398
       455   916.242   934.296   576.626   568.936    84.925    85.137    84.254    84.325
       456   932.027   950.112   634.202   625.357    90.298    90.516    89.579    89.649
       457   933.298   951.385   638.899   629.956    90.730    90.949    90.007    90.077
       458   946.146   964.223   691.780   681.769    95.599    95.825    94.835    94.902
       459   947.735   965.827   695.977   685.886    96.010    96.237    95.242    95.310
       460   947.849   965.932   697.923   687.790    96.174    96.400    95.404    95.472
       461   947.498   965.585   696.229   686.132    96.021    96.248    95.253    95.321
       462   947.210   965.287   696.526   686.419    96.031    96.258    95.263    95.331
       463   947.228   965.299   697.980   687.846    96.158    96.385    95.389    95.456
       464   941.900   959.865   697.415   687.286    95.937    96.162    95.169    95.236
       465   945.071   963.095   697.717   687.586    96.066    96.292    95.297    95.364
       466   938.676   956.710   672.798   663.171    93.689    93.912    92.941    93.009
       467   920.098   938.088   614.743   606.292    88.016    88.229    87.317    87.385
       468   945.371   963.413   694.960   684.880    95.823    96.049    95.056    95.124
       469   945.642   963.673   696.998   686.876    96.014    96.240    95.246    95.313
       470   945.093   963.121   695.796   685.698    95.889    96.114    95.121    95.189
       471   944.830   962.855   695.416   685.326    95.847    96.073    95.080    95.147
       472   944.535   962.555   695.386   685.306    95.854    96.079    95.087    95.154
       473   944.615   962.632   696.383   686.296    95.956    96.181    95.188    95.255
       474   856.215   872.399   723.238   713.008    95.970    96.171    95.199    95.242
       475   585.323   596.093   737.244   726.924    89.055    89.190    88.329    88.318
       476   587.496   598.263   752.272   741.885    90.663    90.798    89.925    89.911
       477   599.195   609.996   820.323   809.611    97.995    98.126    97.198    97.169
       478   601.757   612.568   834.519   823.739    99.527    99.658    98.718    98.686
       479   606.034   616.839   865.124   854.226   102.824   102.953   101.989   101.950
       480   608.706   619.493   886.777   875.767   105.117   105.244   104.263   104.219
       481   603.468   614.116   886.496   875.483   104.939   105.065   104.087   104.042
       482   607.943   618.711   886.411   875.399   105.055   105.182   104.202   104.158
       483   607.977   618.759   883.453   872.461   104.749   104.876   103.898   103.854
       484   608.245   619.027   885.630   874.627   104.977   105.104   104.125   104.080
       485   608.106   618.885   884.957   873.955   104.897   105.024   104.045   104.001
       486   607.902   618.673   885.354   874.352   104.947   105.075   104.095   104.051
       487   607.193   617.953   884.497   873.519   104.863   104.990   104.011   103.967
       488   607.922   618.698   884.970   873.987   104.936   105.063   104.084   104.040
       489   608.050   618.836   883.965   872.999   104.847   104.975   103.996   103.952
       490   607.605   618.375   884.363   873.382   104.858   104.986   104.007   103.963
       491   607.374   618.134   884.978   873.987   104.904   105.032   104.053   104.008
       492   599.967   610.713   843.674   832.731    99.549    99.680    98.738    98.707
       493   564.738   575.453   654.213   644.083    76.651    76.793    76.018    76.034
       494   551.553   562.233   615.051   605.715    72.766    72.901    72.167    72.183
       495   573.879   584.586   698.450   687.845    81.243    81.386    80.572    80.582
       496   576.884   587.577   719.072   708.331    83.418    83.561    82.730    82.736
       497   577.288   587.989   719.460   708.711    83.464    83.607    82.775    82.781
       498   577.795   588.514   718.486   707.750    83.386    83.529    82.698    82.704
       499   578.452   589.191   717.938   707.204    83.347    83.490    82.659    82.666
       500   579.089   589.842   718.378   707.637    83.406    83.549    82.718    82.724
       501   578.795   589.544   717.964   707.230    83.359    83.502    82.671    82.677
       502   578.649   589.400   717.160   706.443    83.285    83.428    82.598    82.605
       503   578.291   589.033   717.251   706.530    83.277    83.420    82.590    82.596
       504   578.192   588.930   717.455   706.732    83.295    83.438    82.608    82.614
       505   576.780   587.483   717.131   706.415    83.228    83.371    82.541    82.547
       506   576.850   587.557   716.745   706.037    83.195    83.338    82.509    82.515
       507   576.695   587.402   716.081   705.384    83.130    83.272    82.444    82.450
       508   577.751   588.484   716.055   705.350    83.154    83.296    82.468    82.474
       509   577.274   588.003   713.800   703.109    82.915    83.058    82.231    82.238
       510   578.155   588.892   717.170   706.453    83.276    83.419    82.589    82.595
       511   577.870   588.607   716.259   705.560    83.185    83.328    82.499    82.505
       512   577.906   588.646   715.938   705.244    83.158    83.301    82.472    82.479
       513   577.946   588.690   715.480   704.794    83.117    83.260    82.432    82.438
       514   578.058   588.806   715.378   704.696    83.114    83.257    82.429    82.435
       515   577.511   588.248   714.582   703.908    83.022    83.165    82.338    82.344
       516   577.363   588.096   714.622   703.947    83.020    83.163    82.336    82.342
       517   578.998   589.759   716.019   705.321    83.193    83.337    82.507    82.514
       518   580.405   591.190   716.422   705.715    83.272    83.415    82.585    82.592
       519   580.386   591.169   716.170   705.468    83.250    83.393    82.563    82.570
       520   579.513   590.277   715.630   704.934    83.174    83.317    82.488    82.494
       521   580.201   590.975   716.178   705.480    83.260    83.403    82.573    82.580
       522   612.895   624.315   717.815   707.126    84.457    84.608    83.762    83.774
       523   696.367   709.371   738.604   727.862    89.475    89.644    88.744    88.765
       524   709.715   722.856   776.383   765.592    94.578    94.745    93.808    93.820
       525   781.231   795.760   784.199   773.391    97.656    97.840    96.865    96.887
       526   891.898   908.421   843.220   832.303   108.220   108.423   107.350   107.375
       527   904.107   920.788   870.271   859.301   111.906   112.107   111.008   111.025
       528   987.927  1006.180   900.839   889.819   118.178   118.395   117.234   117.257
       529  1006.270  1024.820   919.135   908.094   120.998   121.217   120.032   120.053
       530  1009.940  1028.560   920.117   909.066   121.212   121.433   120.245   120.267
       531  1009.270  1027.880   919.302   908.262   121.115   121.335   120.149   120.170
       532  1001.850  1020.330   914.908   903.935   120.456   120.674   119.495   119.515
       533  1012.250  1030.930   918.680   907.647   121.139   121.361   120.173   120.195
       534  1011.040  1029.680   917.797   906.762   120.995   121.216   120.030   120.053
       535  1005.970  1024.660   877.884   866.934   116.009   116.234   115.082   115.116
       536   989.114  1007.780   810.803   800.647   108.977   109.199   108.109   108.151
       537  1010.250  1028.910   914.798   903.827   120.711   120.932   119.749   119.771
       538  1010.870  1029.530   916.988   905.991   120.937   121.157   119.973   119.994
       539  1010.180  1028.820   916.352   905.361   120.852   121.073   119.889   119.911
       540  1010.780  1029.440   916.231   905.243   120.860   121.081   119.897   119.919
       541  1009.030  1027.640   915.843   904.852   120.759   120.980   119.796   119.818
       542  1009.280  1027.900   916.997   906.002   120.906   121.126   119.942   119.964
       543  1003.380  1021.850   916.439   905.447   120.683   120.902   119.721   119.741
       544  1008.390  1026.990   917.045   906.054   120.894   121.114   119.930   119.951
       545  1008.620  1027.230   916.909   905.905   120.866   121.087   119.903   119.924
       546  1008.510  1027.110   916.933   905.933   120.869   121.089   119.906   119.927
       547  1006.760  1025.330   915.344   904.363   120.657   120.877   119.695   119.716
       548  1007.210  1025.800   914.566   903.593   120.591   120.811   119.630   119.652
       549  1006.320  1024.890   914.348   903.377   120.542   120.761   119.581   119.602
       550  1005.290  1023.830   914.675   903.702   120.546   120.765   119.585   119.606
       551  1004.290  1022.810   914.795   903.814   120.518   120.737   119.557   119.578
       552  1005.650  1024.220   912.919   901.963   120.369   120.588   119.409   119.431
       553  1007.760  1026.370   913.710   902.751   120.520   120.740   119.560   119.581
       554  1007.380  1025.990   913.449   902.499   120.494   120.714   119.533   119.555
       555  1007.090  1025.690   913.348   902.403   120.484   120.703   119.523   119.545
       556  1007.150  1025.750   912.863   901.912   120.425   120.645   119.465   119.487
       557  1007.170  1025.770   914.186   903.215   120.547   120.767   119.586   119.607
       558  1001.330  1019.810   913.095   902.132   120.256   120.474   119.297   119.318
       559  1006.830  1025.410   913.862   902.890   120.497   120.717   119.536   119.558
       560  1005.890  1024.450   913.191   902.224   120.404   120.624   119.444   119.466
       561  1005.220  1023.780   912.195   901.242   120.287   120.506   119.327   119.349
       562  1005.910  1024.480   912.535   901.576   120.334   120.553   119.374   119.396
       563  1005.470  1024.030   911.655   900.715   120.245   120.465   119.287   119.308
       564  1004.430  1022.980   910.219   899.306   120.080   120.299   119.123   119.145
       565  1003.360  1021.890   910.464   899.541   120.065   120.284   119.108   119.130
       566  1003.980  1022.510   911.007   900.069   120.130   120.350   119.172   119.194
       567  1002.030  1020.520   910.244   899.310   119.995   120.214   119.038   119.060
       568  1002.250  1020.740   910.492   899.557   120.027   120.246   119.070   119.092
       569  1003.090  1021.600   910.147   899.213   120.017   120.236   119.060   119.082
       570  1002.280  1020.780   908.713   897.796   119.846   120.065   118.890   118.912
       571  1001.780  1020.260   909.569   898.647   119.920   120.139   118.964   118.985
       572  1001.920  1020.440   905.951   895.071   119.530   119.749   118.577   118.599
       573  1003.180  1021.720   908.432   897.532   119.851   120.070   118.895   118.917
       574  1002.830  1021.360   908.486   897.581   119.835   120.054   118.880   118.902
       575  1003.590  1022.120   909.913   898.974   119.980   120.200   119.023   119.046
       576  1002.940  1021.450   910.145   899.208   119.998   120.217   119.041   119.063
       577  1002.760  1021.270   910.303   899.368   120.017   120.237   119.060   119.082
       578  1002.580  1021.090   909.559   898.632   119.935   120.154   118.979   119.001
       579   999.877  1018.340   908.426   897.521   119.755   119.974   118.800   118.822
       580  1000.430  1018.910   907.684   896.788   119.697   119.915   118.742   118.764
       581  1000.680  1019.160   907.587   896.691   119.689   119.907   118.734   118.756
       582  1001.940  1020.450   908.119   897.214   119.774   119.993   118.819   118.841
       583  1001.350  1019.850   907.897   896.988   119.727   119.945   118.772   118.794
       584  1000.690  1019.170   906.994   896.095   119.620   119.839   118.666   118.688
       585   999.742  1018.200   907.514   896.606   119.637   119.856   118.683   118.705
       586   999.514  1017.970   906.946   896.051   119.585   119.803   118.631   118.653
       587   997.390  1015.800   905.794   894.918   119.413   119.631   118.461   118.482
       588   996.856  1015.260   905.011   894.149   119.324   119.541   118.372   118.394
       589   996.521  1014.910   904.778   893.912   119.282   119.500   118.331   118.353
       590   998.711  1017.160   905.132   894.257   119.369   119.587   118.417   118.439
       591   999.467  1017.930   905.330   894.458   119.423   119.641   118.470   118.492
       592   999.305  1017.760   905.732   894.843   119.438   119.656   118.485   118.508
       593   999.399  1017.860   905.880   894.983   119.448   119.666   118.495   118.517
       594   997.716  1016.140   904.227   893.361   119.258   119.476   118.307   118.329
       595   998.660  1017.100   906.511   895.611   119.500   119.719   118.547   118.569
       596   998.793  1017.240   905.983   895.088   119.449   119.667   118.496   118.518
       597   998.531  1016.980   905.240   894.358   119.375   119.593   118.423   118.445
       598   995.950  1014.370   895.580   884.715   118.108   118.327   117.166   117.191
       599   975.892   994.273   810.585   800.496   108.590   108.808   107.725   107.764
       600   972.198   990.585   793.416   783.523   106.793   107.010   105.943   105.983
       601   987.402  1005.830   855.451   844.881   113.330   113.550   112.426   112.459
       602   990.900  1009.310   869.859   859.054   114.813   115.034   113.896   113.928
       603   991.115  1009.520   870.442   859.621   114.862   115.083   113.944   113.976
       604   995.811  1014.210   900.470   889.619   118.759   118.977   117.811   117.834
       605   995.419  1013.810   902.210   891.363   118.980   119.198   118.032   118.054
       606   993.673  1012.030   900.913   890.078   118.792   119.009   117.844   117.866
       607   993.089  1011.420   901.346   890.509   118.826   119.043   117.878   117.900
       608   992.482  1010.810   899.908   889.089   118.665   118.882   117.719   117.741
       609   993.001  1011.330   901.305   890.474   118.826   119.042   117.878   117.900
       610   994.182  1012.540   901.288   890.461   118.860   119.078   117.913   117.934
       611   995.114  1013.500   901.894   891.049   118.936   119.153   117.987   118.009
       612   994.339  1012.710   900.817   889.977   118.799   119.016   117.851   117.873
       613   993.862  1012.220   900.800   889.966   118.784   119.001   117.836   117.858
       614   994.173  1012.550   900.278   889.456   118.747   118.964   117.800   117.822
       615   993.273  1011.630   899.465   888.656   118.646   118.863   117.700   117.722
       616   993.109  1011.460   899.341   888.531   118.624   118.841   117.678   117.700
       617   993.821  1012.190   900.093   889.267   118.711   118.928   117.764   117.787
       618   993.631  1011.990   899.945   889.113   118.672   118.889   117.725   117.748
       619   993.168  1011.520   899.207   888.396   118.612   118.829   117.666   117.688
       620   992.832  1011.180   898.825   888.022   118.560   118.777   117.615   117.637
       621   988.751  1007.010   897.009   886.223   118.253   118.469   117.310   117.332
       622   992.190  1010.520   899.306   888.488   118.579   118.795   117.633   117.655
       623   993.107  1011.450   900.487   889.654   118.728   118.945   117.781   117.803
       624   992.845  1011.190   899.763   888.943   118.656   118.873   117.710   117.732
       625   988.915  1007.190   898.362   887.553   118.384   118.601   117.440   117.462
       626   992.481  1010.820   898.676   887.865   118.530   118.747   117.585   117.607
       627   992.165  1010.500   898.502   887.697   118.507   118.724   117.562   117.584
       628   992.242  1010.580   898.064   887.267   118.469   118.686   117.524   117.546
       629   991.388  1009.710   898.122   887.323   118.447   118.664   117.502   117.524
       630   991.117  1009.430   897.741   886.947   118.404   118.621   117.460   117.482
       631   991.440  1009.760   897.610   886.816   118.400   118.616   117.455   117.478
       632   990.407  1008.710   896.589   885.805   118.267   118.483   117.324   117.346
       633   988.794  1007.070   894.760   884.006   118.050   118.266   117.109   117.131
       634   978.307   996.568   850.933   840.699   113.344   113.558   112.441   112.469
       635   954.833   973.079   748.046   738.994   102.302   102.512   101.490   101.532
       636   953.985   972.215   747.027   737.987   102.174   102.384   101.363   101.405
       637   953.696   971.914   747.960   738.914   102.263   102.473   101.451   101.493
       638   869.823   886.262   739.786   730.789    98.904    99.095    98.116    98.144
       639   936.456   954.290   745.424   736.397   101.504   101.710   100.697   100.737
       640   985.709  1003.930   890.499   879.803   117.557   117.772   116.620   116.642
       641   988.085  1006.360   891.776   881.075   117.753   117.969   116.814   116.836
       642   985.756  1003.980   891.525   880.822   117.659   117.874   116.721   116.743
       643   987.727  1006.010   891.041   880.356   117.685   117.900   116.746   116.769
       644   987.748  1006.020   891.342   880.640   117.694   117.910   116.756   116.778
       645   987.918  1006.190   891.593   880.879   117.706   117.921   116.767   116.790
       646   979.369   997.626   853.265   842.937   113.436   113.652   112.532   112.561
       647   965.415   983.664   778.628   768.908   105.369   105.586   104.530   104.573
       648   965.573   983.822   779.589   769.862   105.470   105.687   104.630   104.673
       649   972.077   990.329   821.191   811.258   109.923   110.137   109.047   109.081
       650   982.125  1000.380   860.394   849.688   113.596   113.815   112.688   112.720
       651   987.097  1005.350   892.533   881.784   117.744   117.960   116.805   116.827
       652   986.333  1004.570   891.605   880.866   117.625   117.841   116.687   116.710
       653   985.360  1003.570   891.195   880.457   117.552   117.767   116.614   116.637
       654   984.927  1003.130   890.545   879.819   117.478   117.694   116.541   116.564
       655   985.065  1003.280   891.061   880.341   117.546   117.761   116.608   116.630
       656   985.675  1003.890   892.863   882.125   117.746   117.961   116.807   116.829
       657   984.497  1002.690   892.835   882.097   117.711   117.926   116.772   116.794
       658   984.402  1002.580   893.118   882.373   117.737   117.952   116.798   116.820
       659   983.938  1002.110   892.910   882.165   117.697   117.912   116.758   116.780
       660   983.151  1001.310   892.102   881.367   117.591   117.806   116.653   116.675
       661   983.156  1001.310   892.068   881.331   117.588   117.803   116.651   116.672
       662   890.431   906.152   884.939   874.237   114.254   114.450   113.340   113.348
       663   594.651   602.595   863.257   852.663   103.746   103.881   102.907   102.871
       664   594.871   602.821   863.183   852.589   103.746   103.881   102.907   102.871
       665   594.605   602.552   862.295   851.710   103.653   103.788   102.814   102.779
       666   594.390   602.333   862.149   851.565   103.632   103.766   102.793   102.757
       667   593.740   601.678   860.342   849.778   103.434   103.568   102.596   102.561
       668   591.110   599.038   853.519   843.083   102.718   102.851   101.887   101.852
       669   593.244   601.173   860.427   849.864   103.420   103.554   102.583   102.547
       670   593.329   601.260   860.703   850.145   103.461   103.595   102.623   102.588
       671   593.180   601.101   861.626   851.043   103.531   103.665   102.693   102.658
       672   583.520   591.251   860.672   850.095   103.143   103.274   102.307   102.270
       673   594.266   602.202   862.531   851.931   103.649   103.784   102.810   102.775
       674   593.959   601.893   861.562   850.975   103.544   103.679   102.706   102.671
       675   593.293   601.217   861.179   850.598   103.489   103.623   102.651   102.616
       676   593.424   601.350   861.405   850.822   103.517   103.651   102.679   102.643
       677   593.426   601.354   860.943   850.367   103.469   103.603   102.631   102.596
       678   593.087   601.011   860.376   849.808   103.404   103.538   102.567   102.532
       679   592.796   600.719   859.519   848.963   103.311   103.445   102.475   102.440
       680   592.562   600.480   859.355   848.802   103.288   103.422   102.452   102.417
       681   592.163   600.075   859.121   848.574   103.255   103.389   102.419   102.384
       682   592.163   600.075   858.948   848.400   103.233   103.367   102.398   102.363
       683   591.979   599.889   859.001   848.464   103.256   103.390   102.420   102.385
       684   591.721   599.631   857.880   847.365   103.152   103.286   102.317   102.282
       685   592.039   599.953   858.560   848.030   103.217   103.350   102.381   102.346
       686   591.400   599.301   858.276   847.746   103.164   103.297   102.329   102.293
       687   591.505   599.409   858.228   847.696   103.158   103.292   102.323   102.288
       688   590.093   597.972   857.307   846.783   103.018   103.151   102.184   102.149
       689   590.072   597.956   856.469   845.962   102.944   103.077   102.111   102.076
       690   589.579   597.458   855.204   844.712   102.800   102.933   101.968   101.933
       691   589.603   597.491   852.321   841.842   102.513   102.646   101.683   101.649
       692   590.515   598.407   856.485   845.973   102.949   103.083   102.116   102.081
       693   590.356   598.240   857.302   846.768   103.007   103.141   102.174   102.139
       694   590.055   597.937   856.514   845.990   102.919   103.053   102.086   102.051
       695   589.430   597.306   855.044   844.538   102.757   102.891   101.925   101.891
       696   589.349   597.230   853.958   843.470   102.654   102.787   101.823   101.788
       697   589.482   597.366   854.326   843.842   102.697   102.830   101.865   101.831
       698   569.967   577.814   799.569   790.201    97.109    97.232    96.327    96.291
       699   513.811   521.549   643.166   637.008    81.152    81.247    80.510    80.473
       700   513.258   520.990   642.078   635.935    81.029    81.124    80.388    80.351
       701   513.078   520.804   642.571   636.420    81.066    81.161    80.426    80.388
       702   512.890   520.615   641.906   635.758    80.985    81.080    80.345    80.308
       703   512.846   520.568   642.743   636.593    81.085    81.180    80.445    80.407
       704   513.335   521.064   643.545   637.390    81.182    81.276    80.540    80.502
