    0 1.58166e+16  1.6111e+16 1.16937e+16  1.1555e+16 1.65777e+15 1.65486e+15 1.64695e+15 1.64407e+15
    1 1.58142e+16 1.61086e+16 1.16889e+16 1.15503e+16 1.65724e+15 1.65433e+15 1.64642e+15 1.64354e+15
    2  1.5818e+16 1.61125e+16 1.16861e+16 1.15475e+16 1.65706e+15 1.65415e+15 1.64625e+15 1.64337e+15
    3 1.58118e+16 1.61062e+16 1.16875e+16 1.15488e+16 1.65695e+15 1.65404e+15 1.64614e+15 1.64326e+15
    4 1.58082e+16 1.61025e+16 1.16874e+16 1.15487e+16  1.6568e+15 1.65389e+15 1.64598e+15 1.64311e+15
    5 1.58037e+16 1.60979e+16  1.1681e+16 1.15424e+16 1.65605e+15 1.65315e+15 1.64524e+15 1.64237e+15
    6 1.58055e+16 1.60998e+16   1.168e+16 1.15414e+16 1.65599e+15 1.65308e+15 1.64517e+15  1.6423e+15
    7 1.57962e+16 1.60903e+16 1.16728e+16 1.15344e+16 1.65491e+15 1.65201e+15 1.64411e+15 1.64124e+15
    8 1.57931e+16 1.60871e+16 1.16725e+16  1.1534e+16 1.65481e+15 1.65191e+15 1.64401e+15 1.64114e+15
    9 1.57867e+16 1.60806e+16 1.16683e+16 1.15299e+16 1.65424e+15 1.65133e+15 1.64344e+15 1.64057e+15
   10 1.57956e+16 1.60896e+16 1.16811e+16 1.15424e+16 1.65577e+15 1.65286e+15 1.64496e+15 1.64209e+15
   11 1.57941e+16 1.60881e+16 1.16756e+16 1.15371e+16 1.65527e+15 1.65237e+15 1.64447e+15 1.64159e+15
   12  1.5778e+16 1.60718e+16 1.16253e+16  1.1487e+16 1.64866e+15 1.64578e+15  1.6379e+15 1.63505e+15
   13  1.5771e+16 1.60646e+16 1.16619e+16 1.15235e+16 1.65319e+15 1.65029e+15  1.6424e+15 1.63953e+15
   14 1.57671e+16 1.60605e+16 1.16617e+16 1.15233e+16 1.65301e+15 1.65011e+15 1.64222e+15 1.63935e+15
   15 1.57675e+16 1.60608e+16 1.16768e+16 1.15381e+16 1.65434e+15 1.65143e+15 1.64353e+15 1.64066e+15
   16 1.57472e+16 1.60399e+16 1.16907e+16 1.15515e+16   1.655e+15 1.65209e+15 1.64419e+15 1.64131e+15
   17 1.60512e+16 1.63447e+16  1.2465e+16  1.2308e+16 1.73477e+15 1.73172e+15 1.72336e+15 1.72034e+15
   18  1.6214e+16 1.65082e+16  1.2853e+16  1.2687e+16  1.7749e+15 1.77178e+15 1.76319e+15  1.7601e+15
   19 1.64278e+16 1.67222e+16 1.34454e+16 1.32657e+16 1.83534e+15  1.8321e+15 1.82316e+15 1.81997e+15
   20 1.68076e+16  1.7102e+16 1.45257e+16 1.43208e+16 1.94518e+15 1.94174e+15 1.93217e+15 1.92878e+15
   21 1.68537e+16 1.71483e+16 1.46388e+16 1.44314e+16 1.95698e+15 1.95352e+15 1.94388e+15 1.94047e+15
   22 1.71074e+16  1.7402e+16 1.53547e+16 1.51307e+16 2.02976e+15 2.02618e+15 2.01612e+15 2.01257e+15
   23 1.71404e+16  1.7435e+16 1.54622e+16 1.52357e+16 2.04055e+15 2.03694e+15 2.02682e+15 2.02326e+15
   24 1.70168e+16 1.73114e+16 1.46873e+16 1.44667e+16 1.95769e+15 1.95441e+15 1.94452e+15 1.94128e+15
   25 1.70113e+16 1.73058e+16 1.46888e+16 1.44681e+16 1.95763e+15 1.95436e+15 1.94446e+15 1.94123e+15
   26 1.70059e+16 1.73005e+16 1.45936e+16 1.43726e+16 1.94434e+15 1.94113e+15 1.93124e+15 1.92808e+15
   27 1.67289e+16 1.70233e+16 1.35023e+16 1.33023e+16 1.83556e+15 1.83266e+15 1.82325e+15 1.82038e+15
   28 1.58149e+16  1.6109e+16  1.0133e+16 1.00082e+16 1.51818e+15   1.516e+15 1.50823e+15 1.50607e+15
   29 1.56179e+16 1.59118e+16 9.48441e+15 9.37057e+15 1.44603e+15 1.44406e+15  1.4366e+15 1.43464e+15
   30 1.56057e+16 1.58994e+16 9.47708e+15 9.36328e+15  1.4449e+15 1.44293e+15 1.43547e+15 1.43352e+15
   31 1.55943e+16 1.58877e+16  9.4808e+15   9.367e+15 1.44513e+15 1.44315e+15  1.4357e+15 1.43375e+15
   32 1.55931e+16 1.58865e+16 9.48018e+15  9.3664e+15 1.44508e+15  1.4431e+15 1.43565e+15 1.43369e+15
   33 1.56036e+16 1.58972e+16 9.49386e+15    9.38e+15  1.4468e+15 1.44482e+15 1.43736e+15  1.4354e+15
   34 1.60226e+16 1.63162e+16 1.13677e+16 1.12327e+16 1.65662e+15 1.65389e+15 1.64574e+15 1.64305e+15
   35 1.60347e+16 1.63282e+16 1.14409e+16 1.13052e+16 1.66527e+15 1.66251e+15 1.65434e+15 1.65161e+15
   36 1.60343e+16 1.63278e+16  1.1442e+16 1.13062e+16 1.66534e+15 1.66258e+15 1.65441e+15 1.65168e+15
   37 1.60301e+16 1.63236e+16 1.14362e+16 1.13005e+16 1.66463e+15 1.66188e+15  1.6537e+15 1.65098e+15
   38 1.60286e+16 1.63221e+16 1.14088e+16 1.12733e+16 1.66183e+15 1.65909e+15 1.65092e+15 1.64821e+15
   39 1.58916e+16 1.61831e+16 1.12431e+16 1.11086e+16 1.63875e+15 1.63607e+15 1.62798e+15 1.62534e+15
   40 1.60339e+16 1.63275e+16 1.14296e+16 1.12941e+16 1.66423e+15 1.66148e+15 1.65331e+15 1.65058e+15
   41 1.60285e+16 1.63219e+16 1.14274e+16 1.12919e+16 1.66377e+15 1.66102e+15 1.65285e+15 1.65013e+15
   42 1.60307e+16 1.63242e+16 1.14266e+16  1.1291e+16 1.66367e+15 1.66091e+15 1.65274e+15 1.65002e+15
   43 1.60215e+16 1.63149e+16 1.14186e+16 1.12832e+16 1.66265e+15 1.65989e+15 1.65173e+15 1.64901e+15
   44 1.60156e+16 1.63088e+16 1.14169e+16 1.12815e+16 1.66229e+15 1.65954e+15 1.65138e+15 1.64866e+15
   45 1.60087e+16 1.63018e+16 1.14112e+16 1.12758e+16 1.66144e+15 1.65869e+15 1.65054e+15 1.64782e+15
   46 1.60084e+16 1.63014e+16 1.14135e+16 1.12781e+16 1.66169e+15 1.65894e+15 1.65079e+15 1.64807e+15
   47 1.60003e+16 1.62932e+16 1.14139e+16 1.12785e+16 1.66145e+15  1.6587e+15 1.65054e+15 1.64782e+15
   48 1.61885e+16 1.64816e+16 1.20824e+16 1.19318e+16 1.72384e+15 1.72095e+15 1.71247e+15 1.70961e+15
   49 1.63476e+16 1.66406e+16 1.27092e+16 1.25443e+16 1.78182e+15 1.77879e+15 1.77001e+15 1.76702e+15
   50 1.64884e+16 1.67814e+16 1.32277e+16  1.3051e+16 1.83005e+15 1.82692e+15 1.81789e+15 1.81479e+15
   51  1.6838e+16  1.7131e+16 1.45601e+16 1.43531e+16 1.95362e+15 1.95021e+15 1.94053e+15 1.93716e+15
   52  1.6846e+16 1.71388e+16 1.46177e+16 1.44094e+16 1.95883e+15  1.9554e+15  1.9457e+15 1.94232e+15
   53 1.69868e+16 1.72796e+16 1.51498e+16 1.49295e+16 2.00828e+15 2.00475e+15 1.99479e+15 1.99129e+15
   54 1.71152e+16  1.7408e+16 1.56338e+16 1.54025e+16 2.05325e+15 2.04961e+15 2.03941e+15 2.03582e+15
   55 1.71351e+16 1.74283e+16 1.56634e+16 1.54315e+16 2.05632e+15 2.05267e+15 2.04246e+15 2.03886e+15
   56 1.71324e+16 1.74256e+16 1.56484e+16 1.54168e+16 2.05482e+15 2.05118e+15 2.04098e+15 2.03738e+15
   57 1.68947e+16  1.7182e+16 1.56369e+16 1.54052e+16 2.04689e+15 2.04323e+15 2.03309e+15 2.02948e+15
   58 1.71271e+16 1.74201e+16 1.56552e+16 1.54232e+16 2.05501e+15 2.05137e+15 2.04116e+15 2.03756e+15
   59 1.71339e+16  1.7427e+16 1.56582e+16 1.54263e+16 2.05562e+15 2.05198e+15 2.04177e+15 2.03817e+15
   60 1.71363e+16 1.74295e+16 1.56637e+16 1.54317e+16 2.05628e+15 2.05264e+15 2.04243e+15 2.03883e+15
   61 1.70626e+16 1.73557e+16 1.54466e+16  1.5219e+16 2.03378e+15 2.03019e+15  2.0201e+15 2.01654e+15
   62 1.71095e+16 1.74024e+16 1.56103e+16 1.53794e+16 2.05048e+15 2.04685e+15 2.03667e+15 2.03308e+15
   63 1.71169e+16 1.74099e+16 1.56327e+16 1.54012e+16 2.05268e+15 2.04904e+15 2.03885e+15 2.03525e+15
   64 1.71078e+16 1.74005e+16 1.56322e+16 1.54007e+16 2.05236e+15 2.04872e+15 2.03853e+15 2.03494e+15
   65 1.71041e+16 1.73967e+16 1.56357e+16 1.54041e+16 2.05256e+15 2.04892e+15 2.03873e+15 2.03514e+15
   66 1.71011e+16 1.73936e+16 1.56321e+16 1.54004e+16 2.05205e+15 2.04841e+15 2.03822e+15 2.03463e+15
   67 1.71006e+16 1.73931e+16 1.56286e+16  1.5397e+16 2.05164e+15 2.04801e+15 2.03782e+15 2.03423e+15
   68 1.70658e+16 1.73581e+16 1.55399e+16 1.53103e+16 2.04256e+15 2.03894e+15  2.0288e+15 2.02523e+15
   69 1.71084e+16 1.74012e+16  1.5623e+16 1.53915e+16 2.05146e+15 2.04782e+15 2.03763e+15 2.03404e+15
   70 1.71023e+16 1.73949e+16 1.56124e+16 1.53811e+16 2.05027e+15 2.04664e+15 2.03646e+15 2.03287e+15
   71 1.71027e+16 1.73954e+16 1.56114e+16 1.53802e+16 2.05022e+15  2.0466e+15 2.03641e+15 2.03283e+15
   72 1.70979e+16 1.73905e+16 1.56062e+16 1.53751e+16 2.04954e+15 2.04592e+15 2.03574e+15 2.03215e+15
   73 1.71031e+16 1.73957e+16 1.56107e+16 1.53795e+16 2.05014e+15 2.04651e+15 2.03633e+15 2.03274e+15
   74 1.70923e+16 1.73848e+16  1.5606e+16 1.53748e+16 2.04932e+15 2.04569e+15 2.03551e+15 2.03193e+15
   75 1.70849e+16 1.73772e+16 1.55915e+16 1.53606e+16 2.04776e+15 2.04414e+15 2.03397e+15 2.03038e+15
   76 1.70699e+16 1.73621e+16 1.55683e+16 1.53379e+16 2.04531e+15 2.04169e+15 2.03153e+15 2.02795e+15
   77 1.70736e+16 1.73658e+16 1.55725e+16  1.5342e+16  2.0458e+15 2.04218e+15 2.03202e+15 2.02844e+15
   78 1.70696e+16 1.73618e+16 1.55671e+16 1.53368e+16 2.04515e+15 2.04153e+15 2.03137e+15  2.0278e+15
   79  1.7072e+16 1.73642e+16 1.55803e+16 1.53496e+16  2.0463e+15 2.04268e+15 2.03251e+15 2.02893e+15
   80 1.70676e+16 1.73597e+16 1.55684e+16 1.53378e+16 2.04492e+15 2.04131e+15 2.03115e+15 2.02757e+15
   81 1.70612e+16 1.73531e+16 1.55816e+16 1.53508e+16 2.04601e+15 2.04239e+15 2.03223e+15 2.02865e+15
   82 1.70431e+16 1.73347e+16 1.55661e+16 1.53356e+16 2.04399e+15 2.04037e+15 2.03022e+15 2.02664e+15
   83 1.70631e+16 1.73551e+16 1.55775e+16 1.53467e+16 2.04561e+15 2.04199e+15 2.03183e+15 2.02825e+15
   84 1.70642e+16 1.73562e+16 1.55736e+16 1.53429e+16 2.04529e+15 2.04167e+15 2.03151e+15 2.02794e+15
   85 1.70682e+16 1.73603e+16 1.55708e+16 1.53402e+16 2.04512e+15 2.04151e+15 2.03135e+15 2.02777e+15
   86 1.70663e+16 1.73584e+16 1.55626e+16  1.5332e+16 2.04415e+15 2.04054e+15 2.03038e+15 2.02681e+15
   87 1.70666e+16 1.73587e+16 1.55679e+16 1.53373e+16 2.04485e+15 2.04124e+15 2.03108e+15  2.0275e+15
   88 1.70637e+16 1.73558e+16 1.55713e+16 1.53407e+16 2.04511e+15 2.04149e+15 2.03133e+15 2.02775e+15
   89 1.70553e+16 1.73473e+16 1.55465e+16 1.53164e+16 2.04256e+15 2.03895e+15  2.0288e+15 2.02523e+15
   90 1.70528e+16 1.73446e+16 1.55705e+16 1.53398e+16 2.04458e+15 2.04096e+15  2.0308e+15 2.02723e+15
   91 1.70508e+16 1.73426e+16 1.55623e+16 1.53318e+16 2.04379e+15 2.04017e+15 2.03002e+15 2.02645e+15
   92 1.70513e+16 1.73432e+16 1.55614e+16 1.53309e+16 2.04363e+15 2.04002e+15 2.02987e+15 2.02629e+15
   93 1.70493e+16 1.73412e+16 1.55468e+16 1.53166e+16 2.04226e+15 2.03865e+15  2.0285e+15 2.02493e+15
   94 1.70496e+16 1.73415e+16 1.55484e+16 1.53182e+16 2.04244e+15 2.03883e+15 2.02868e+15 2.02511e+15
   95 1.70361e+16 1.73277e+16 1.55437e+16 1.53135e+16 2.04157e+15 2.03796e+15 2.02782e+15 2.02425e+15
   96 1.69967e+16  1.7288e+16 1.54353e+16 1.52075e+16 2.03114e+15 2.02755e+15 2.01746e+15 2.01391e+15
   97 1.70098e+16 1.73008e+16 1.55322e+16 1.53022e+16 2.03975e+15 2.03613e+15   2.026e+15 2.02244e+15
   98 1.70099e+16 1.73009e+16 1.55348e+16 1.53048e+16 2.04011e+15 2.03649e+15 2.02636e+15 2.02279e+15
   99 1.70407e+16 1.73325e+16 1.55294e+16 1.52995e+16 2.04038e+15 2.03677e+15 2.02663e+15 2.02307e+15
  100 1.70403e+16 1.73321e+16 1.55302e+16 1.53002e+16 2.04035e+15 2.03674e+15  2.0266e+15 2.02304e+15
  101 1.68848e+16 1.71767e+16 1.49308e+16 1.47112e+16 1.97667e+15 1.97324e+15 1.96337e+15 1.95999e+15
  102  1.6504e+16 1.67958e+16  1.3524e+16 1.33287e+16 1.82624e+15 1.82325e+15 1.81401e+15 1.81106e+15
  103 1.70286e+16 1.73205e+16 1.54787e+16 1.52499e+16 2.03537e+15 2.03177e+15 2.02166e+15 2.01811e+15
  104 1.70391e+16  1.7331e+16 1.55079e+16 1.52785e+16 2.03846e+15 2.03486e+15 2.02473e+15 2.02117e+15
  105 1.70336e+16 1.73253e+16 1.55194e+16 1.52899e+16 2.03954e+15 2.03593e+15 2.02581e+15 2.02224e+15
  106 1.02527e+16 1.03755e+16 1.49819e+16 1.47566e+16 1.79431e+15 1.79018e+15   1.782e+15 1.77792e+15
  107 1.02592e+16  1.0382e+16 1.50031e+16 1.47774e+16 1.79644e+15 1.79231e+15 1.78412e+15 1.78004e+15
  108 1.00838e+16 1.02066e+16 1.43405e+16  1.4127e+16 1.72902e+15 1.72507e+15 1.71719e+15 1.71328e+15
  109 1.02521e+16 1.03749e+16  1.4975e+16 1.47501e+16 1.79394e+15 1.78981e+15 1.78164e+15 1.77756e+15
  110 1.02816e+16 1.04047e+16 1.50425e+16 1.48162e+16  1.8009e+15 1.79676e+15 1.78855e+15 1.78446e+15
  111 1.02862e+16 1.04093e+16 1.50424e+16  1.4816e+16 1.80094e+15  1.7968e+15 1.78859e+15  1.7845e+15
  112 1.02762e+16 1.03991e+16 1.50418e+16 1.48155e+16  1.8006e+15 1.79646e+15 1.78825e+15 1.78416e+15
  113  1.0267e+16 1.03897e+16 1.50357e+16 1.48094e+16 1.79965e+15  1.7955e+15 1.78731e+15 1.78321e+15
  114 1.02628e+16 1.03855e+16 1.50191e+16 1.47928e+16 1.79747e+15 1.79333e+15 1.78514e+15 1.78105e+15
  115 1.02644e+16 1.03872e+16 1.50319e+16 1.48057e+16 1.79928e+15 1.79514e+15 1.78694e+15 1.78285e+15
  116 1.02565e+16 1.03792e+16 1.50252e+16 1.47991e+16  1.7984e+15 1.79426e+15 1.78607e+15 1.78197e+15
  117 1.02475e+16   1.037e+16 1.50161e+16 1.47902e+16 1.79728e+15 1.79314e+15 1.78496e+15 1.78087e+15
  118 1.02567e+16 1.03794e+16 1.50166e+16 1.47907e+16 1.79764e+15  1.7935e+15 1.78531e+15 1.78122e+15
  119 1.02636e+16 1.03865e+16 1.50168e+16 1.47909e+16 1.79786e+15 1.79372e+15 1.78553e+15 1.78144e+15
  120 1.02631e+16 1.03859e+16 1.50214e+16 1.47955e+16 1.79845e+15 1.79431e+15 1.78612e+15 1.78203e+15
  121 1.02559e+16 1.03786e+16  1.5017e+16 1.47911e+16 1.79765e+15 1.79351e+15 1.78532e+15 1.78123e+15
  122 1.01586e+16 1.02796e+16 1.49951e+16 1.47695e+16 1.79255e+15  1.7884e+15 1.78025e+15 1.77616e+15
  123 1.02484e+16  1.0371e+16 1.49987e+16 1.47732e+16 1.79577e+15 1.79163e+15 1.78345e+15 1.77937e+15
  124 1.02549e+16 1.03776e+16   1.501e+16 1.47843e+16 1.79702e+15 1.79288e+15  1.7847e+15 1.78061e+15
  125 1.02479e+16 1.03706e+16 1.50001e+16 1.47745e+16 1.79579e+15 1.79165e+15 1.78348e+15 1.77939e+15
  126  1.0246e+16 1.03686e+16 1.49992e+16 1.47736e+16 1.79564e+15  1.7915e+15 1.78332e+15 1.77924e+15
  127 1.01021e+16 1.02247e+16 1.45215e+16 1.43068e+16 1.74927e+15 1.74523e+15 1.73731e+15 1.73331e+15
  128 9.78182e+15 9.90424e+15 1.34207e+16 1.32279e+16 1.63649e+15 1.63274e+15 1.62535e+15 1.62164e+15
  129 9.71953e+15 9.84196e+15 1.30492e+16 1.28573e+16 1.58748e+15 1.58394e+15 1.57664e+15 1.57315e+15
  130 1.02357e+16 1.03583e+16 1.49665e+16 1.47417e+16 1.79253e+15  1.7884e+15 1.78024e+15 1.77616e+15
  131 1.02399e+16 1.03625e+16 1.49906e+16 1.47654e+16 1.79505e+15 1.79091e+15 1.78274e+15 1.77865e+15
  132 1.02421e+16 1.03646e+16 1.50131e+16 1.47876e+16 1.79741e+15 1.79326e+15 1.78508e+15 1.78099e+15
  133 1.02397e+16 1.03622e+16 1.50098e+16 1.47842e+16 1.79684e+15  1.7927e+15 1.78452e+15 1.78043e+15
  134 1.02364e+16 1.03588e+16 1.50062e+16 1.47807e+16 1.79638e+15 1.79223e+15 1.78406e+15 1.77996e+15
  135 1.02341e+16 1.03564e+16 1.50083e+16 1.47828e+16 1.79656e+15 1.79241e+15 1.78424e+15 1.78014e+15
  136  1.0231e+16 1.03533e+16 1.49977e+16 1.47723e+16 1.79552e+15 1.79138e+15 1.78321e+15 1.77911e+15
  137 1.00875e+16 1.02099e+16 1.41112e+16 1.38923e+16 1.70009e+15 1.69634e+15 1.68842e+15 1.68471e+15
  138 9.67286e+15 9.79565e+15 1.14231e+16 1.12242e+16 1.41221e+15 1.40963e+15 1.40247e+15 1.39992e+15
  139 9.67125e+15 9.79406e+15 1.14136e+16 1.12149e+16 1.41133e+15 1.40875e+15 1.40159e+15 1.39904e+15
  140 9.65601e+15 9.77856e+15 1.14095e+16 1.12109e+16 1.41045e+15 1.40787e+15 1.40072e+15 1.39817e+15
  141 9.65696e+15 9.77957e+15 1.13996e+16 1.12011e+16 1.40944e+15 1.40686e+15 1.39972e+15 1.39717e+15
  142 9.65994e+15 9.78262e+15  1.1398e+16 1.11996e+16 1.40956e+15 1.40698e+15 1.39984e+15 1.39729e+15
  143 9.66468e+15 9.78746e+15 1.13976e+16 1.11993e+16 1.40979e+15 1.40721e+15 1.40007e+15 1.39752e+15
  144 9.66195e+15 9.78471e+15 1.13873e+16 1.11891e+16  1.4086e+15 1.40603e+15 1.39889e+15 1.39634e+15
  145 9.61362e+15 9.73546e+15 1.13952e+16 1.11969e+16 1.40791e+15 1.40532e+15  1.3982e+15 1.39564e+15
  146 9.65777e+15 9.78041e+15 1.13979e+16 1.11995e+16  1.4094e+15 1.40682e+15 1.39967e+15 1.39713e+15
  147 9.65472e+15 9.77733e+15 1.13963e+16 1.11979e+16 1.40911e+15 1.40653e+15 1.39939e+15 1.39684e+15
  148 9.65518e+15  9.7778e+15 1.13945e+16 1.11961e+16 1.40896e+15 1.40638e+15 1.39924e+15 1.39669e+15
  149 9.65361e+15 9.77623e+15 1.13895e+16 1.11912e+16 1.40844e+15 1.40586e+15 1.39873e+15 1.39618e+15
  150 9.63499e+15 9.75733e+15 1.13772e+16 1.11792e+16 1.40668e+15  1.4041e+15 1.39698e+15 1.39443e+15
  151  9.6367e+15 9.75911e+15  1.1371e+16 1.11731e+16  1.4062e+15 1.40362e+15  1.3965e+15 1.39396e+15
  152 9.64498e+15 9.76761e+15 1.13602e+16 1.11625e+16 1.40537e+15  1.4028e+15 1.39567e+15 1.39313e+15
  153 9.66844e+15  9.7913e+15  1.1393e+16 1.11946e+16 1.40912e+15 1.40655e+15  1.3994e+15 1.39686e+15
  154  9.6581e+15 9.78077e+15 1.13935e+16 1.11951e+16 1.40883e+15 1.40625e+15 1.39911e+15 1.39656e+15
  155 9.64874e+15 9.77126e+15 1.13899e+16 1.11915e+16 1.40827e+15  1.4057e+15 1.39856e+15 1.39601e+15
  156 9.64975e+15 9.77232e+15 1.13823e+16 1.11841e+16 1.40754e+15 1.40497e+15 1.39783e+15 1.39529e+15
  157  9.6472e+15  9.7697e+15 1.13841e+16 1.11858e+16 1.40745e+15 1.40487e+15 1.39774e+15  1.3952e+15
  158 9.63675e+15 9.75911e+15 1.13749e+16 1.11769e+16 1.40657e+15   1.404e+15 1.39687e+15 1.39433e+15
  159 9.64164e+15 9.76408e+15 1.13755e+16 1.11775e+16 1.40671e+15 1.40413e+15   1.397e+15 1.39446e+15
  160 9.65178e+15 9.77455e+15 1.13683e+16 1.11705e+16 1.40639e+15 1.40382e+15 1.39669e+15 1.39415e+15
  161 1.10535e+16 1.12113e+16 1.14697e+16 1.12711e+16 1.45612e+15 1.45366e+15 1.44613e+15  1.4437e+15
  162 1.18813e+16 1.20599e+16 1.15139e+16 1.13152e+16 1.48403e+15 1.48164e+15 1.47388e+15 1.47152e+15
  163  1.3002e+16 1.32086e+16 1.15954e+16  1.1396e+16 1.52374e+15 1.52144e+15 1.51336e+15 1.51108e+15
  164 1.50251e+16  1.5282e+16 1.17679e+16  1.1567e+16 1.59798e+15 1.59584e+15 1.58717e+15 1.58504e+15
  165 1.51905e+16 1.54515e+16 1.17868e+16 1.15856e+16 1.60435e+15 1.60222e+15  1.5935e+15 1.59139e+15
  166  1.6624e+16 1.69208e+16 1.18855e+16 1.16837e+16 1.65484e+15 1.65282e+15  1.6437e+15  1.6417e+15
  167 1.67858e+16 1.70869e+16 1.18808e+16 1.16794e+16 1.65924e+15 1.65723e+15 1.64807e+15 1.64608e+15
  168 1.68021e+16 1.71036e+16 1.18847e+16 1.16831e+16 1.65989e+15 1.65788e+15 1.64871e+15 1.64673e+15
  169 1.67983e+16 1.70996e+16 1.18843e+16 1.16828e+16 1.65973e+15 1.65772e+15 1.64855e+15 1.64657e+15
  170  1.6848e+16 1.71506e+16 1.18931e+16 1.16914e+16 1.66175e+15 1.65975e+15 1.65057e+15 1.64859e+15
  171 1.68405e+16 1.71429e+16  1.1899e+16 1.16971e+16 1.66204e+15 1.66004e+15 1.65085e+15 1.64887e+15
  172 1.68546e+16 1.71573e+16 1.18876e+16  1.1686e+16 1.66155e+15 1.65955e+15 1.65037e+15 1.64839e+15
  173 1.68476e+16 1.71501e+16 1.18899e+16 1.16882e+16 1.66156e+15 1.65956e+15 1.65037e+15 1.64839e+15
  174 1.68657e+16 1.71686e+16 1.18971e+16 1.16953e+16 1.66282e+15 1.66082e+15 1.65163e+15 1.64965e+15
  175  1.6767e+16 1.70701e+16 1.15174e+16 1.13232e+16 1.62444e+15 1.62254e+15 1.61353e+15 1.61165e+15
  176 1.64479e+16 1.67506e+16  1.0454e+16  1.0281e+16 1.51527e+15 1.51364e+15 1.50515e+15 1.50354e+15
  177 1.64438e+16 1.67459e+16 1.05392e+16 1.03643e+16 1.52283e+15 1.52118e+15 1.51265e+15 1.51102e+15
  178 1.64242e+16  1.6726e+16 1.05436e+16 1.03685e+16 1.52251e+15 1.52085e+15 1.51233e+15 1.51069e+15
  179 1.64625e+16  1.6765e+16 1.05281e+16 1.03534e+16 1.52213e+15 1.52048e+15 1.51195e+15 1.51033e+15
  180 1.64544e+16 1.67567e+16 1.05414e+16 1.03664e+16 1.52322e+15 1.52157e+15 1.51304e+15 1.51141e+15
  181 1.64268e+16 1.67287e+16 1.05181e+16 1.03436e+16 1.52032e+15 1.51868e+15 1.51016e+15 1.50853e+15
  182 1.64282e+16 1.67301e+16 1.05204e+16 1.03458e+16 1.52046e+15 1.51881e+15  1.5103e+15 1.50867e+15
  183 1.63919e+16 1.66929e+16 1.05136e+16 1.03392e+16 1.51886e+15 1.51721e+15 1.50871e+15 1.50708e+15
  184 1.63997e+16 1.67015e+16 1.04312e+16 1.02583e+16 1.51099e+15 1.50937e+15  1.5009e+15  1.4993e+15
  185 1.63656e+16 1.66676e+16 1.02667e+16 1.00967e+16 1.49382e+15 1.49225e+15 1.48385e+15 1.48229e+15
  186 1.65859e+16 1.68884e+16 1.09737e+16 1.07899e+16  1.5674e+15 1.56564e+15 1.55689e+15 1.55515e+15
  187 1.67112e+16 1.70107e+16 1.18404e+16 1.16394e+16 1.65267e+15 1.65067e+15 1.64154e+15 1.63956e+15
  188 1.68181e+16 1.71203e+16 1.18485e+16 1.16475e+16 1.65655e+15 1.65456e+15  1.6454e+15 1.64344e+15
  189 1.67825e+16  1.7084e+16 1.18268e+16 1.16263e+16 1.65376e+15 1.65177e+15 1.64263e+15 1.64066e+15
  190 1.68097e+16 1.71117e+16 1.18443e+16 1.16435e+16 1.65615e+15 1.65416e+15   1.645e+15 1.64303e+15
  191 1.67751e+16 1.70765e+16  1.1822e+16 1.16216e+16 1.65305e+15 1.65106e+15 1.64192e+15 1.63995e+15
  192 1.67802e+16 1.70816e+16  1.1822e+16 1.16216e+16 1.65311e+15 1.65112e+15 1.64198e+15 1.64002e+15
  193  1.6662e+16 1.69605e+16 1.18132e+16 1.16128e+16  1.6489e+15  1.6469e+15 1.63779e+15 1.63582e+15
  194 1.67391e+16 1.70396e+16 1.18212e+16 1.16207e+16 1.65185e+15 1.64986e+15 1.64073e+15 1.63876e+15
  195 1.67917e+16 1.70933e+16 1.18379e+16  1.1637e+16 1.65466e+15 1.65268e+15 1.64352e+15 1.64156e+15
  196 1.67089e+16 1.70085e+16 1.18253e+16 1.16245e+16   1.651e+15 1.64901e+15 1.63988e+15 1.63791e+15
  197 1.66894e+16 1.69885e+16 1.18274e+16 1.16266e+16 1.65062e+15 1.64863e+15  1.6395e+15 1.63753e+15
  198 1.65696e+16 1.68658e+16 1.18186e+16 1.16179e+16  1.6463e+15 1.64429e+15 1.63521e+15 1.63323e+15
  199 1.64887e+16 1.67829e+16 1.18157e+16 1.16149e+16 1.64368e+15 1.64166e+15  1.6326e+15 1.63061e+15
  200 1.65265e+16 1.68216e+16 1.18172e+16 1.16163e+16 1.64484e+15 1.64284e+15 1.63376e+15 1.63178e+15
  201  1.6444e+16 1.67371e+16 1.17945e+16  1.1594e+16  1.6403e+15 1.63829e+15 1.62925e+15 1.62726e+15
  202 1.67046e+16 1.70042e+16 1.18242e+16 1.16235e+16 1.65077e+15 1.64878e+15 1.63965e+15 1.63769e+15
  203 1.67459e+16 1.70465e+16 1.18308e+16 1.16302e+16 1.65263e+15 1.65064e+15 1.64151e+15 1.63954e+15
  204 1.67286e+16 1.70288e+16 1.18508e+16   1.165e+16 1.65419e+15 1.65219e+15 1.64305e+15 1.64107e+15
  205 1.67637e+16 1.70637e+16 1.20897e+16 1.18872e+16 1.67977e+15 1.67767e+15 1.66846e+15 1.66638e+15
  206 1.68844e+16 1.71844e+16 1.28615e+16 1.26533e+16 1.76268e+15 1.76023e+15 1.75081e+15  1.7484e+15
  207 1.69214e+16 1.72215e+16  1.3036e+16 1.28265e+16 1.78154e+15 1.77902e+15 1.76954e+15 1.76706e+15
  208 1.68253e+16 1.71185e+16 1.41572e+16 1.39395e+16 1.89436e+15 1.89133e+15 1.88161e+15  1.8786e+15
  209  1.6926e+16   1.722e+16 1.45755e+16 1.43545e+16 1.93999e+15 1.93677e+15 1.92693e+15 1.92375e+15
  210 1.72055e+16 1.75055e+16 1.48256e+16 1.46028e+16 1.97359e+15 1.97029e+15 1.96031e+15 1.95705e+15
  211 1.72918e+16  1.7592e+16 1.53339e+16 1.51073e+16 2.02825e+15 2.02473e+15  2.0146e+15 2.01112e+15
  212 1.70933e+16 1.73931e+16 1.47726e+16 1.45602e+16 1.97401e+15 1.97059e+15 1.96078e+15  1.9574e+15
  213 1.64378e+16 1.67326e+16 1.29484e+16 1.27665e+16 1.78343e+15 1.78052e+15 1.77156e+15 1.76868e+15
  214 1.66068e+16 1.69023e+16  1.3424e+16 1.32319e+16  1.8308e+15 1.82778e+15 1.81857e+15 1.81559e+15
  215 1.67742e+16 1.70726e+16 1.37528e+16 1.35584e+16 1.86937e+15 1.86622e+15 1.85689e+15 1.85378e+15
  216 1.67201e+16 1.70158e+16 1.41059e+16 1.39092e+16  1.9044e+15 1.90108e+15 1.89168e+15  1.8884e+15
  217 1.68596e+16 1.71586e+16 1.41526e+16 1.39555e+16 1.91317e+15 1.90985e+15  1.9004e+15 1.89712e+15
  218 1.68432e+16 1.71418e+16 1.41526e+16 1.39551e+16 1.91208e+15 1.90876e+15 1.89932e+15 1.89604e+15
  219 1.71501e+16 1.74473e+16 1.52954e+16 1.50701e+16 2.01984e+15 2.01631e+15 2.00625e+15 2.00276e+15
  220 1.71086e+16 1.74074e+16 1.46868e+16 1.44633e+16 1.94076e+15  1.9376e+15 1.92767e+15 1.92455e+15
  221 1.67747e+16 1.70744e+16 1.26003e+16 1.23852e+16 1.67164e+15 1.66965e+15 1.66026e+15  1.6583e+15
  222 1.67966e+16 1.70965e+16 1.26402e+16 1.24242e+16 1.67578e+15 1.67378e+15 1.66437e+15  1.6624e+15
  223 1.67957e+16 1.70954e+16 1.26465e+16 1.24303e+16 1.67622e+15 1.67423e+15 1.66481e+15 1.66284e+15
  224 1.67945e+16 1.70942e+16  1.2657e+16 1.24406e+16  1.6772e+15  1.6752e+15 1.66578e+15 1.66381e+15
  225 1.67987e+16 1.70985e+16 1.26608e+16 1.24444e+16 1.67771e+15 1.67571e+15 1.66628e+15 1.66431e+15
  226 1.68023e+16 1.71022e+16  1.2655e+16 1.24387e+16 1.67727e+15 1.67528e+15 1.66585e+15 1.66388e+15
  227 1.67977e+16 1.70975e+16 1.26442e+16  1.2428e+16 1.67605e+15 1.67406e+15 1.66464e+15 1.66268e+15
  228  1.6794e+16 1.70937e+16 1.26447e+16 1.24285e+16 1.67603e+15 1.67404e+15 1.66462e+15 1.66265e+15
  229 1.67694e+16 1.70687e+16 1.26342e+16 1.24182e+16  1.6743e+15 1.67231e+15  1.6629e+15 1.66094e+15
  230 1.67624e+16 1.70614e+16 1.26348e+16 1.24188e+16 1.67416e+15 1.67217e+15 1.66277e+15  1.6608e+15
  231  1.6775e+16 1.70743e+16 1.26352e+16 1.24192e+16 1.67457e+15 1.67258e+15 1.66317e+15  1.6612e+15
  232 1.67301e+16 1.70286e+16 1.26341e+16 1.24181e+16 1.67302e+15 1.67103e+15 1.66163e+15 1.65966e+15
  233 1.67679e+16  1.7067e+16 1.26377e+16 1.24216e+16  1.6745e+15 1.67251e+15  1.6631e+15 1.66113e+15
  234 1.67761e+16 1.70755e+16 1.26296e+16 1.24136e+16 1.67401e+15 1.67202e+15 1.66261e+15 1.66065e+15
  235 1.67709e+16 1.70702e+16 1.26207e+16 1.24049e+16 1.67303e+15 1.67105e+15 1.66164e+15 1.65968e+15
  236 1.65895e+16 1.68883e+16  1.1987e+16 1.17822e+16 1.60871e+15  1.6069e+15 1.59778e+15   1.596e+15
  237 1.62454e+16 1.65442e+16 1.06285e+16 1.04473e+16 1.47175e+15 1.47033e+15 1.46181e+15 1.46041e+15
  238 1.62314e+16 1.65301e+16 1.05901e+16 1.04095e+16 1.46776e+15 1.46635e+15 1.45785e+15 1.45645e+15
  239 1.62416e+16 1.65405e+16 1.05921e+16 1.04114e+16 1.46819e+15 1.46678e+15 1.45827e+15 1.45688e+15
  240 1.67347e+16 1.70339e+16 1.24747e+16 1.22607e+16 1.65779e+15 1.65586e+15 1.64651e+15 1.64459e+15
  241 1.67486e+16 1.70476e+16 1.25836e+16 1.23685e+16 1.66909e+15 1.66711e+15 1.65773e+15 1.65577e+15
  242 1.67356e+16 1.70344e+16 1.25871e+16  1.2372e+16 1.66911e+15 1.66713e+15 1.65775e+15 1.65579e+15
  243 1.67537e+16 1.70529e+16 1.25837e+16 1.23687e+16  1.6693e+15 1.66732e+15 1.65794e+15 1.65598e+15
  244 1.67476e+16 1.70465e+16 1.26061e+16 1.23906e+16 1.67103e+15 1.66905e+15 1.65966e+15 1.65769e+15
  245 1.67432e+16  1.7042e+16  1.2604e+16 1.23885e+16 1.67078e+15 1.66879e+15  1.6594e+15 1.65744e+15
  246  1.6725e+16 1.70235e+16 1.25917e+16 1.23765e+16 1.66907e+15 1.66709e+15 1.65771e+15 1.65575e+15
  247 1.67207e+16 1.70191e+16 1.25923e+16 1.23771e+16   1.669e+15 1.66701e+15 1.65763e+15 1.65567e+15
  248 1.67209e+16 1.70193e+16 1.25832e+16 1.23681e+16  1.6681e+15 1.66612e+15 1.65675e+15 1.65479e+15
  249 1.67249e+16 1.70234e+16 1.25896e+16 1.23743e+16 1.66881e+15 1.66683e+15 1.65745e+15 1.65549e+15
  250 1.67297e+16 1.70283e+16 1.25866e+16 1.23714e+16 1.66867e+15 1.66669e+15 1.65731e+15 1.65536e+15
  251 1.67376e+16 1.70362e+16 1.26059e+16 1.23903e+16 1.67065e+15 1.66866e+15 1.65927e+15 1.65731e+15
  252 1.67343e+16 1.70329e+16 1.26052e+16 1.23896e+16 1.67049e+15  1.6685e+15 1.65911e+15 1.65715e+15
  253 1.67337e+16 1.70322e+16 1.26051e+16 1.23894e+16 1.67046e+15 1.66847e+15 1.65909e+15 1.65713e+15
  254 1.67305e+16  1.7029e+16 1.25964e+16 1.23809e+16 1.66959e+15  1.6676e+15 1.65822e+15 1.65626e+15
  255 1.67078e+16 1.70058e+16 1.25956e+16 1.23803e+16 1.66907e+15 1.66709e+15 1.65771e+15 1.65575e+15
  256 1.67614e+16 1.70596e+16 1.28424e+16 1.26261e+16 1.70131e+15 1.69918e+15 1.68974e+15 1.68764e+15
  257 1.68699e+16 1.71679e+16 1.35182e+16 1.32991e+16 1.78821e+15 1.78571e+15 1.77609e+15 1.77362e+15
  258 1.69094e+16 1.72078e+16 1.36698e+16 1.34501e+16 1.80836e+15 1.80577e+15 1.79611e+15 1.79355e+15
  259 1.70618e+16 1.73599e+16 1.45778e+16 1.43545e+16 1.92558e+15 1.92248e+15 1.91258e+15 1.90952e+15
  260 1.70985e+16 1.73965e+16 1.48252e+16  1.4601e+16 1.95762e+15 1.95438e+15 1.94442e+15 1.94122e+15
  261 1.71956e+16 1.74934e+16 1.54262e+16 1.51997e+16  2.0354e+15 2.03182e+15 2.02171e+15 2.01817e+15
  262 1.72197e+16 1.75175e+16  1.5556e+16  1.5329e+16 2.05242e+15 2.04876e+15 2.03862e+15   2.035e+15
  263 1.72057e+16 1.75032e+16 1.55465e+16 1.53197e+16 2.05111e+15 2.04745e+15 2.03731e+15  2.0337e+15
  264 1.71997e+16 1.74973e+16 1.54802e+16 1.52538e+16 2.04375e+15 2.04013e+15 2.03001e+15 2.02643e+15
  265 1.71492e+16 1.74462e+16 1.53665e+16 1.51403e+16 2.02692e+15 2.02337e+15 2.01328e+15 2.00977e+15
  266 1.70935e+16 1.73907e+16 1.49812e+16 1.47564e+16 1.97729e+15 1.97395e+15 1.96396e+15 1.96067e+15
  267 1.70856e+16 1.73828e+16 1.49686e+16 1.47441e+16 1.97583e+15  1.9725e+15 1.96251e+15 1.95922e+15
  268 1.71296e+16 1.74269e+16 1.52015e+16 1.49761e+16 2.00611e+15 2.00265e+15  1.9926e+15 1.98918e+15
  269 1.71869e+16 1.74842e+16 1.55232e+16 1.52967e+16   2.048e+15 2.04435e+15 2.03423e+15 2.03062e+15
  270 1.71828e+16 1.74798e+16 1.55375e+16 1.53108e+16 2.04933e+15 2.04568e+15 2.03555e+15 2.03194e+15
  271   1.718e+16 1.74772e+16 1.55164e+16 1.52901e+16  2.0474e+15 2.04376e+15 2.03363e+15 2.03003e+15
  272 1.71733e+16 1.74704e+16 1.54712e+16 1.52447e+16  2.0409e+15 2.03729e+15 2.02718e+15  2.0236e+15
  273  1.6688e+16 1.69854e+16  1.2652e+16 1.24369e+16 1.67667e+15 1.67464e+15 1.66526e+15 1.66325e+15
  274 1.67616e+16  1.7059e+16 1.30744e+16 1.28578e+16 1.73164e+15 1.72937e+15 1.71989e+15 1.71764e+15
  275 1.71623e+16 1.74593e+16 1.54485e+16 1.52223e+16 2.03812e+15 2.03451e+15 2.02441e+15 2.02084e+15
  276 1.71812e+16 1.74783e+16 1.55214e+16 1.52947e+16 2.04755e+15 2.04391e+15 2.03378e+15 2.03018e+15
  277 1.71677e+16 1.74645e+16 1.55247e+16 1.52979e+16 2.04737e+15 2.04373e+15  2.0336e+15    2.03e+15
  278 1.71683e+16 1.74651e+16 1.55207e+16  1.5294e+16 2.04702e+15 2.04337e+15 2.03325e+15 2.02965e+15
  279 1.71147e+16 1.74115e+16 1.53177e+16 1.50955e+16 2.02794e+15 2.02435e+15 2.01432e+15 2.01076e+15
  280   1.687e+16 1.71669e+16 1.43283e+16 1.41231e+16 1.92622e+15 1.92292e+15 1.91332e+15 1.91006e+15
  281 1.64938e+16 1.67904e+16 1.27089e+16 1.25233e+16 1.74684e+15 1.74416e+15 1.73517e+15 1.73252e+15
  282 1.65442e+16  1.6841e+16 1.28693e+16 1.26805e+16 1.76261e+15 1.75989e+15 1.75082e+15 1.74813e+15
  283 1.67436e+16 1.70405e+16 1.34429e+16  1.3241e+16 1.82112e+15 1.81829e+15  1.8089e+15  1.8061e+15
  284 1.67629e+16 1.70598e+16 1.35297e+16 1.33263e+16 1.82999e+15 1.82713e+15  1.8177e+15 1.81487e+15
  285 1.68665e+16 1.71631e+16 1.42246e+16 1.40161e+16 1.90437e+15 1.90121e+15 1.89158e+15 1.88846e+15
  286 1.69567e+16 1.72531e+16 1.47786e+16 1.45677e+16 1.97547e+15   1.972e+15 1.96223e+15  1.9588e+15
  287 1.71403e+16 1.74369e+16 1.54641e+16 1.52384e+16 2.04075e+15 2.03712e+15 2.02703e+15 2.02344e+15
  288  1.7132e+16 1.74284e+16 1.54613e+16 1.52358e+16 2.04054e+15  2.0369e+15 2.02681e+15 2.02323e+15
  289 1.71345e+16 1.74309e+16 1.54656e+16   1.524e+16 2.04099e+15 2.03736e+15 2.02726e+15 2.02367e+15
  290 1.71378e+16 1.74341e+16 1.54874e+16 1.52612e+16  2.0428e+15 2.03917e+15 2.02907e+15 2.02547e+15
  291 1.71171e+16  1.7413e+16  1.5487e+16 1.52609e+16 2.04225e+15 2.03861e+15 2.02852e+15 2.02492e+15
  292 1.71101e+16 1.74058e+16 1.54827e+16 1.52567e+16 2.04158e+15 2.03794e+15 2.02785e+15 2.02425e+15
  293 1.71233e+16 1.74194e+16 1.54813e+16 1.52552e+16 2.04187e+15 2.03823e+15 2.02813e+15 2.02454e+15
  294 1.71143e+16 1.74103e+16 1.54594e+16 1.52336e+16 2.03944e+15 2.03581e+15 2.02573e+15 2.02214e+15
  295 1.71056e+16 1.74014e+16 1.54581e+16 1.52324e+16 2.03897e+15 2.03534e+15 2.02526e+15 2.02168e+15
  296 1.70879e+16 1.73833e+16 1.54655e+16 1.52394e+16 2.03893e+15  2.0353e+15 2.02522e+15 2.02163e+15
  297  1.7027e+16 1.73209e+16 1.54653e+16 1.52393e+16 2.03724e+15  2.0336e+15 2.02353e+15 2.01994e+15
  298 1.70776e+16 1.73728e+16 1.54697e+16 1.52436e+16  2.0391e+15 2.03547e+15 2.02539e+15  2.0218e+15
  299 1.71078e+16 1.74035e+16 1.54822e+16  1.5256e+16  2.0413e+15 2.03767e+15 2.02757e+15 2.02398e+15
  300 1.71039e+16 1.73995e+16 1.54744e+16 1.52483e+16 2.04053e+15 2.03689e+15  2.0268e+15 2.02321e+15
  301 1.71048e+16 1.74004e+16 1.54756e+16 1.52495e+16 2.04063e+15   2.037e+15 2.02691e+15 2.02332e+15
  302 1.70993e+16 1.73949e+16 1.54591e+16 1.52333e+16 2.03898e+15 2.03535e+15 2.02527e+15 2.02168e+15
  303 1.71074e+16 1.74032e+16 1.54645e+16 1.52387e+16 2.03971e+15 2.03608e+15 2.02599e+15  2.0224e+15
  304 1.71102e+16 1.74061e+16 1.54457e+16 1.52201e+16 2.03791e+15 2.03429e+15 2.02421e+15 2.02063e+15
  305  1.7095e+16 1.73907e+16 1.54228e+16 1.51974e+16 2.03472e+15 2.03111e+15 2.02104e+15 2.01747e+15
  306 1.71011e+16 1.73968e+16 1.54414e+16 1.52159e+16 2.03727e+15 2.03364e+15 2.02357e+15 2.01998e+15
  307 1.70847e+16 1.73802e+16 1.54293e+16  1.5204e+16 2.03556e+15 2.03194e+15 2.02187e+15 2.01829e+15
  308 1.70946e+16 1.73902e+16 1.54515e+16 1.52259e+16 2.03806e+15 2.03443e+15 2.02435e+15 2.02076e+15
  309  1.7074e+16 1.73692e+16 1.54329e+16 1.52076e+16 2.03566e+15 2.03203e+15 2.02197e+15 2.01839e+15
  310 1.70572e+16 1.73521e+16 1.54215e+16 1.51962e+16 2.03381e+15 2.03019e+15 2.02013e+15 2.01656e+15
  311 1.70485e+16 1.73434e+16 1.53916e+16 1.51665e+16 2.03014e+15 2.02653e+15 2.01648e+15 2.01292e+15
  312 1.70233e+16 1.73178e+16 1.53691e+16 1.51444e+16 2.02708e+15 2.02348e+15 2.01345e+15 2.00989e+15
  313 1.69286e+16 1.72218e+16 1.52207e+16 1.49966e+16 2.00595e+15 2.00242e+15 1.99245e+15 1.98897e+15
  314 1.69381e+16 1.72329e+16 1.48112e+16 1.45883e+16 1.95427e+15 1.95099e+15 1.94109e+15 1.93785e+15
  315 1.69385e+16 1.72333e+16 1.48089e+16  1.4586e+16 1.95407e+15 1.95079e+15 1.94089e+15 1.93766e+15
  316  1.6928e+16 1.72225e+16 1.48019e+16 1.45792e+16  1.9531e+15 1.94982e+15 1.93993e+15  1.9367e+15
  317 1.68877e+16 1.71826e+16 1.44905e+16 1.42718e+16 1.92208e+15 1.91892e+15 1.90914e+15 1.90601e+15
  318 1.67548e+16 1.70502e+16 1.36963e+16 1.34871e+16  1.8407e+15 1.83784e+15 1.82832e+15 1.82548e+15
  319  1.6743e+16 1.70381e+16 1.36968e+16 1.34876e+16 1.84051e+15 1.83764e+15 1.82813e+15 1.82529e+15
  320 1.67388e+16 1.70338e+16 1.36839e+16 1.34749e+16 1.83917e+15  1.8363e+15 1.82679e+15 1.82396e+15
  321 1.67441e+16 1.70392e+16 1.36874e+16 1.34784e+16 1.83977e+15  1.8369e+15 1.82739e+15 1.82456e+15
  322 1.67402e+16 1.70353e+16 1.36758e+16  1.3467e+16 1.83837e+15  1.8355e+15   1.826e+15 1.82317e+15
  323 1.67304e+16 1.70254e+16 1.36673e+16 1.34587e+16  1.8373e+15 1.83444e+15 1.82494e+15 1.82211e+15
  324 1.67213e+16 1.70161e+16 1.36593e+16 1.34507e+16 1.83617e+15 1.83331e+15 1.82382e+15 1.82099e+15
  325 1.67188e+16 1.70136e+16 1.36611e+16 1.34525e+16  1.8363e+15 1.83344e+15 1.82395e+15 1.82112e+15
  326 1.67274e+16 1.70222e+16 1.36778e+16 1.34688e+16 1.83805e+15 1.83519e+15 1.82569e+15 1.82286e+15
  327 1.67781e+16 1.70727e+16 1.40122e+16 1.38011e+16  1.8775e+15 1.87447e+15 1.86487e+15 1.86188e+15
  328 1.70145e+16 1.73086e+16 1.53552e+16 1.51306e+16 2.02583e+15 2.02223e+15  2.0122e+15 2.00865e+15
  329 1.70247e+16  1.7319e+16 1.53729e+16 1.51478e+16 2.02773e+15 2.02413e+15 2.01409e+15 2.01053e+15
  330 1.70301e+16 1.73245e+16 1.53712e+16 1.51464e+16 2.02791e+15  2.0243e+15 2.01427e+15 2.01071e+15
  331 1.70343e+16  1.7329e+16 1.53503e+16 1.51258e+16 2.02576e+15 2.02216e+15 2.01213e+15 2.00858e+15
  332 1.70307e+16 1.73252e+16 1.53431e+16 1.51186e+16 2.02465e+15 2.02107e+15 2.01104e+15 2.00749e+15
  333 1.70127e+16 1.73069e+16 1.53468e+16 1.51224e+16 2.02475e+15 2.02116e+15 2.01113e+15 2.00758e+15
  334 1.69901e+16 1.72843e+16 1.52871e+16 1.50643e+16 2.01894e+15 2.01535e+15 2.00537e+15 2.00182e+15
  335 1.70126e+16 1.73067e+16 1.53683e+16 1.51435e+16 2.02692e+15 2.02332e+15 2.01328e+15 2.00972e+15
  336 1.70066e+16 1.73006e+16  1.5369e+16 1.51441e+16  2.0267e+15  2.0231e+15 2.01307e+15 2.00951e+15
  337 1.70011e+16  1.7295e+16 1.53655e+16 1.51407e+16 2.02615e+15 2.02255e+15 2.01252e+15 2.00896e+15
  338  1.6989e+16 1.72826e+16 1.53527e+16 1.51281e+16 2.02455e+15 2.02096e+15 2.01094e+15 2.00738e+15
  339 1.69829e+16 1.72766e+16 1.53346e+16 1.51104e+16 2.02282e+15 2.01922e+15 2.00921e+15 2.00566e+15
  340 1.69738e+16 1.72672e+16 1.53367e+16 1.51124e+16 2.02263e+15 2.01903e+15 2.00903e+15 2.00547e+15
  341 1.69887e+16 1.72824e+16  1.5349e+16 1.51244e+16 2.02408e+15 2.02048e+15 2.01046e+15 2.00691e+15
  342 1.70083e+16 1.73025e+16  1.5343e+16 1.51186e+16 2.02416e+15 2.02057e+15 2.01054e+15 2.00699e+15
  343 1.70072e+16 1.73014e+16 1.53318e+16 1.51076e+16 2.02314e+15 2.01955e+15 2.00953e+15 2.00598e+15
  344 1.70053e+16 1.72995e+16  1.5329e+16 1.51049e+16 2.02288e+15 2.01929e+15 2.00927e+15 2.00572e+15
  345 1.70041e+16 1.72984e+16 1.53084e+16 1.50846e+16 2.02078e+15  2.0172e+15 2.00719e+15 2.00365e+15
  346 1.70062e+16 1.73004e+16 1.53151e+16 1.50912e+16 2.02153e+15 2.01794e+15 2.00793e+15 2.00439e+15
  347 1.69991e+16 1.72932e+16 1.53101e+16 1.50863e+16 2.02089e+15  2.0173e+15  2.0073e+15 2.00375e+15
  348 1.67445e+16 1.70339e+16 1.52865e+16 1.50628e+16 2.01057e+15 2.00696e+15 1.99704e+15 1.99348e+15
  349 1.69642e+16 1.72578e+16 1.52696e+16 1.50466e+16 2.01637e+15 2.01279e+15 2.00281e+15 1.99928e+15
  350 1.69809e+16 1.72747e+16 1.53024e+16 1.50787e+16 2.01962e+15 2.01604e+15 2.00604e+15  2.0025e+15
  351 1.69805e+16 1.72743e+16 1.52947e+16 1.50711e+16 2.01872e+15 2.01515e+15 2.00515e+15 2.00161e+15
  352 1.69729e+16 1.72667e+16 1.52785e+16 1.50552e+16 2.01701e+15 2.01344e+15 2.00345e+15 1.99992e+15
  353 1.66324e+16 1.69258e+16 1.43552e+16 1.41533e+16 1.92248e+15 1.91907e+15 1.90963e+15 1.90627e+15
  354 1.56473e+16 1.59401e+16 1.16023e+16 1.14641e+16 1.64199e+15  1.6391e+15 1.63126e+15  1.6284e+15
  355 1.56434e+16 1.59362e+16 1.16006e+16 1.14624e+16 1.64175e+15 1.63886e+15 1.63103e+15 1.62817e+15
  356 1.56497e+16 1.59425e+16 1.16125e+16 1.14741e+16 1.64296e+15 1.64007e+15 1.63223e+15 1.62937e+15
  357 1.56515e+16 1.59444e+16 1.16092e+16 1.14709e+16 1.64272e+15 1.63983e+15 1.63199e+15 1.62913e+15
  358   1.565e+16 1.59428e+16 1.16192e+16 1.14807e+16 1.64367e+15 1.64078e+15 1.63294e+15 1.63007e+15
  359 1.56254e+16 1.59177e+16 1.16125e+16 1.14741e+16  1.6423e+15 1.63941e+15 1.63158e+15 1.62871e+15
  360 1.55788e+16 1.58708e+16  1.1438e+16 1.13005e+16  1.6199e+15 1.61709e+15 1.60931e+15 1.60654e+15
  361  1.5491e+16 1.57828e+16 1.09946e+16 1.08587e+16 1.56184e+15 1.55929e+15 1.55163e+15  1.5491e+15
  362 1.54678e+16 1.57598e+16 1.08689e+16 1.07359e+16 1.55044e+15 1.54791e+15 1.54031e+15 1.53781e+15
  363 1.55102e+16 1.58023e+16  1.0982e+16 1.08463e+16 1.56115e+15  1.5586e+15 1.55094e+15 1.54842e+15
  364 1.55327e+16  1.5825e+16 1.10941e+16  1.0958e+16 1.57574e+15 1.57313e+15 1.56543e+15 1.56285e+15
  365 1.56084e+16 1.59004e+16 1.15824e+16 1.14443e+16 1.63879e+15 1.63591e+15 1.62809e+15 1.62524e+15
  366 1.56094e+16 1.59015e+16 1.15801e+16  1.1442e+16 1.63851e+15 1.63563e+15 1.62781e+15 1.62496e+15
  367 1.56065e+16 1.58986e+16 1.15745e+16 1.14365e+16 1.63789e+15   1.635e+15 1.62719e+15 1.62434e+15
  368 1.55997e+16 1.58916e+16 1.15538e+16  1.1416e+16 1.63512e+15 1.63225e+15 1.62444e+15  1.6216e+15
  369 1.56043e+16 1.58963e+16 1.15679e+16   1.143e+16 1.63704e+15 1.63416e+15 1.62634e+15  1.6235e+15
  370 1.56075e+16 1.58995e+16  1.1579e+16  1.1441e+16 1.63838e+15  1.6355e+15 1.62768e+15 1.62483e+15
  371 1.56239e+16 1.59159e+16 1.16309e+16 1.14917e+16 1.64374e+15 1.64084e+15   1.633e+15 1.63013e+15
  372 1.59114e+16 1.62034e+16 1.24493e+16 1.22911e+16 1.72699e+15 1.72394e+15 1.71562e+15 1.71261e+15
  373 1.60126e+16 1.63046e+16 1.27385e+16 1.25735e+16 1.75608e+15 1.75298e+15 1.74448e+15 1.74142e+15
  374 1.61375e+16 1.64296e+16 1.27696e+16 1.25918e+16  1.7418e+15 1.73893e+15 1.73021e+15 1.72738e+15
  375 1.65776e+16   1.687e+16 1.42841e+16 1.40824e+16 1.91229e+15 1.90892e+15  1.8995e+15 1.89617e+15
  376 1.66315e+16 1.69237e+16 1.44814e+16 1.42758e+16 1.93317e+15 1.92975e+15 1.92023e+15 1.91685e+15
  377 1.68837e+16  1.7176e+16 1.51956e+16 1.49734e+16 2.00568e+15 2.00213e+15 1.99219e+15 1.98868e+15
  378 1.69458e+16 1.72381e+16 1.53646e+16 1.51384e+16 2.02297e+15 2.01938e+15 2.00935e+15 2.00581e+15
  379 1.69501e+16 1.72426e+16 1.53532e+16 1.51273e+16 2.02214e+15 2.01856e+15 2.00853e+15 2.00499e+15
  380 1.69518e+16 1.72442e+16 1.53547e+16 1.51287e+16 2.02218e+15  2.0186e+15 2.00857e+15 2.00503e+15
  381 1.69545e+16 1.72469e+16 1.53626e+16 1.51365e+16 2.02308e+15  2.0195e+15 2.00946e+15 2.00592e+15
  382 1.69614e+16 1.72538e+16 1.53844e+16 1.51578e+16 2.02536e+15 2.02178e+15 2.01173e+15 2.00818e+15
  383 1.68916e+16 1.71826e+16 1.53865e+16 1.51598e+16 2.02334e+15 2.01974e+15 2.00971e+15 2.00616e+15
  384 1.69583e+16 1.72505e+16 1.54196e+16 1.51921e+16 2.02839e+15 2.02479e+15 2.01473e+15 2.01117e+15
  385 1.69589e+16  1.7251e+16 1.54275e+16 1.51999e+16 2.02908e+15 2.02548e+15 2.01542e+15 2.01186e+15
  386 1.69541e+16 1.72461e+16 1.54164e+16 1.51889e+16 2.02786e+15 2.02426e+15  2.0142e+15 2.01065e+15
  387  1.6947e+16  1.7239e+16 1.54081e+16 1.51808e+16 2.02688e+15 2.02329e+15 2.01323e+15 2.00968e+15
  388 1.69468e+16 1.72387e+16 1.54012e+16 1.51741e+16 2.02641e+15 2.02282e+15 2.01276e+15 2.00922e+15
  389  1.6842e+16 1.71314e+16  1.5378e+16 1.51513e+16 2.02115e+15 2.01756e+15 2.00754e+15 2.00399e+15
  390  1.6801e+16 1.70894e+16 1.53735e+16 1.51468e+16 2.01956e+15 2.01596e+15 2.00595e+15  2.0024e+15
  391 1.69195e+16  1.7211e+16 1.53709e+16 1.51444e+16 2.02278e+15  2.0192e+15 2.00916e+15 2.00562e+15
  392  1.6924e+16 1.72156e+16 1.53768e+16 1.51501e+16 2.02336e+15 2.01978e+15 2.00974e+15  2.0062e+15
  393 1.64381e+16 1.67295e+16 1.35837e+16 1.33976e+16 1.85623e+15 1.85302e+15 1.84385e+15 1.84068e+15
  394 1.58363e+16 1.61277e+16 1.13104e+16  1.1176e+16 1.64497e+15 1.64224e+15 1.63417e+15 1.63147e+15
  395 1.58216e+16 1.61129e+16 1.12494e+16 1.11155e+16 1.63839e+15 1.63568e+15 1.62763e+15 1.62496e+15
  396 1.58427e+16 1.61343e+16 1.13026e+16 1.11684e+16 1.64451e+15 1.64178e+15 1.63371e+15 1.63101e+15
  397 1.58626e+16 1.61545e+16   1.132e+16 1.11854e+16 1.64677e+15 1.64404e+15 1.63596e+15 1.63326e+15
  398  1.5865e+16 1.61569e+16 1.13209e+16 1.11863e+16 1.64682e+15 1.64409e+15 1.63601e+15 1.63331e+15
  399 1.58609e+16 1.61528e+16 1.13188e+16 1.11842e+16  1.6465e+15 1.64378e+15 1.63569e+15 1.63299e+15
  400 1.58621e+16  1.6154e+16 1.13177e+16 1.11831e+16 1.64643e+15 1.64371e+15 1.63562e+15 1.63293e+15
  401 1.58592e+16  1.6151e+16 1.13154e+16 1.11808e+16 1.64599e+15 1.64326e+15 1.63518e+15 1.63248e+15
  402 1.58429e+16 1.61345e+16  1.1296e+16 1.11619e+16 1.64384e+15 1.64111e+15 1.63304e+15 1.63035e+15
  403 1.58472e+16 1.61388e+16 1.13056e+16 1.11712e+16 1.64481e+15 1.64208e+15 1.63401e+15 1.63131e+15
  404 1.58372e+16 1.61286e+16 1.13058e+16 1.11714e+16 1.64459e+15 1.64186e+15 1.63379e+15 1.63109e+15
  405 1.58408e+16 1.61323e+16 1.13012e+16 1.11668e+16 1.64414e+15 1.64141e+15 1.63334e+15 1.63065e+15
  406 1.58442e+16 1.61358e+16  1.1306e+16 1.11715e+16 1.64471e+15 1.64199e+15 1.63391e+15 1.63122e+15
  407 1.58337e+16  1.6125e+16  1.1301e+16 1.11666e+16 1.64391e+15 1.64118e+15 1.63311e+15 1.63042e+15
  408 1.58276e+16 1.61189e+16 1.12924e+16 1.11581e+16 1.64282e+15  1.6401e+15 1.63203e+15 1.62934e+15
  409 1.58216e+16 1.61128e+16 1.12687e+16  1.1135e+16 1.64053e+15 1.63781e+15 1.62975e+15 1.62707e+15
  410 1.56381e+16 1.59291e+16 1.07869e+16 1.06644e+16 1.59109e+15 1.58846e+15 1.58069e+15 1.57809e+15
  411 1.55447e+16 1.58356e+16 1.04537e+16 1.03356e+16 1.55234e+15 1.54984e+15 1.54221e+15 1.53974e+15
  412 1.54805e+16 1.57717e+16  1.0003e+16 9.88678e+15 1.49468e+15 1.49243e+15 1.48492e+15 1.48269e+15
  413 1.54816e+16 1.57727e+16 1.00069e+16 9.89077e+15 1.49522e+15 1.49297e+15 1.48545e+15 1.48323e+15
  414 1.54851e+16 1.57763e+16 1.00088e+16 9.89263e+15 1.49554e+15 1.49328e+15 1.48577e+15 1.48354e+15
  415 1.54813e+16 1.57724e+16 1.00098e+16 9.89355e+15  1.4955e+15 1.49325e+15 1.48573e+15  1.4835e+15
  416 1.54793e+16 1.57704e+16  9.9993e+15 9.88315e+15 1.49423e+15 1.49198e+15 1.48447e+15 1.48224e+15
  417 1.54775e+16 1.57686e+16 1.00088e+16 9.89263e+15 1.49535e+15 1.49309e+15 1.48558e+15 1.48335e+15
  418 1.54759e+16 1.57669e+16 1.00089e+16 9.89273e+15 1.49537e+15 1.49311e+15  1.4856e+15 1.48337e+15
  419 1.54802e+16 1.57713e+16 1.00075e+16 9.89129e+15 1.49526e+15 1.49301e+15  1.4855e+15 1.48327e+15
  420 1.54661e+16  1.5757e+16 9.99942e+15 9.88331e+15 1.49397e+15 1.49171e+15 1.48421e+15 1.48198e+15
  421 1.55657e+16 1.58565e+16 1.05896e+16 1.04711e+16 1.57026e+15 1.56768e+15 1.56002e+15 1.55747e+15
  422 1.58036e+16 1.60946e+16 1.12548e+16 1.11214e+16 1.63878e+15 1.63606e+15 1.62802e+15 1.62534e+15
  423 1.58113e+16 1.61024e+16 1.12669e+16 1.11333e+16 1.64021e+15 1.63749e+15 1.62944e+15 1.62676e+15
  424   1.581e+16 1.61011e+16 1.12685e+16 1.11347e+16 1.63994e+15 1.63723e+15 1.62917e+15 1.62649e+15
  425 1.58027e+16 1.60936e+16 1.12693e+16 1.11354e+16 1.63987e+15 1.63715e+15  1.6291e+15 1.62641e+15
  426 1.57961e+16 1.60869e+16 1.12654e+16 1.11316e+16 1.63926e+15 1.63654e+15 1.62849e+15 1.62581e+15
  427 1.57937e+16 1.60845e+16 1.12597e+16 1.11259e+16 1.63858e+15 1.63586e+15 1.62782e+15 1.62514e+15
  428 1.57795e+16   1.607e+16 1.12562e+16 1.11225e+16 1.63786e+15 1.63514e+15  1.6271e+15 1.62442e+15
  429 1.57771e+16 1.60675e+16 1.12433e+16 1.11097e+16 1.63641e+15  1.6337e+15 1.62566e+15 1.62298e+15
  430 1.57828e+16 1.60733e+16 1.12506e+16  1.1117e+16 1.63736e+15 1.63465e+15 1.62661e+15 1.62393e+15
  431 1.57915e+16 1.60821e+16 1.12625e+16 1.11286e+16 1.63867e+15 1.63596e+15 1.62791e+15 1.62523e+15
  432 1.57815e+16  1.6072e+16 1.12322e+16 1.10983e+16 1.63448e+15 1.63179e+15 1.62375e+15 1.62108e+15
  433 1.57834e+16 1.60738e+16  1.1255e+16 1.11211e+16 1.63752e+15 1.63481e+15 1.62677e+15 1.62409e+15
  434 1.57883e+16 1.60788e+16 1.12612e+16 1.11272e+16 1.63847e+15 1.63576e+15 1.62771e+15 1.62503e+15
  435 1.57852e+16 1.60756e+16  1.1258e+16 1.11241e+16 1.63798e+15 1.63526e+15 1.62722e+15 1.62454e+15
  436 1.57745e+16 1.60647e+16 1.12555e+16 1.11216e+16 1.63742e+15 1.63471e+15 1.62667e+15 1.62399e+15
  437 1.56611e+16 1.59513e+16 1.05347e+16 1.04062e+16 1.56017e+15 1.55777e+15 1.54993e+15 1.54756e+15
  438 1.52277e+16 1.55185e+16 7.71465e+15 7.60711e+15 1.25824e+15 1.25706e+15 1.25003e+15 1.24887e+15
  439 1.52282e+16  1.5519e+16 7.70876e+15 7.60123e+15 1.25749e+15 1.25632e+15 1.24928e+15 1.24813e+15
  440 1.52174e+16 1.55081e+16 7.70427e+15 7.59682e+15 1.25673e+15 1.25556e+15 1.24853e+15 1.24737e+15
  441 1.52223e+16 1.55131e+16 7.70901e+15 7.60148e+15 1.25734e+15 1.25617e+15 1.24913e+15 1.24798e+15
  442 1.52156e+16 1.55062e+16 7.70695e+15 7.59947e+15 1.25696e+15 1.25579e+15 1.24876e+15  1.2476e+15
  443 1.52038e+16 1.54942e+16 7.70117e+15 7.59374e+15 1.25596e+15 1.25479e+15 1.24776e+15 1.24661e+15
  444 1.52006e+16 1.54909e+16 7.70356e+15 7.59609e+15 1.25611e+15 1.25494e+15 1.24791e+15 1.24676e+15
  445 1.51977e+16  1.5488e+16 7.69826e+15 7.59088e+15 1.25549e+15 1.25432e+15 1.24729e+15 1.24614e+15
  446 1.51832e+16 1.54733e+16 7.69553e+15  7.5882e+15 1.25477e+15  1.2536e+15 1.24658e+15 1.24543e+15
  447 1.51798e+16 1.54697e+16 7.70039e+15 7.59295e+15 1.25512e+15 1.25395e+15 1.24693e+15 1.24577e+15
  448 1.51761e+16 1.54659e+16 7.70064e+15 7.59323e+15 1.25511e+15 1.25393e+15 1.24691e+15 1.24576e+15
  449 1.51695e+16 1.54593e+16 7.69208e+15 7.58481e+15 1.25404e+15 1.25287e+15 1.24585e+15  1.2447e+15
  450 1.51949e+16 1.54851e+16 7.73011e+15 7.62203e+15  1.2581e+15 1.25692e+15 1.24989e+15 1.24872e+15
  451 1.52362e+16 1.55262e+16 7.91345e+15 7.80115e+15  1.2748e+15 1.27359e+15 1.26647e+15 1.26526e+15
  452 1.52582e+16 1.55482e+16  7.9888e+15  7.8749e+15 1.28212e+15 1.28089e+15 1.27373e+15 1.27251e+15
  453 1.55402e+16  1.5831e+16 8.88997e+15 8.75558e+15  1.3671e+15 1.36568e+15 1.35808e+15 1.35668e+15
  454 1.55681e+16 1.58589e+16 9.00392e+15 8.86691e+15  1.3775e+15 1.37606e+15  1.3684e+15 1.36698e+15
  455 1.58102e+16  1.6101e+16 9.91118e+15 9.75359e+15 1.46187e+15 1.46024e+15 1.45214e+15 1.45053e+15
  456 1.60783e+16 1.63694e+16 1.08893e+16 1.07095e+16 1.55305e+15 1.55121e+15 1.54264e+15 1.54082e+15
  457 1.61007e+16 1.63917e+16 1.09698e+16 1.07882e+16 1.56046e+15 1.55861e+15    1.55e+15 1.54817e+15
  458 1.63186e+16 1.66091e+16 1.18684e+16 1.16662e+16 1.64311e+15 1.64107e+15 1.63203e+15 1.63001e+15
  459 1.63464e+16 1.66372e+16 1.19407e+16  1.1737e+16 1.65021e+15 1.64815e+15 1.63907e+15 1.63704e+15
  460  1.6349e+16 1.66396e+16 1.19746e+16 1.17701e+16 1.65308e+15 1.65101e+15 1.64192e+15 1.63988e+15
  461 1.63438e+16 1.66346e+16 1.19468e+16 1.17429e+16 1.65061e+15 1.64855e+15 1.63947e+15 1.63744e+15
  462 1.63396e+16 1.66302e+16 1.19528e+16 1.17487e+16 1.65089e+15 1.64883e+15 1.63974e+15 1.63771e+15
  463 1.63405e+16  1.6631e+16 1.19784e+16 1.17738e+16 1.65315e+15 1.65108e+15 1.64199e+15 1.63995e+15
  464 1.62489e+16 1.65377e+16 1.19695e+16  1.1765e+16 1.64942e+15 1.64735e+15 1.63829e+15 1.63623e+15
  465 1.63048e+16 1.65946e+16 1.19758e+16 1.17712e+16 1.65178e+15 1.64971e+15 1.64063e+15 1.63858e+15
  466  1.6197e+16 1.64871e+16 1.15512e+16 1.13563e+16 1.61136e+15 1.60938e+15 1.60051e+15 1.59855e+15
  467 1.58807e+16 1.61705e+16 1.05599e+16 1.03877e+16  1.5146e+15 1.51282e+15 1.50448e+15 1.50272e+15
  468 1.63127e+16 1.66028e+16 1.19312e+16 1.17276e+16 1.64796e+15  1.6459e+15 1.63683e+15  1.6348e+15
  469  1.6318e+16  1.6608e+16 1.19672e+16 1.17627e+16 1.65135e+15 1.64928e+15  1.6402e+15 1.63816e+15
  470 1.63094e+16 1.65993e+16 1.19475e+16 1.17435e+16  1.6493e+15 1.64724e+15 1.63817e+15 1.63613e+15
  471 1.63056e+16 1.65955e+16 1.19419e+16  1.1738e+16  1.6487e+15 1.64664e+15 1.63757e+15 1.63553e+15
  472 1.63013e+16 1.65911e+16 1.19424e+16 1.17387e+16 1.64894e+15 1.64687e+15 1.63781e+15 1.63577e+15
  473 1.63034e+16 1.65932e+16 1.19603e+16 1.17564e+16 1.65078e+15  1.6487e+15 1.63963e+15 1.63759e+15
  474 1.47676e+16 1.50276e+16 1.24151e+16 1.22075e+16 1.64969e+15 1.64721e+15  1.6385e+15 1.63605e+15
  475 1.00639e+16 1.02362e+16 1.26462e+16 1.24365e+16 1.52817e+15 1.52498e+15 1.51763e+15 1.51447e+15
  476 1.01013e+16 1.02735e+16 1.29026e+16 1.26911e+16 1.55559e+15 1.55229e+15 1.54486e+15  1.5416e+15
  477 1.03006e+16 1.04731e+16  1.4061e+16 1.38409e+16 1.68023e+15 1.67642e+15 1.66867e+15  1.6649e+15
  478 1.03447e+16 1.05174e+16 1.43036e+16 1.40817e+16 1.70639e+15 1.70248e+15 1.69465e+15 1.69078e+15
  479 1.04178e+16 1.05903e+16 1.48253e+16    1.46e+16 1.76252e+15 1.75838e+15 1.75041e+15 1.74631e+15
  480 1.04635e+16 1.06356e+16 1.51948e+16 1.49666e+16 1.80159e+15 1.79729e+15 1.78922e+15 1.78496e+15
  481 1.03738e+16 1.05436e+16 1.51912e+16  1.4963e+16 1.79867e+15 1.79435e+15 1.78631e+15 1.78205e+15
  482 1.04515e+16 1.06233e+16 1.51912e+16 1.49629e+16 1.80082e+15 1.79652e+15 1.78845e+15  1.7842e+15
  483 1.04528e+16 1.06248e+16  1.5142e+16 1.49141e+16 1.79574e+15 1.79146e+15 1.78341e+15 1.77918e+15
  484 1.04579e+16 1.06299e+16 1.51802e+16 1.49521e+16 1.79976e+15 1.79546e+15  1.7874e+15 1.78315e+15
  485 1.04561e+16 1.06281e+16   1.517e+16 1.49419e+16 1.79853e+15 1.79424e+15 1.78618e+15 1.78193e+15
  486 1.04532e+16 1.06251e+16 1.51784e+16 1.49502e+16 1.79956e+15 1.79526e+15  1.7872e+15 1.78295e+15
  487 1.04416e+16 1.06133e+16  1.5165e+16 1.49373e+16 1.79826e+15 1.79397e+15 1.78591e+15 1.78166e+15
  488 1.04548e+16 1.06268e+16 1.51745e+16 1.49467e+16 1.79967e+15 1.79537e+15 1.78731e+15 1.78306e+15
  489 1.04576e+16 1.06298e+16 1.51586e+16 1.49311e+16  1.7983e+15 1.79401e+15 1.78595e+15 1.78171e+15
  490 1.04505e+16 1.06224e+16 1.51666e+16 1.49388e+16 1.79862e+15 1.79432e+15 1.78627e+15 1.78202e+15
  491  1.0447e+16 1.06187e+16 1.51784e+16 1.49503e+16 1.79954e+15 1.79524e+15 1.78718e+15 1.78293e+15
  492 1.03193e+16  1.0491e+16 1.44625e+16 1.42372e+16 1.70682e+15 1.70293e+15 1.69505e+15  1.6912e+15
  493  9.7133e+15  9.8852e+15 1.11927e+16   1.099e+16 1.31183e+15 1.30954e+15 1.30264e+15 1.30038e+15
  494 9.48813e+15 9.65975e+15 1.05223e+16  1.0335e+16 1.24541e+15 1.24325e+15 1.23672e+15 1.23459e+15
  495 9.87041e+15  1.0042e+16 1.19511e+16 1.17382e+16 1.39045e+15  1.3879e+15 1.38071e+15 1.37819e+15
  496 9.92191e+15 1.00932e+16 1.23035e+16 1.20874e+16 1.42758e+15 1.42488e+15 1.41758e+15 1.41492e+15
  497 9.92938e+15 1.01008e+16 1.23112e+16 1.20949e+16 1.42848e+15 1.42578e+15 1.41847e+15 1.41581e+15
  498  9.9387e+15 1.01104e+16 1.22956e+16 1.20796e+16 1.42727e+15 1.42458e+15 1.41728e+15 1.41462e+15
  499 9.95059e+15 1.01227e+16 1.22874e+16 1.20713e+16 1.42672e+15 1.42403e+15 1.41673e+15 1.41408e+15
  500 9.96207e+15 1.01344e+16 1.22959e+16 1.20798e+16 1.42784e+15 1.42516e+15 1.41785e+15 1.41519e+15
  501 9.95755e+15 1.01298e+16 1.22899e+16 1.20738e+16 1.42715e+15 1.42447e+15 1.41716e+15 1.41451e+15
  502 9.95558e+15 1.01279e+16 1.22772e+16 1.20614e+16 1.42601e+15 1.42332e+15 1.41603e+15 1.41338e+15
  503 9.94991e+15  1.0122e+16 1.22797e+16 1.20639e+16 1.42597e+15 1.42328e+15 1.41598e+15 1.41333e+15
  504 9.94873e+15 1.01208e+16 1.22843e+16 1.20684e+16 1.42639e+15 1.42371e+15 1.41641e+15 1.41375e+15
  505  9.9249e+15 1.00964e+16 1.22798e+16  1.2064e+16 1.42535e+15 1.42267e+15 1.41538e+15 1.41272e+15
  506 9.92663e+15 1.00982e+16 1.22743e+16 1.20586e+16 1.42491e+15 1.42223e+15 1.41494e+15 1.41229e+15
  507  9.9245e+15 1.00961e+16 1.22639e+16 1.20485e+16 1.42391e+15 1.42122e+15 1.41394e+15 1.41129e+15
  508 9.94329e+15 1.01153e+16 1.22647e+16 1.20491e+16 1.42444e+15 1.42177e+15 1.41447e+15 1.41183e+15
  509 9.93606e+15 1.01081e+16 1.22287e+16 1.20134e+16 1.42063e+15 1.41796e+15 1.41068e+15 1.40805e+15
  510 9.95166e+15 1.01238e+16 1.22874e+16 1.20714e+16  1.4269e+15 1.42422e+15 1.41691e+15 1.41426e+15
  511  9.9473e+15 1.01194e+16 1.22727e+16 1.20571e+16 1.42545e+15 1.42277e+15 1.41547e+15 1.41282e+15
  512 9.94846e+15 1.01206e+16 1.22683e+16 1.20528e+16 1.42511e+15 1.42243e+15 1.41514e+15 1.41249e+15
  513 9.94967e+15 1.01219e+16 1.22615e+16 1.20461e+16 1.42452e+15 1.42184e+15 1.41455e+15  1.4119e+15
  514 9.95216e+15 1.01245e+16 1.22608e+16 1.20455e+16 1.42458e+15  1.4219e+15 1.41461e+15 1.41196e+15
  515 9.94325e+15 1.01154e+16 1.22482e+16 1.20331e+16 1.42312e+15 1.42045e+15 1.41316e+15 1.41052e+15
  516 9.94121e+15 1.01133e+16 1.22499e+16 1.20347e+16  1.4232e+15 1.42053e+15 1.41324e+15  1.4106e+15
  517 9.96997e+15 1.01425e+16 1.22748e+16 1.20592e+16 1.42628e+15  1.4236e+15  1.4163e+15 1.41365e+15
  518 9.99366e+15 1.01666e+16 1.22827e+16 1.20669e+16 1.42771e+15 1.42503e+15 1.41771e+15 1.41507e+15
  519 9.99368e+15 1.01666e+16 1.22794e+16 1.20637e+16 1.42743e+15 1.42475e+15 1.41744e+15 1.41479e+15
  520  9.9792e+15 1.01518e+16 1.22712e+16 1.20556e+16 1.42623e+15 1.42356e+15 1.41625e+15 1.41361e+15
  521 9.99122e+15  1.0164e+16 1.22816e+16 1.20658e+16  1.4278e+15 1.42512e+15 1.41781e+15 1.41516e+15
  522 1.05432e+16 1.07261e+16   1.231e+16 1.20944e+16 1.44811e+15 1.44548e+15   1.438e+15  1.4354e+15
  523 1.19518e+16 1.21596e+16  1.2664e+16 1.24465e+16 1.53315e+15 1.53051e+15 1.52253e+15 1.51993e+15
  524  1.2178e+16 1.23878e+16 1.33074e+16 1.30873e+16 1.61989e+15 1.61691e+15 1.60872e+15 1.60578e+15
  525 1.33848e+16 1.36164e+16 1.34407e+16   1.322e+16 1.67201e+15 1.66912e+15 1.66054e+15 1.65768e+15
  526  1.5253e+16 1.55158e+16 1.44434e+16 1.42182e+16 1.85106e+15 1.84784e+15 1.83848e+15  1.8353e+15
  527 1.54612e+16 1.57264e+16 1.49048e+16 1.46775e+16 1.91381e+15 1.91036e+15 1.90084e+15 1.89743e+15
  528 1.68781e+16  1.7168e+16 1.54254e+16 1.51958e+16 2.02025e+15 2.01669e+15 2.00663e+15 2.00311e+15
  529 1.71892e+16 1.74838e+16 1.57378e+16  1.5507e+16 2.06827e+15 2.06457e+15 2.05435e+15 2.05069e+15
  530 1.72527e+16 1.75484e+16  1.5756e+16  1.5525e+16  2.0721e+15  2.0684e+15 2.05816e+15  2.0545e+15
  531 1.72427e+16 1.75383e+16 1.57434e+16 1.55126e+16 2.07063e+15 2.06693e+15 2.05669e+15 2.05304e+15
  532 1.71181e+16 1.74117e+16 1.56693e+16 1.54398e+16 2.05954e+15 2.05585e+15 2.04568e+15 2.04203e+15
  533  1.7296e+16 1.75926e+16 1.57355e+16 1.55048e+16 2.07139e+15 2.06771e+15 2.05746e+15 2.05381e+15
  534 1.72763e+16 1.75725e+16 1.57219e+16 1.54911e+16 2.06911e+15 2.06543e+15 2.05519e+15 2.05155e+15
  535 1.71922e+16 1.74893e+16 1.50432e+16 1.48157e+16 1.98448e+15 1.98117e+15  1.9711e+15 1.96783e+15
  536 1.69043e+16 1.72012e+16 1.38921e+16 1.36812e+16 1.86402e+15 1.86108e+15 1.85149e+15 1.84858e+15
  537 1.72675e+16  1.7564e+16 1.56743e+16 1.54447e+16 2.06478e+15 2.06111e+15 2.05089e+15 2.04726e+15
  538 1.72795e+16  1.7576e+16 1.57132e+16 1.54831e+16 2.06882e+15 2.06514e+15 2.05491e+15 2.05126e+15
  539 1.72687e+16  1.7565e+16 1.57037e+16 1.54737e+16 2.06755e+15 2.06387e+15 2.05364e+15    2.05e+15
  540 1.72806e+16 1.75772e+16  1.5703e+16  1.5473e+16 2.06787e+15 2.06419e+15 2.05396e+15 2.05032e+15
  541 1.72517e+16 1.75476e+16 1.56977e+16 1.54677e+16 2.06632e+15 2.06263e+15 2.05241e+15 2.04877e+15
  542 1.72576e+16 1.75536e+16 1.57187e+16 1.54886e+16   2.069e+15 2.06531e+15 2.05508e+15 2.05143e+15
  543 1.71569e+16 1.74504e+16 1.57105e+16 1.54804e+16 2.06533e+15 2.06163e+15 2.05143e+15 2.04777e+15
  544  1.7245e+16 1.75406e+16 1.57224e+16 1.54922e+16 2.06916e+15 2.06546e+15 2.05523e+15 2.05158e+15
  545 1.72505e+16 1.75463e+16 1.57214e+16 1.54911e+16 2.06887e+15 2.06518e+15 2.05495e+15  2.0513e+15
  546 1.72498e+16 1.75456e+16 1.57232e+16 1.54929e+16  2.0691e+15 2.06541e+15 2.05518e+15 2.05153e+15
  547 1.72213e+16 1.75166e+16 1.56973e+16 1.54673e+16 2.06564e+15 2.06195e+15 2.05174e+15 2.04809e+15
  548 1.72304e+16 1.75259e+16 1.56853e+16 1.54555e+16  2.0647e+15 2.06102e+15 2.05081e+15 2.04717e+15
  549 1.72164e+16 1.75117e+16 1.56829e+16 1.54532e+16 2.06402e+15 2.06034e+15 2.05013e+15  2.0465e+15
  550 1.71999e+16 1.74948e+16 1.56898e+16 1.54599e+16 2.06426e+15 2.06057e+15 2.05037e+15 2.04673e+15
  551 1.71844e+16  1.7479e+16 1.56932e+16 1.54632e+16 2.06397e+15 2.06028e+15 2.05008e+15 2.04644e+15
  552  1.7209e+16 1.75043e+16 1.56623e+16 1.54329e+16 2.06159e+15 2.05791e+15 2.04771e+15 2.04408e+15
  553 1.72462e+16 1.75422e+16 1.56771e+16 1.54475e+16 2.06434e+15 2.06067e+15 2.05045e+15 2.04682e+15
  554 1.72411e+16  1.7537e+16 1.56739e+16 1.54444e+16 2.06405e+15 2.06037e+15 2.05017e+15 2.04653e+15
  555 1.72373e+16 1.75332e+16 1.56734e+16 1.54441e+16 2.06404e+15 2.06036e+15 2.05016e+15 2.04652e+15
  556 1.72396e+16 1.75356e+16 1.56665e+16  1.5437e+16 2.06322e+15 2.05954e+15 2.04934e+15 2.04571e+15
  557 1.72414e+16 1.75372e+16 1.56905e+16 1.54606e+16 2.06548e+15 2.06179e+15 2.05158e+15 2.04794e+15
  558 1.71435e+16 1.74375e+16 1.56731e+16 1.54434e+16  2.0607e+15 2.05701e+15 2.04683e+15 2.04318e+15
  559 1.72379e+16 1.75336e+16 1.56874e+16 1.54575e+16 2.06496e+15 2.06128e+15 2.05106e+15 2.04743e+15
  560  1.7223e+16 1.75184e+16 1.56772e+16 1.54474e+16 2.06353e+15 2.05985e+15 2.04965e+15 2.04601e+15
  561 1.72128e+16 1.75081e+16 1.56613e+16 1.54318e+16 2.06167e+15   2.058e+15  2.0478e+15 2.04417e+15
  562  1.7226e+16 1.75215e+16 1.56685e+16 1.54388e+16 2.06266e+15 2.05898e+15 2.04878e+15 2.04515e+15
  563 1.72197e+16 1.75153e+16 1.56545e+16 1.54252e+16  2.0613e+15 2.05763e+15 2.04743e+15 2.04381e+15
  564 1.72032e+16 1.74986e+16  1.5631e+16 1.54022e+16 2.05862e+15 2.05495e+15 2.04477e+15 2.04115e+15
  565 1.71861e+16 1.74809e+16 1.56365e+16 1.54075e+16 2.05854e+15 2.05487e+15 2.04469e+15 2.04106e+15
  566 1.71979e+16  1.7493e+16 1.56471e+16 1.54178e+16 2.05983e+15 2.05615e+15 2.04597e+15 2.04234e+15
  567 1.71656e+16 1.74599e+16 1.56353e+16 1.54061e+16 2.05766e+15   2.054e+15 2.04382e+15 2.04019e+15
  568 1.71705e+16 1.74649e+16 1.56408e+16 1.54115e+16 2.05837e+15  2.0547e+15 2.04452e+15  2.0409e+15
  569 1.71862e+16  1.7481e+16 1.56361e+16 1.54069e+16 2.05837e+15  2.0547e+15 2.04452e+15  2.0409e+15
  570 1.71736e+16 1.74682e+16 1.56126e+16 1.53837e+16  2.0556e+15 2.05194e+15 2.04177e+15 2.03815e+15
  571 1.71661e+16 1.74604e+16 1.56285e+16 1.53995e+16 2.05702e+15 2.05335e+15 2.04317e+15 2.03955e+15
  572   1.717e+16 1.74649e+16 1.55676e+16 1.53394e+16  2.0505e+15 2.04686e+15  2.0367e+15  2.0331e+15
  573  1.7193e+16 1.74882e+16 1.56113e+16 1.53827e+16 2.05616e+15  2.0525e+15 2.04233e+15 2.03871e+15
  574 1.71883e+16 1.74834e+16 1.56135e+16 1.53847e+16 2.05605e+15  2.0524e+15 2.04222e+15 2.03861e+15
  575 1.72025e+16 1.74978e+16 1.56394e+16   1.541e+16 2.05873e+15 2.05506e+15 2.04487e+15 2.04125e+15
  576 1.71925e+16 1.74875e+16 1.56445e+16 1.54151e+16 2.05918e+15 2.05551e+15 2.04532e+15 2.04169e+15
  577 1.71907e+16 1.74856e+16 1.56484e+16  1.5419e+16 2.05967e+15   2.056e+15 2.04581e+15 2.04218e+15
  578 1.71888e+16 1.74837e+16 1.56368e+16 1.54076e+16 2.05842e+15 2.05475e+15 2.04457e+15 2.04094e+15
  579 1.71438e+16  1.7438e+16 1.56185e+16 1.53896e+16 2.05548e+15 2.05182e+15 2.04165e+15 2.03803e+15
  580 1.71542e+16 1.74486e+16 1.56068e+16 1.53782e+16 2.05462e+15 2.05095e+15 2.04079e+15 2.03717e+15
  581 1.71597e+16 1.74542e+16 1.56063e+16 1.53776e+16 2.05463e+15 2.05097e+15  2.0408e+15 2.03719e+15
  582 1.71825e+16 1.74774e+16 1.56165e+16 1.53877e+16 2.05625e+15 2.05259e+15 2.04241e+15  2.0388e+15
  583 1.71734e+16 1.74681e+16 1.56139e+16  1.5385e+16 2.05558e+15 2.05192e+15 2.04175e+15 2.03813e+15
  584 1.71631e+16 1.74577e+16 1.55994e+16 1.53707e+16  2.0539e+15 2.05024e+15 2.04008e+15 2.03646e+15
  585  1.7148e+16 1.74421e+16 1.56095e+16 1.53806e+16 2.05434e+15 2.05068e+15 2.04051e+15  2.0369e+15
  586 1.71452e+16 1.74394e+16 1.56009e+16 1.53722e+16 2.05359e+15 2.04993e+15 2.03977e+15 2.03616e+15
  587 1.71098e+16 1.74032e+16 1.55822e+16 1.53538e+16 2.05079e+15 2.04713e+15 2.03699e+15 2.03337e+15
  588 1.71017e+16  1.7395e+16 1.55698e+16 1.53417e+16 2.04939e+15 2.04573e+15  2.0356e+15 2.03199e+15
  589 1.70971e+16 1.73903e+16 1.55669e+16 1.53388e+16 2.04883e+15 2.04518e+15 2.03505e+15 2.03144e+15
  590 1.71361e+16 1.74302e+16 1.55741e+16 1.53458e+16 2.05048e+15 2.04683e+15 2.03668e+15 2.03308e+15
  591 1.71503e+16 1.74448e+16 1.55786e+16 1.53503e+16 2.05155e+15  2.0479e+15 2.03775e+15 2.03414e+15
  592 1.71487e+16 1.74431e+16 1.55867e+16 1.53581e+16 2.05197e+15 2.04832e+15 2.03816e+15 2.03455e+15
  593 1.71515e+16 1.74459e+16 1.55905e+16 1.53617e+16 2.05229e+15 2.04864e+15 2.03848e+15 2.03488e+15
  594 1.71236e+16 1.74175e+16  1.5563e+16 1.53348e+16 2.04915e+15 2.04551e+15 2.03537e+15 2.03176e+15
  595 1.71412e+16 1.74353e+16 1.56035e+16 1.53746e+16 2.05349e+15 2.04983e+15 2.03967e+15 2.03605e+15
  596 1.71445e+16 1.74387e+16 1.55955e+16 1.53667e+16 2.05275e+15 2.04909e+15 2.03893e+15 2.03532e+15
  597 1.71412e+16 1.74355e+16 1.55838e+16 1.53553e+16 2.05162e+15 2.04797e+15 2.03781e+15  2.0342e+15
  598  1.7098e+16 1.73919e+16 1.54193e+16 1.51915e+16 2.03008e+15 2.02652e+15 2.01641e+15 2.01289e+15
  599 1.67539e+16 1.70475e+16 1.39558e+16 1.37453e+16 1.86649e+15 1.86349e+15 1.85394e+15 1.85098e+15
  600 1.66913e+16 1.69852e+16 1.36609e+16 1.34545e+16 1.83569e+15 1.83279e+15 1.82336e+15 1.82049e+15
  601 1.69546e+16 1.72488e+16 1.47321e+16 1.45111e+16 1.94845e+15 1.94519e+15 1.93533e+15 1.93211e+15
  602  1.7016e+16 1.73099e+16 1.49822e+16 1.47565e+16 1.97418e+15 1.97086e+15 1.96087e+15 1.95759e+15
  603 1.70207e+16 1.73145e+16 1.49932e+16 1.47672e+16 1.97514e+15 1.97182e+15 1.96183e+15 1.95854e+15
  604 1.71021e+16 1.73958e+16  1.5509e+16 1.52811e+16   2.042e+15 2.03838e+15 2.02826e+15 2.02468e+15
  605 1.70964e+16 1.73899e+16 1.55398e+16 1.53119e+16 2.04593e+15 2.04229e+15 2.03217e+15 2.02857e+15
  606 1.70675e+16 1.73604e+16 1.55185e+16 1.52908e+16 2.04282e+15 2.03919e+15 2.02907e+15 2.02548e+15
  607 1.70583e+16  1.7351e+16  1.5527e+16 1.52992e+16 2.04354e+15  2.0399e+15 2.02979e+15  2.0262e+15
  608 1.70488e+16 1.73413e+16 1.55032e+16 1.52758e+16  2.0409e+15 2.03727e+15 2.02717e+15 2.02358e+15
  609 1.70588e+16 1.73514e+16 1.55283e+16 1.53006e+16  2.0438e+15 2.04016e+15 2.03005e+15 2.02645e+15
  610 1.70802e+16 1.73733e+16  1.5529e+16 1.53014e+16 2.04454e+15  2.0409e+15 2.03078e+15 2.02718e+15
  611 1.70976e+16 1.73911e+16 1.55406e+16 1.53127e+16 2.04599e+15 2.04235e+15 2.03222e+15 2.02863e+15
  612 1.70854e+16 1.73787e+16 1.55231e+16 1.52953e+16 2.04378e+15 2.04015e+15 2.03003e+15 2.02643e+15
  613 1.70783e+16 1.73715e+16 1.55238e+16 1.52961e+16 2.04366e+15 2.04002e+15  2.0299e+15 2.02631e+15
  614 1.70847e+16  1.7378e+16 1.55158e+16 1.52883e+16 2.04316e+15 2.03952e+15 2.02941e+15 2.02582e+15
  615 1.70702e+16 1.73633e+16 1.55028e+16 1.52756e+16 2.04156e+15 2.03793e+15 2.02782e+15 2.02423e+15
  616 1.70684e+16 1.73615e+16 1.55017e+16 1.52744e+16 2.04132e+15 2.03769e+15 2.02758e+15 2.02399e+15
  617 1.70818e+16 1.73752e+16 1.55158e+16 1.52882e+16 2.04295e+15 2.03932e+15 2.02921e+15 2.02562e+15
  618 1.70795e+16 1.73727e+16 1.55142e+16 1.52865e+16 2.04241e+15 2.03878e+15 2.02867e+15 2.02508e+15
  619 1.70726e+16 1.73658e+16 1.55025e+16 1.52751e+16  2.0415e+15 2.03787e+15 2.02776e+15 2.02418e+15
  620 1.70679e+16  1.7361e+16 1.54969e+16 1.52697e+16 2.04076e+15 2.03713e+15 2.02702e+15 2.02344e+15
  621 1.69984e+16   1.729e+16 1.54666e+16 1.52398e+16 2.03559e+15 2.03197e+15  2.0219e+15 2.01831e+15
  622 1.70589e+16 1.73518e+16 1.55073e+16 1.52798e+16 2.04134e+15 2.03771e+15 2.02761e+15 2.02402e+15
  623 1.70756e+16 1.73687e+16 1.55286e+16 1.53008e+16 2.04404e+15  2.0404e+15 2.03029e+15 2.02669e+15
  624 1.70722e+16 1.73653e+16 1.55172e+16 1.52896e+16 2.04294e+15 2.03931e+15  2.0292e+15  2.0256e+15
  625 1.70062e+16 1.72982e+16 1.54941e+16 1.52667e+16 2.03842e+15 2.03479e+15  2.0247e+15 2.02111e+15
  626 1.70678e+16 1.73609e+16 1.55004e+16  1.5273e+16 2.04103e+15 2.03741e+15  2.0273e+15 2.02371e+15
  627 1.70634e+16 1.73565e+16 1.54984e+16 1.52711e+16 2.04077e+15 2.03714e+15 2.02704e+15 2.02345e+15
  628 1.70657e+16 1.73588e+16 1.54918e+16 1.52647e+16 2.04023e+15 2.03661e+15 2.02651e+15 2.02292e+15
  629  1.7052e+16 1.73447e+16 1.54938e+16 1.52666e+16 2.03999e+15 2.03636e+15 2.02626e+15 2.02267e+15
  630 1.70483e+16  1.7341e+16 1.54882e+16 1.52611e+16 2.03937e+15 2.03574e+15 2.02565e+15 2.02206e+15
  631 1.70548e+16 1.73477e+16 1.54869e+16 1.52598e+16 2.03943e+15  2.0358e+15  2.0257e+15 2.02212e+15
  632  1.7038e+16 1.73306e+16 1.54702e+16 1.52433e+16 2.03726e+15 2.03364e+15 2.02355e+15 2.01998e+15
  633 1.70113e+16 1.73035e+16 1.54397e+16 1.52133e+16 2.03366e+15 2.03004e+15 2.01998e+15  2.0164e+15
  634 1.68315e+16 1.71237e+16 1.46844e+16  1.4469e+16 1.95269e+15 1.94934e+15 1.93957e+15 1.93626e+15
  635 1.64282e+16 1.67206e+16 1.29107e+16 1.27204e+16 1.76263e+15  1.7599e+15 1.75084e+15 1.74814e+15
  636 1.64145e+16 1.67067e+16 1.28939e+16 1.27038e+16 1.76053e+15  1.7578e+15 1.74875e+15 1.74606e+15
  637 1.64103e+16 1.67023e+16 1.29107e+16 1.27204e+16 1.76217e+15 1.75943e+15 1.75038e+15 1.74767e+15
  638 1.49741e+16 1.52375e+16 1.27708e+16 1.25818e+16 1.70463e+15 1.70177e+15 1.69318e+15 1.69036e+15
  639 1.61157e+16 1.64015e+16 1.28683e+16 1.26785e+16 1.74928e+15 1.74653e+15 1.73757e+15 1.73485e+15
  640 1.69641e+16 1.72555e+16 1.53724e+16 1.51472e+16 2.02598e+15 2.02238e+15 2.01235e+15 2.00879e+15
  641 1.70063e+16 1.72986e+16 1.53952e+16 1.51698e+16 2.02946e+15 2.02586e+15 2.01581e+15 2.01225e+15
  642 1.69669e+16 1.72584e+16 1.53918e+16 1.51663e+16 2.02795e+15 2.02435e+15 2.01431e+15 2.01075e+15
  643  1.7002e+16 1.72944e+16 1.53843e+16 1.51592e+16 2.02852e+15 2.02492e+15 2.01488e+15 2.01132e+15
  644 1.70033e+16 1.72956e+16 1.53903e+16 1.51649e+16 2.02881e+15 2.02521e+15 2.01516e+15  2.0116e+15
  645 1.70071e+16 1.72994e+16 1.53955e+16 1.51699e+16 2.02911e+15 2.02551e+15 2.01546e+15  2.0119e+15
  646 1.68612e+16 1.71534e+16 1.47364e+16 1.45192e+16 1.95582e+15 1.95248e+15 1.94267e+15 1.93937e+15
  647 1.66222e+16 1.69146e+16 1.34504e+16  1.3247e+16 1.81703e+15  1.8142e+15 1.80482e+15 1.80203e+15
  648 1.66258e+16 1.69183e+16 1.34677e+16 1.32641e+16 1.81887e+15 1.81604e+15 1.80665e+15 1.80385e+15
  649 1.67388e+16 1.70311e+16 1.41865e+16 1.39775e+16 1.89572e+15 1.89258e+15 1.88298e+15 1.87988e+15
  650 1.69123e+16 1.72046e+16 1.48628e+16 1.46387e+16 1.95904e+15 1.95575e+15 1.94583e+15 1.94258e+15
  651 1.69985e+16 1.72905e+16 1.54169e+16 1.51905e+16 2.03045e+15 2.02685e+15 2.01679e+15 2.01323e+15
  652 1.69862e+16  1.7278e+16 1.54017e+16 1.51755e+16 2.02852e+15 2.02492e+15 2.01487e+15 2.01132e+15
  653 1.69704e+16 1.72618e+16 1.53955e+16 1.51694e+16 2.02737e+15 2.02378e+15 2.01373e+15 2.01018e+15
  654 1.69638e+16 1.72551e+16 1.53852e+16 1.51593e+16 2.02622e+15 2.02263e+15 2.01259e+15 2.00903e+15
  655  1.6967e+16 1.72584e+16 1.53949e+16  1.5169e+16 2.02749e+15 2.02388e+15 2.01384e+15 2.01029e+15
  656 1.69785e+16 1.72701e+16 1.54269e+16 1.52007e+16 2.03107e+15 2.02745e+15  2.0174e+15 2.01383e+15
  657  1.6959e+16 1.72501e+16 1.54273e+16 1.52011e+16 2.03058e+15 2.02697e+15 2.01692e+15 2.01334e+15
  658 1.69582e+16 1.72492e+16 1.54331e+16 1.52067e+16 2.03115e+15 2.02753e+15 2.01748e+15  2.0139e+15
  659 1.69511e+16  1.7242e+16 1.54304e+16  1.5204e+16 2.03057e+15 2.02695e+15  2.0169e+15 2.01333e+15
  660 1.69384e+16 1.72291e+16 1.54174e+16 1.51912e+16 2.02886e+15 2.02525e+15  2.0152e+15 2.01163e+15
  661 1.69393e+16 1.72299e+16 1.54176e+16 1.51914e+16 2.02892e+15 2.02531e+15 2.01527e+15  2.0117e+15
  662 1.53302e+16 1.55807e+16 1.52945e+16 1.50692e+16 1.97109e+15 1.96735e+15 1.95777e+15 1.95408e+15
  663 1.01949e+16 1.03173e+16 1.49178e+16 1.46954e+16 1.78851e+15 1.78436e+15 1.77626e+15 1.77216e+15
  664 1.01993e+16 1.03218e+16 1.49174e+16 1.46949e+16 1.78861e+15 1.78447e+15 1.77636e+15 1.77226e+15
  665 1.01954e+16 1.03178e+16 1.49029e+16 1.46807e+16 1.78711e+15 1.78297e+15 1.77487e+15 1.77078e+15
  666 1.01924e+16 1.03147e+16 1.49013e+16  1.4679e+16 1.78684e+15 1.78271e+15  1.7746e+15 1.77052e+15
  667 1.01818e+16 1.03041e+16 1.48709e+16 1.46491e+16 1.78354e+15 1.77941e+15 1.77132e+15 1.76724e+15
  668  1.0137e+16 1.02591e+16 1.47532e+16 1.45339e+16 1.77124e+15 1.76713e+15 1.75911e+15 1.75506e+15
  669 1.01746e+16 1.02968e+16 1.48741e+16 1.46522e+16 1.78351e+15 1.77938e+15 1.77129e+15 1.76721e+15
  670 1.01767e+16 1.02989e+16 1.48796e+16 1.46579e+16 1.78432e+15 1.78018e+15  1.7721e+15 1.76801e+15
  671 1.01749e+16 1.02969e+16 1.48966e+16 1.46743e+16 1.78566e+15 1.78152e+15 1.77343e+15 1.76934e+15
  672 1.00104e+16 1.01294e+16 1.48811e+16 1.46589e+16 1.77911e+15 1.77496e+15 1.76692e+15 1.76281e+15
  673 1.01948e+16 1.03171e+16  1.4914e+16 1.46913e+16 1.78791e+15 1.78377e+15 1.77566e+15 1.77157e+15
  674 1.01901e+16 1.03124e+16 1.48981e+16 1.46757e+16  1.7862e+15 1.78207e+15 1.77397e+15 1.76988e+15
  675 1.01793e+16 1.03014e+16 1.48923e+16   1.467e+16 1.78535e+15 1.78121e+15 1.77312e+15 1.76903e+15
  676 1.01822e+16 1.03043e+16 1.48971e+16 1.46747e+16 1.78593e+15  1.7818e+15  1.7737e+15 1.76961e+15
  677 1.01828e+16  1.0305e+16 1.48899e+16 1.46677e+16  1.7852e+15 1.78107e+15 1.77297e+15 1.76889e+15
  678 1.01776e+16 1.02997e+16 1.48809e+16 1.46589e+16 1.78419e+15 1.78006e+15 1.77196e+15 1.76788e+15
  679 1.01732e+16 1.02953e+16 1.48669e+16 1.46451e+16 1.78269e+15 1.77857e+15 1.77048e+15 1.76641e+15
  680 1.01698e+16 1.02919e+16 1.48649e+16 1.46432e+16  1.7824e+15 1.77827e+15 1.77019e+15 1.76611e+15
  681 1.01635e+16 1.02855e+16 1.48617e+16 1.46401e+16 1.78193e+15  1.7778e+15 1.76972e+15 1.76564e+15
  682 1.01641e+16 1.02861e+16 1.48596e+16 1.46379e+16 1.78166e+15 1.77754e+15 1.76946e+15 1.76538e+15
  683 1.01616e+16 1.02836e+16 1.48613e+16 1.46398e+16 1.78215e+15 1.77802e+15 1.76994e+15 1.76586e+15
  684 1.01577e+16 1.02797e+16 1.48427e+16 1.46217e+16 1.78046e+15 1.77634e+15 1.76827e+15 1.76419e+15
  685 1.01638e+16 1.02858e+16 1.48553e+16 1.46339e+16 1.78167e+15 1.77754e+15 1.76947e+15 1.76539e+15
  686 1.01534e+16 1.02753e+16 1.48512e+16 1.46298e+16 1.78086e+15 1.77673e+15 1.76866e+15 1.76458e+15
  687 1.01558e+16 1.02777e+16 1.48511e+16 1.46297e+16 1.78086e+15 1.77674e+15 1.76867e+15 1.76459e+15
  688 1.01322e+16 1.02538e+16  1.4836e+16 1.46148e+16 1.77855e+15 1.77443e+15 1.76636e+15 1.76229e+15
  689 1.01324e+16  1.0254e+16 1.48223e+16 1.46014e+16 1.77737e+15 1.77325e+15 1.76519e+15 1.76112e+15
  690 1.01245e+16 1.02461e+16 1.48013e+16 1.45806e+16 1.77498e+15 1.77087e+15 1.76282e+15 1.75876e+15
  691 1.01255e+16 1.02472e+16 1.47521e+16 1.45318e+16  1.7701e+15 1.76602e+15 1.75798e+15 1.75394e+15
  692 1.01418e+16 1.02636e+16  1.4825e+16 1.46039e+16 1.77775e+15 1.77363e+15 1.76557e+15  1.7615e+15
  693 1.01397e+16 1.02613e+16 1.48399e+16 1.46184e+16 1.77886e+15 1.77474e+15 1.76667e+15  1.7626e+15
  694 1.01351e+16 1.02567e+16 1.48271e+16 1.46058e+16 1.77743e+15 1.77332e+15 1.76526e+15 1.76119e+15
  695 1.01249e+16 1.02465e+16 1.48024e+16 1.45815e+16 1.77473e+15 1.77062e+15 1.76257e+15 1.75851e+15
  696 1.01241e+16 1.02457e+16 1.47844e+16 1.45638e+16 1.77303e+15 1.76893e+15 1.76089e+15 1.75683e+15
  697 1.01269e+16 1.02486e+16 1.47915e+16  1.4571e+16 1.77387e+15 1.76976e+15 1.76172e+15 1.75766e+15
  698 9.78879e+15 9.91029e+15 1.38395e+16 1.36409e+16 1.67686e+15 1.67293e+15 1.66545e+15 1.66157e+15
  699 8.81465e+15 8.93554e+15 1.11188e+16 1.09831e+16 1.39966e+15 1.39624e+15 1.39034e+15 1.38696e+15
  700 8.80569e+15  8.9265e+15 1.11006e+16 1.09652e+16 1.39762e+15  1.3942e+15 1.38831e+15 1.38494e+15
  701 8.80313e+15 8.92384e+15 1.11098e+16 1.09742e+16 1.39835e+15 1.39493e+15 1.38904e+15 1.38567e+15
  702 8.80042e+15 8.92112e+15 1.10989e+16 1.09634e+16 1.39703e+15 1.39362e+15 1.38773e+15 1.38436e+15
  703 8.80019e+15 8.92084e+15  1.1114e+16 1.09784e+16 1.39884e+15 1.39542e+15 1.38953e+15 1.38615e+15
  704 8.80911e+15 8.92988e+15 1.11286e+16 1.09929e+16 1.40059e+15 1.39717e+15 1.39127e+15 1.38788e+15

