          21223      1324738438       460155525      1324863535       648668712    125097.18900      1995.52700    123101.66200         4.57910         0.25966     
          21232      1324866651       845232012      1325033855       111442137    167203.26600      2651.23300    164552.03300         5.80783         0.29149     
          21241      1325034112       128704925      1325205655       548447037    171543.42000      2700.38200    168843.03800         6.11965         0.29790     
          21355      1325237136       106198075      1325375424       116569137    138288.01000      2187.77100    136100.23900         4.73577         0.26031     
          21364      1325376140       376352237      1325549040       424845812    172900.04800      2717.25300    170182.79500         6.04273         0.29278     
          21373      1325549385       359860387      1325725003        64442600    175617.70500      2731.01800    172886.68700         6.76043         0.30793     
          21375      1325725247       145361025      1325736857       706707137     11610.56100       176.01300     11434.54800         0.43254         0.07769     
          21396      1325736980       680449775      1325809570       428650537     71461.95800      1120.23900     70341.71900         2.35655         0.18128     
          21502      1325839589       313269775      1325982252       307004787    142662.99400      2207.27200    140455.72200         5.32274         0.27128     
          21514      1325983040       420522750      1326155850       432882512    171610.03800      2654.89000    168955.14800         6.11600         0.28800     
          21525      1326160009       146303500      1326160148       711304725       139.56500         1.33400       138.23100         0.00000         0.00000     
          21526      1326160195       672633050      1326331132       839512225    168528.55900      2602.96200    165925.59700         6.40301         0.29226     
          21527      1326333888       486396525      1326338709        29110012      4820.54300        71.58000      4748.96300         0.18523         0.04951     
          21536      1326339185       112974062      1326402265       446295487     61882.11700       949.50600     60932.61100         2.14523         0.16855     
          21546      1326431049       374844337      1326503322       285349050     71068.73100      1093.09300     69975.63800         2.43342         0.17891     
          21644      1326529335       398048212      1326675019       861275712    145684.46300      2264.21800    143420.24500         4.99435         0.25520     
          21662      1326675553       306694987      1326731399       182028775     55845.87500       853.97600     54991.89900         1.88552         0.15659     
          21669      1326768814       830030362      1326816179       453466212     47364.62300       731.40100     46633.22200         1.47125         0.13841     
          21670      1326816704       500666300      1326849375       168423175     30210.12400       455.27300     29754.85100         0.87241         0.10658     
          21680      1326850099       170322587      1326897475       754541250     42482.84000       645.82200     41837.01800         1.24443         0.12701     
          21691      1326958934       731617062      1327021970       434723212     61800.57700       944.70900     60855.86800         2.04503         0.16321     
          21807      1327049831       110097887      1327091428       780224950     37932.59800       586.20300     37346.39500         1.14101         0.12163     
          21818      1327104685        54628912      1327136005       222860125     30074.33400       452.00800     29622.32600         1.07595         0.11810     
          21821      1327137585       884709925      1327182746       468071975     41436.37000       653.34400     40783.02600         1.38848         0.13423     
          21825      1327198316       336265950      1327279654       614981025     80120.17800      1252.11200     78868.06600         2.82984         0.19166     
          21836      1327279968       831237375      1327283645       356297437      3676.52500        59.09000      3617.43500         0.14169         0.04272     
          21837      1327290026       187853987      1327312774       603874012     22748.41600       348.38800     22400.02800         0.75898         0.09881     
          21838      1327313219       636785850      1327363155       126887000     48722.95100       720.73300     48002.21800         1.69808         0.14780     
          21842      1327363635       892260687      1327453279       445772212     89643.55400      1342.70400     88300.85000         2.90293         0.19310     
          21846      1327453956       705539100      1327470185       521407162     16228.81600       244.93500     15983.88100         0.62867         0.08981     
          21852      1327470689       989310300      1327547022       332457062     76332.34300      1160.51800     75171.82500         2.77054         0.18852     
          21857      1327548470         6195137      1327626228       764287137     76526.03200      1135.80600     75390.22600         2.54721         0.18057     
          21867      1327627159       987274050      1327711749       332853987     83341.40200      1261.27700     82080.12500         2.97960         0.19520     
          21963      1327742105       191010900      1327797015       837678112     54910.64700       820.08600     54090.56100         1.72421         0.14840     
          21979      1327808899       912321600      1327886640       627387425     77740.71500      1165.31600     76575.39900         2.67348         0.18449     
          21988      1327887103       215785387      1327955326       419676475     68223.20400      1030.44100     67192.76300         2.39380         0.17413     
          21995      1327973988       520204587      1327984242       313240162     10253.79300       157.98800     10095.80500         0.36603         0.06797     
          22003      1327984537        94628462      1327991532       662203187      6995.56800       106.55200      6889.01600         0.20089         0.05022     
          22004      1327991776       870662487      1327999916       462908737      8139.59200       134.55700      8005.03500         0.35324         0.06676     
          22005      1327999971        58401862      1328059476       910540725     59505.85200       914.36800     58591.48400         1.74494         0.14801     
          22014      1328059688       885165537      1328231054       738470612    171365.85300      2589.06800    168776.78500         5.51538         0.26294     
          22115      1328253444       986199262      1328318013       758390987     64568.77200      1006.13300     63562.63900         2.14241         0.16384     
          22124      1328318248       187604412      1328329020       592577400     10772.40500       163.91400     10608.49100         0.51246         0.08004     
          22125      1328329394       730224300      1328489201       164722737    159806.43400      2453.16300    157353.27100         5.17071         0.25413     
          22134      1328489483        45229362      1328494599       650569262      5116.60500        79.97700      5036.62800         0.13675         0.04123     
          22135      1328514846       339098537      1328664618       944710937    149772.60600      2318.79400    147453.81200         4.63914         0.24021     
          22148      1328664982       778541362      1328708283       691704737     43300.91300       669.56400     42631.34900         1.39115         0.13145     
          22152      1328708353       697995300      1328835279       592690825    126925.89500      1977.30600    124948.58900         4.21943         0.22884     
          22254      1328865245        54654050      1328922185       137712987     56940.08300       843.15300     56096.93000         1.93352         0.15481     
          22263      1328922503        30787762      1329094777       954088325    172274.92300      2679.42900    169595.49400         5.32447         0.25707     
          22272      1329095063       159418087      1329163354       419038612     68291.26000      1066.20900     67225.05100         2.27774         0.16792     
          22273      1329168345       140656962      1329177410       471966262      9065.33100       137.88400      8927.44700         0.25915         0.05655     
          22274      1329178035       191648037      1329267642       763742700     89607.57200      1362.07400     88245.49800         2.59750         0.17925     
          22284      1329267898       731779387      1329438763       591518875    170864.86000      2636.65200    168228.20800         5.50253         0.26085     
          22386      1329466432       342209375      1329520321       851868850     53889.51000       858.17100     53031.33900         1.79113         0.14875     
          22390      1329533655       444675925      1329583268       431590712     49612.98700       760.14700     48852.84000         1.77685         0.14807     
          22391      1329583324       449916450      1329594827       166843525     11502.71700       192.82200     11309.89500         0.38230         0.06866     
          22393      1329595017       670044325      1329699076       998894862    104059.32900      1559.89600    102499.43300         3.22502         0.19925     
          22402      1329699351       285545087      1329870780       594920875    171429.30900      2579.72000    168849.58900         5.60365         0.26242     
          22411      1329871354        42641400      1330044771       246025775    173417.20300      2727.90200    170689.30100         5.08364         0.24985     
          22513      1330073020       965774687      1330131086       313324262     58065.34800       894.41300     57170.93500         1.98199         0.15572     
          22522      1330131547        87451125      1330307892       733293425    176345.64600      2736.23100    173609.41500         5.55855         0.26088     
          22531      1330308669        61587750      1330477813       859770187    166567.36400      2655.38700    163911.97700         5.27920         0.25400     
          22539      1330478409       349886362      1330649404       108781062    170994.75900      2758.31600    168236.44300         5.12453         0.25006     
          22640      1330673600       386488275      1330736886       909573587     63286.52300       984.57900     62301.94400         1.82390         0.14892     
          22649      1330737200       468937637      1330910935       311961950    173734.84300      2734.13900    171000.70400         5.22626         0.25204     
          22658      1330911441       722219600      1331082883       231511250    171441.50900      2688.91400    168752.59500         5.22761         0.25181     
          22667      1331083168       454702312      1331245103       825972800    161935.37100      2575.81800    159359.55300         5.24467         0.25205     
          22764      1331279399       322504675      1331281646       344431600      2247.02200        36.71600      2210.30600         0.07240         0.02956     
          22765      1331286863       264111487      1331342096       949914637     55233.68600       858.54600     54375.14000         1.70349         0.14346     
          22774      1331342325       593556125      1331544865       676188162    202540.08300      3146.81700    199393.26600         6.69472         0.28444     
          22783      1331545173       459714500      1331545758       905427125       585.44600         7.60500       577.84100         0.03606         0.02082     
          22785      1331545958       522393287      1331688621       672619125    142663.15000      2177.39800    140485.75200         4.30255         0.22772     
          22795      1331689209       178283812      1331859260       572264600    170051.39400      2675.01200    167376.38200         5.31367         0.25304     
          22918      1331883031       709015675      1332118990       728091262    235959.01900      3636.44400    232322.57500         7.33901         0.29715     
          22933      1332120033       360843037      1332292230       221959012    168595.42500      2648.10900    165947.31600         5.03930         0.24590     
          22950      1332293390       324187775      1332311988        33427737     18597.70900       280.44100     18317.26800         0.56246         0.08205     
          22952      1332313967       890669600      1332375908       176437987     61940.28600       959.27800     60981.00800         1.83348         0.14823     
          22955      1332376597       342341487      1332380187       613111937      3590.27100        64.94700      3525.32400         0.09550         0.03376     
          22959      1332380330       411343325      1332383913       113977587      3582.70300        60.77700      3521.92600         0.08380         0.03167     
          22960      1332384129       360762375      1332388122       380244737      3993.01900        60.19200      3932.82700         0.10775         0.03592     
          22965      1332389317       384487450      1332392906       967528150      3589.58300        55.63200      3533.95100         0.07173         0.02928     
          22966      1332393073       392148275      1332400628       391570487      7554.99900       116.47900      7438.52000         0.23930         0.05351     
          22971      1332401517       944285887      1332413218       927825212     11700.98400       190.38400     11510.60000         0.22750         0.05219     
          22975      1332413657       470946562      1332417392       842865687      3735.37200        59.96300      3675.40900         0.12014         0.03799     
          22977      1332417671       534746737      1332418955       743286887      1284.20900        17.76200      1266.44700         0.02389         0.01689     
          22980      1332421931       145706212      1332424215       254842962      2284.10900        30.90700      2253.20200         0.04786         0.02393     
          22982      1332424555       401948612      1332427267          647237      2711.59900        43.81500      2667.78400         0.07170         0.02927     
          22984      1332427814       593997650      1332431626       364335825      3811.77000        56.88800      3754.88200         0.05960         0.02665     
          22986      1332431792       504994900      1332436449       210247737      4656.70500        68.90400      4587.80100         0.15549         0.04313     
          22988      1332436630       405054550      1332441138       783985787      4508.37900        67.62900      4440.75000         0.13144         0.03963     
          22990      1332441249       354353800      1332445786       897215575      4537.54300        72.81800      4464.72500         0.10779         0.03593     
          22992      1332445882       252221337      1332450426       448048937      4544.19600        76.25700      4467.93900         0.19173         0.04793     
          22994      1332450540       150946125      1332464119         9804975     13578.85900       200.45300     13378.40600         0.50208         0.07747     
          23096      1332495619       185278150      1332550529       193303825     54910.00800       835.48100     54074.52700         1.76076         0.14523     
          23103      1332552697        75535300      1332724171       807620450    171474.73200      2637.30600    168837.42600         5.38869         0.25403     
          23117      1332724730       410235862      1332809778       674414387     85048.26400      1380.29900     83667.96500         2.51940         0.17345     
          23127      1332811104       998407900      1332983499       254229750    171483.58700      2811.15700    168672.43000         5.59708         0.25873     
          23136      1332983762       390388012      1333068385       781304000     80571.66100      1294.44100     79277.22000         2.82798         0.18370     
          23238      1333096919       987465787      1333242705       277841237    140826.43000      2237.98600    138588.44400         4.36416         0.22812     
          23248      1333243477       126366075      1333414958       444364337    167885.16400      2733.85300    165151.31100         5.46602         0.25514     
          23258      1333416042       953347600      1333588497       248984437    172454.29600      2785.03800    169669.25800         5.22516         0.24939     
          23267      1333588821       639033050      1333673799       639778162     82274.14000      1334.15500     80939.98500         2.52188         0.17321     
          23367      1333701719       870363112      1333756812       594228625     55092.72400       864.07800     54228.64600         1.76830         0.14487     
          23486      1333879911       180996037      1333881254       531596237      1343.35100        23.64600      1319.70500         0.04743         0.02371     
          23492      1333881985       409524712      1333883671       540083225      1686.13100        23.96400      1662.16700         0.04739         0.02370     
          23494      1333883846       668501025      1333932663       209437300     47466.58200       727.23700     46739.34500         1.57326         0.13642     
          23505      1333938126       959713437      1334019593       605379112     81466.64600      1281.32100     80185.32500         2.55111         0.17399     
          23514      1334020627       535258375      1334192468       521480837    168240.81400      2733.07600    165507.73800         4.96867         0.24274     
          23523      1334193139       551984350      1334278681       122195125     85541.57000      1351.80100     84189.76900         2.69889         0.17874     
          23622      1334303712       698052075      1334387430        91672075     83717.39400      1320.52800     82396.86600         2.54316         0.17345     
          23629      1334394846       959689887      1334452038       739839300     57191.78000       905.80000     56285.98000         1.75495         0.14426     
          23638      1334452317       834721125      1334625771       904081562    173454.06900      2729.47600    170724.59300         5.18743         0.24759     
          23648      1334626599       687137325      1334797812       327735562    171212.64100      2754.37100    168458.27000         5.30804         0.25023     
          23657      1334798115       174663362      1334883194       250359300     85079.07600      1384.43800     83694.63800         2.64592         0.17640     
          23908      1334907132       688155225      1335057022       200877475    148526.51000      2353.57600    146172.93400         4.45211         0.22869     
          24006      1335057342       488327525      1335232194       257822225    174851.76900      2809.66600    172042.10300         5.08076         0.24445     
          24138      1335232520        54564400      1335340572       288048387    108052.23300      1679.86400    106372.36900         3.08418         0.19018     
          24337      1335341122       614382012      1335400211       842815587     59089.22800       931.01200     58158.21600         1.87605         0.14832     
          24338      1335400404       601043675      1335428047       716069050     27643.11500       424.54300     27218.57200         0.77458         0.09535     
          24340      1335428554       253968000      1335489454       122458225     58166.24200       893.04900     57273.19300         1.76081         0.14377     
          24450      1335518433       606484512      1335668854       213674012    150420.60700      2412.14600    148008.46100         4.38134         0.22656     
          24458      1335672312       430575000      1335838851       750672812    166539.32000      2672.18600    163867.13400         5.64504         0.25713     
          24472      1335839654         2727025      1335903143       543714525     63489.54100       999.69200     62489.84900         1.78848         0.14459     
          24481      1335911969       342856475      1336015950       980535212    103981.63800      1649.23300    102332.40500         3.21866         0.19375     
          24500      1336016852        44431050      1336092771       289116912     75919.24500      1160.49700     74758.74800         2.02261         0.15378     
          24596      1336123926       767889312      1336277931       598926937    154004.83100      2448.20700    151556.62400         4.33600         0.22542     
          24605      1336278303       344006412      1336335365       151776925     57061.80800       915.82500     56145.98300         1.74763         0.14317     
          24611      1336348445       371068925      1336697850       948226850    348014.86900      5494.48900    342520.38000        10.62605         0.35284     
          24714      1336725197       110239825      1336732581       155971087      7384.04600       115.70200      7268.34400         0.19855         0.04816     
          24717      1336732600        82058150      1336867816       564286462    135216.48200      2124.47600    133092.00600         3.72550         0.20859     
          24724      1336868271       820933675      1337040749       603549900    172477.78300      2695.32500    169782.45800         4.86789         0.23839     
          24733      1337041350       925812287      1337049422       244953525      8071.31900       125.13500      7946.18400         0.28124         0.05741     
          24736      1337050311       845588975      1337068177       925965337     17441.95000       292.98500     17148.96500         0.58624         0.08375     
          24737      1337068477       255459125      1337212502        98634475    144024.84300      2328.79500    141696.04800         4.57372         0.23101     
          24744      1337213333       313183412      1337300491       285779337     85755.03300      1388.49500     84366.53800         2.55488         0.17265     
          24846      1337326326       277631050      1337395526       944152525     66686.36900      1068.74000     65617.62900         1.98001         0.15322     
          24847      1337396252       900265962      1337476202       145407150     79949.24500      1281.05500     78668.19000         2.17940         0.15938     
          24854      1337476768       676594175      1337567793       857244537     91025.18100      1448.73800     89576.44300         2.59532         0.17380     
          24868      1337568207       174881587      1337734582       496131100    153615.34400      2442.64200    151172.70200         4.79590         0.23628     
          24881      1337734974       974732775      1337759520       593848787     24097.37000       378.37800     23718.99200         0.78189         0.09625     
          24882      1337760578       840819512      1337791693       913296162     31115.07200       491.60700     30623.46500         0.88365         0.10136     
          24883      1337799689        29702337      1337817203       639646487     16743.75800       277.62300     16466.13500         0.54744         0.08161     
          24884      1337819046       485343750      1337823686       154865637      4158.66600        79.82400      4078.84200         0.11780         0.03927     
          24885      1337824457       217091512      1337907414       793033762     80127.50700      1247.21100     78880.29600         2.15025         0.15809     
          24987      1337943188        17734537      1338170089       335904287    219540.84600      3532.40600    216008.44000         6.15039         0.26741     
          25002      1338171209       787907062      1338185853       346989862     14643.55900       237.49000     14406.06900         0.45401         0.07270     
          25004      1338195024       444999387      1338253170       837617575     58146.39300       925.11000     57221.28300         1.89789         0.14866     
          25106      1338357029       973811412      1338362285       880378312      5255.90700        85.01300      5170.89400         0.17389         0.04490     
          25109      1338365141       144945025      1338511971       723727937    144052.77800      2299.42500    141753.35300         4.12036         0.21869     
          25129      1338522381       316670037      1338775355       174919612    252973.85800      4046.82400    248927.03400         7.60932         0.29710     
          25138      1338775888       578301550      1338944452       529389025    167077.01600      2654.98900    164422.02700         5.02482         0.24148     
          25213      1338944868        54996325      1339117027       377503612    172159.32300      2709.46700    169449.85600         4.70604         0.23356     
          25809      1339755034       829091037      1339979773       996219862    224739.16700      3535.08700    221204.08000         7.38509         0.29193     
          25821      1339980548       205793625      1340151511       409917100    155057.75400      2498.75600    152558.99800         4.42941         0.22604     
          25831      1340152494       743361375      1340228615       966314950     73390.13300      1209.18200     72180.95100         2.23800         0.16068     
          25834      1340232031        16580250      1340326396       138570937     94365.12200      1499.49400     92865.62800         2.91428         0.18322     
          25934      1340353400       761423212      1340365102       693446912     11701.93200       187.45900     11514.47300         0.32324         0.06109     
          25944      1340378602       617898825      1340379911       668608887      1309.05100        16.98200      1292.06900         0.13876         0.04006     
          25945      1340379988       143565162      1340585246       680064137    205258.53600      3281.81200    201976.72400         5.86321         0.26014     
          25954      1340585658          154700      1340594590       367181187      8932.36700       138.91500      8793.45200         0.32254         0.06096     
          25957      1340630639       882076425      1340762346       890601575    107121.17000      1691.06900    105430.10100         3.08561         0.18849     
          25966      1340762678       494746550      1340930126       515289487    167448.02100      2674.88500    164773.13600         4.99128         0.23987     
          26081      1340965732       212406987      1341157790       419200125    190550.53800      2961.66300    187588.87500         5.87556         0.26018     
          26090      1341158126       140839637      1341361432       277307100    203306.13600      3197.98700    200108.14900         6.00571         0.26312     
          26097      1341361700       190083375      1341536128       689820575    174428.50000      2820.17300    171608.32700         5.38770         0.24932     
          26198      1341565015       311038337      1341792760         1061062    227744.69000      3683.75800    224060.93200         7.13252         0.28692     
          26214      1341793605       203981187      1341966777        23307887    173171.81900      2815.82800    170355.99100         5.48800         0.25128     
          26263      1341993590       600898637      1342140973       827104862    121229.52100      1909.51200    119320.00900         3.38510         0.19743     
          26370      1342168096       541795700      1342401669       604828112    233573.06300      3708.21900    229864.84400         6.94713         0.28339     
          26380      1342402008       574504312      1342573387       173252137    166891.44500      2676.03600    164215.40900         5.08673         0.24334     
          26389      1342573694       756637712      1342745779       969455762    163375.12500      2570.60100    160804.52400         4.96327         0.24048     
          26494      1342769434        29418337      1343005890        41658287    236456.01200      3755.36400    232700.64800         7.60137         0.29747     
          26501      1343007410       509056350      1343174888       346008987    160292.83700      2586.90800    157705.92900         4.68941         0.23331     
          26531      1343175188       813494050      1343350807       234388012    175618.42100      2820.69700    172797.72400         5.06788         0.24243     
          26694      1343377097       133158775      1343434377       513926687     57280.38100       912.73200     56367.64900         2.01429         0.15315     
          34527      1350643000       403347750      1350877938       742747625    232550.04300      3663.71500    228886.32800         3.77175         0.21052     
          34545      1350880586       514173150      1351053161       601214500    172575.08700      2657.92300    169917.16400         2.53018         0.17296     
          34556      1351054993       191826225      1351210720       749434937    155727.55800      2438.92700    153288.63100         1.93915         0.15142     
          34740      1351246421        55846725      1351442945       873147450    194095.35700      3069.38600    191025.97100         3.09997         0.19152     
          34753      1351443243       473747787      1351646565        77967875    203321.60400      3235.02900    200086.57500         2.51588         0.17198     
          34765      1351646928       144987012      1351818314       717400050    171386.57200      2755.04400    168631.52800         2.54394         0.17270     
          34937      1351848374       171492450      1352021599       797402637    173225.62600      2868.19300    170357.43300         2.43949         0.16915     
          34944      1352021930       985845200      1352075502       471212225     53571.48500       854.53300     52716.95200         0.65480         0.08750     
          34950      1352076821        36861625      1352093926       121723562     15878.77800       258.05400     15620.72400         0.24621         0.05373     
          34955      1352100399       370971325      1352129740       868770100     29341.49800       470.27500     28871.22300         0.31597         0.06081     
          34958      1352132949       198618050      1352159735        25559725     26785.82700       439.49800     26346.32900         0.39728         0.06813     
          34961      1352167413       335210237      1352169847       973505887      2434.63800        42.73800      2391.90000         0.04689         0.02344     
          34995      1352208405       538281400      1352422668       510590000    214262.97200      3515.67400    210747.29800         3.15013         0.19207     
          35172      1352454276       622430975      1352683208       910937100    228932.28900      4346.88300    224585.40600         3.39241         0.19853     
          35190      1352684732       394977625      1352767036         9215962     82303.61400      1715.27700     80588.33700         0.96368         0.10578     
          35191      1352767839       737237800      1352851979       426472462     84139.68900      1777.91300     82361.77600         1.13147         0.11488     
          35200      1352852983       777189062      1353027632       836253987    174649.05900      2955.46200    171693.59700         2.34648         0.16510     
          35372      1353057029       361392887      1353059316       721614437      2287.36000        36.93000      2250.43000         0.01165         0.01165     
          35373      1353060391       694163400      1353284406        23903712    224014.33000      4130.46000    219883.87000         3.02813         0.18816     
          35383      1353284636       346171837      1353457044       112366037    172407.76600      3147.37700    169260.38900         2.18100         0.15992     
          35400      1353457635       787165225      1353480975       598990475     23339.81200       380.97600     22958.83600         0.31394         0.06042     
          35412      1353481316       654364337      1353569278        45678162     87961.39100      1535.56800     86425.82300         1.09352         0.11279     
          35416      1353569337       314169262      1353577806       523707562      8469.21000       133.11400      8336.09600         0.10455         0.03485     
          35434      1353578202       118523900      1353603882       408926862     25680.29000       426.18000     25254.11000         0.23275         0.05204     
          35437      1353606172       198470137      1353631908       935590862     25736.73700       440.49000     25296.24700         0.30225         0.05928     
          35608      1353659697       812612850      1353889434       119210262    229736.30700      4292.15000    225444.15700         3.06846         0.18921     
          35618      1353889688       334190437      1354061613       143408725    171924.80900      2974.31400    168950.49500         2.29918         0.16381     
          35627      1354061848        94018875      1354236805       308339112    174957.21400      2882.82400    172074.39000         2.35614         0.16578     
          35795      1354263032       436310387      1354496712        66197887    233679.63000      3870.64300    229808.98700         3.34010         0.19785     
          35805      1354497121       854247200      1354673298       382454225    176176.52800      2845.83400    173330.69400         2.29526         0.16395     
          35811      1354673945       966407950      1354838094       642539175    164148.67600      2670.02900    161478.64700         2.35844         0.16594     
          35980      1354863584       492661887      1355103011       433822650    233388.60800      3811.98800    229576.62000         3.11055         0.19036     
          35995      1355103239       972276400      1355104465       268273025      1225.29600        21.13000      1204.16600         0.01167         0.01167     
          35998      1355104862       254840250      1355109870       969462112      5008.71500        77.90000      4930.81500         0.03491         0.02016     
          35999      1355110162       515395300      1355275413       381675225    164015.01100      2665.70600    161349.30500         1.96527         0.15118     
          36008      1355275640       758156812      1355448392       734132025    172751.97600      2791.82600    169960.15000         2.12626         0.15718     
          36207      1355482847       710700887      1355706720       667642712    223872.95700      3458.54500    220414.41200         2.65601         0.17513     
          36216      1355707125       748349462      1355879563       299579700    172437.55100      2706.20100    169731.35000         2.09447         0.15568     
          36225      1355879854       396484275      1356051203       185283500    171348.78900      2696.20800    168652.58100         2.08946         0.15531     
          36392      1356085366       494478912      1356312004       581854725    226638.08700      3547.50000    223090.58700         2.70513         0.17684     
          36403      1356312613       362687300      1356483972        49521537    171358.68700      2670.64300    168688.04400         1.75488         0.14234     
          36409      1356484261       926414275      1356656108       158903775    171846.23200      2664.98500    169181.24700         1.71550         0.14101     
          36575      1356680629        98438287      1356916152       705842037    235523.60700      3702.74400    231820.86300         2.96844         0.18553     
          36590      1356916432       725571850      1357071242       908803012     51301.34400       815.70900     50485.63500         0.62397         0.08491     
          36803      1357531052       328561350      1357534825       842787175      3773.51400        51.95200      3721.56200         0.05770         0.02581     
          36806      1357536507       724473175      1357693146        36887112    156638.31200      2466.06200    154172.25000         1.92536         0.14899     
          36815      1357693847       594056987      1357865485       565455137    171637.97100      2710.78000    168927.19100         2.00984         0.15193     
          36896      1357877971        33879937      1358124985       802637350    247014.76900      3913.89300    243100.87600         2.88230         0.18193     
          36906      1358125749       184902975      1358298267       438106287    172518.25300      2703.45800    169814.79500         2.20293         0.15898     
          36916      1358298999       946191225      1358385898       434856087     86898.48900      1381.75100     85516.73800         0.83386         0.09760     
          36919      1358386220       927294662      1358389199       542837725      2978.61600        47.75900      2930.85700         0.04548         0.02274     
          36931      1358390177       465643137      1358557472       406524025    167294.94100      2592.17300    164702.76800         1.93044         0.14806     
          36943      1358557939       315198387      1358637816       953476812     79877.63800      1231.61200     78646.02600         0.96276         0.10443     
          36958      1358676871       897669487      1358728370       966622950     51499.06900       899.79400     50599.27500         0.56457         0.07984     
          36965      1358732058       683978575      1358733461       279686850      1402.59600        23.20400      1379.39200         0.02257         0.01596     
          37045      1358745177       967700662      1358903178       891342962    158000.92400      2451.47400    155549.45000         1.62339         0.13528     
          37061      1358903938       539108100      1359075339       830888025    171401.29200      2730.06700    168671.22500         1.95838         0.14976     
          37144      1359088468       884852312      1359333112       383573562    244643.49900      4104.34300    240539.15600         2.86460         0.18081     
          37149      1359333268        25715800      1359508720        49273462    175452.02400      2978.24900    172473.77500         1.86660         0.14576     
          37160      1359509003       874371762      1359679774       646897325    170770.77300      2702.00500    168068.76800         1.81397         0.14341     
          37329      1359707415       612598537      1359849924       847568075    142509.23500      2297.47900    140211.75600         1.57350         0.13346     
          37341      1359862816       659322762      1360037660       795707237    174844.13600      2646.90200    172197.23400         2.04537         0.15203     
          37346      1360043646       977067087      1360112762       161144262     69115.18400      1103.46600     68011.71800         1.09623         0.11131     
          37355      1360113183       257733800      1360284610       671307212    171427.41400      2703.20700    168724.20700         2.03531         0.15170     
          37447      1360297084       290069262      1360491746       642500962    194662.35200      3023.19600    191639.15600         2.16011         0.15630     
          37448      1360491803       561565987      1360549852        38311850     58048.47700       881.93700     57166.54000         0.63187         0.08444     
          37457      1360550710       380525725      1360725185         4258700    174474.62400      2743.10400    171731.52000         1.88315         0.14572     
          37467      1360725878       755438625      1360889647       859268725    163769.10400      2489.39300    161279.71100         1.77089         0.14133     
          37547      1360901264       331187575      1361146534       955724450    245270.62500      3838.13500    241432.49000         2.48112         0.16728     
          37556      1361146751       327948750      1361319022        92197712    172270.76400      2740.45900    169530.30500         2.09868         0.15388     
          37565      1361319221       558954237      1361494229       647961350    173719.13000      2741.41800    170977.71200         1.85085         0.14453     
          37647      1361506065       878382000      1361932031       759891112    424675.96000      6519.11300    418156.84700         4.47507         0.22460     
          37656      1361932548       635208575      1362099077       856356625    166529.22100      2517.22200    164011.99900         1.83224         0.14351     
          37835      1362123377       465106500      1362362355       557532437    237695.34100      3705.61900    233989.72200         2.58906         0.17072     
          37849      1362365919       544577312      1362540207         9206862    168596.29000      2578.05400    166018.23600         1.84540         0.14410     
          37857      1362540471        32687037      1362703874       850213250    163403.81800      2514.83400    160888.98400         1.83632         0.14383     
          37935      1362717867       865138950      1362972063       517822287    254195.65300      3936.96100    250258.69200         2.62976         0.17228     
          37952      1362972249       689648337      1363134501       591420087    162251.90200      2517.48700    159734.41500         1.81455         0.14345     
          37961      1363134703       742071325      1363308800       291713637    174096.55000      2699.16000    171397.39000         1.90703         0.14713     
          38035      1363318907       877578262      1363564528       945918300    245621.06800      3782.90400    241838.16400         2.41445         0.16544     
          38055      1363610557       794907125      1363755940       966584050    145383.17200      2326.36600    143056.80600         1.54144         0.13218     
          38065      1363756168       332986162      1363913736       293356837    151658.21600      2400.30000    149257.91600         1.67371         0.13758     
          38146      1363923260       710248175      1364178571       497457225    251700.40000      4114.52000    247585.88000         2.70790         0.17480     
          38155      1364179740       275677437      1364181019       921263137      1279.64600        18.00100      1261.64500         0.01117         0.01117     
          38156      1364183974       774110275      1364257436       868161700     73462.09400      1193.05200     72269.04200         0.77885         0.09376     
          38161      1364267034       271083825      1364363788       267633037     90004.40500      1460.40000     88544.00500         0.99210         0.10576     
          38168      1364370066       270241100      1364518374       982910987    148308.71300      2291.44500    146017.26800         1.49650         0.12976     
          38338      1364543475        73538712      1364778058       227598350    234583.15400      3606.11500    230977.03900         2.12816         0.15480     
          38344      1364778500       423811150      1364956966       422012375    178465.99800      2783.86600    175682.13200         1.57603         0.13320     
          38356      1364957525       961117362      1365123546       690806487    166020.73000      2607.39700    163413.33300         1.80173         0.14244     
          38435      1365134565       354485212      1365295546       662923512    160981.30800      2458.24200    158523.06600         1.50442         0.12996     
          38450      1365298136       168225275      1365557739       533567512    259603.36500      4024.55700    255578.80800         2.66035         0.17281     
          38460      1365558756       723558712      1365727386       928902750    168630.20500      2593.12700    166037.07800         1.63983         0.13571     
          38541      1365741499        43472600      1365984224       407397887    242725.36400      3713.36200    239012.00200         2.28185         0.16016     
          38553      1365984801       237413250      1366157766       439813250    172965.20200      2683.63000    170281.57200         1.41694         0.12623     
          38563      1366160005       472413012      1366331710       813729525    171705.34100      2679.17400    169026.16700         1.81078         0.14271     
          38570      1366332067       332335175      1366413493       913845350     81426.58200      1264.61600     80161.96600         0.84244         0.09728     
          38584      1366424850       212694862      1366445063       301864025     20213.08900       306.00600     19907.08300         0.11218         0.03548     
          38590      1366450885       415435762      1366451968       224122087      1082.80900        15.47300      1067.33600         0.00000         0.00000     
          38592      1366451988       948228712      1366452379       479546325       390.53100         6.70500       383.82600         0.00000         0.00000     
          38598      1366452866       568220800      1366459168        35398325      6301.46700        93.57900      6207.88800         0.08983         0.03176     
          38601      1366461676       506585225      1366502459       884876587     40783.37800       612.60300     40170.77500         0.47099         0.07268     
          38684      1366548705        27877562      1366549909        43566750      1204.01600        12.15000      1191.86600         0.01119         0.01119     
          38697      1366555965       711716312      1366597562       884175375     41597.17200       627.95700     40969.21500         0.45977         0.07180     
          38708      1366597833       176738500      1366763296       895525450    165463.71900      2592.93700    162870.78200         1.65974         0.13643     
          38717      1366764232       761486875      1366937901       194837837    172685.82900      2616.99900    170068.83000         1.51396         0.13030     
          38878      1366966332       786499750      1367195697       992797662    224789.69200      3493.08400    221296.60800         2.28523         0.16000     
          38895      1367196225       109355775      1367368984       561838500    172759.45200      2640.81500    170118.63700         1.77113         0.14090     
          38904      1367369467       513841712      1367542222       343810412    172754.83000      2668.07800    170086.75200         1.60307         0.13406     
          38982      1367553123       729106787      1367699944       599061287    145508.37200      2192.41900    143315.95300         1.26727         0.11922     
          39063      1367715418       708798562      1367802737       705835662     87318.99700      1327.65000     85991.34700         0.69463         0.08822     
          39079      1367803071       672480925      1367975345       196862700    171290.72000      2686.94000    168603.78000         1.85986         0.14435     
          39088      1367975645        25376612      1368044960       736681112     69315.71100      1062.16300     68253.54800         0.59304         0.08146     
          39166      1368059894       484746287      1368147209       103937412     87314.61900      1359.45600     85955.16300         0.87423         0.09899     
          39180      1368152862       864122050      1368412542       453574450    259679.58900      3984.88400    255694.70500         2.46904         0.16646     
          39191      1368412837       835540450      1368577970       328854737    165132.49300      2502.70200    162629.79100         1.49134         0.12932     
          39200      1368579272       764395762      1368752422       467907412    173149.70400      2696.61600    170453.08800         1.78419         0.14150     
          39284      1368762849       343954187      1369011153       445311975    247002.85800      3811.33600    243191.52200         2.51235         0.16786     
          39292      1369011643        34605000      1369188985       337006787    177342.30200      2702.82100    174639.48100         2.16601         0.15591     
          39304      1369189261       427219125      1369357201       677248875    167940.25000      2629.59900    165310.65100         1.69219         0.13771     
          39468      1369381867       279680687      1369489810       168035262    107942.88800      1654.89800    106287.99000         1.22001         0.11686     
          39475      1369490410       333324225      1369625713       859668700    135303.52600      2089.21400    133214.31200         1.46776         0.12824     
          39485      1369626579       769418412      1369792783       885461937    166204.11600      2538.58700    163665.52900         1.53595         0.13123     
          39494      1369793011       975779550      1369928975       388053100    135963.41200      2087.55900    133875.85300         1.09838         0.11095     
          39500      1369929591       765971675      1369962812       440658462     33220.67500       525.38400     32695.29100         0.37000         0.06441     
          39569      1369973174       639774937      1370221413       841371900    246932.27600      3899.78600    243032.49000         2.35381         0.16243     
          39590      1370221695       478261887      1370396853       408593800    175157.93000      2712.95400    172444.97600         1.85256         0.14422     
          39600      1370397110       882349650      1370567220       629792625    147012.93300      2253.30400    144759.62900         1.35743         0.12340     
          39684      1370579263       168686925      1370822474        61111400    235813.41200      3566.61600    232246.79600         2.28748         0.16016     
          39692      1370823437       804251025      1370908457       797605037     83715.24300      1285.01400     82430.22900         0.67243         0.08681     
          39698      1370912636       284570162      1371003149       745117200     90513.46100      1415.80700     89097.65400         0.70668         0.08903     
          39704      1371003415       618927687      1371173547       406256150    163261.63000      2510.08600    160751.54400         1.43454         0.12680     
          39791      1371186358       825788475      1371345690       849202937    130295.35000      2038.85400    128256.49600         1.20983         0.11642     
          39792      1371348017       182116312      1371522843       434903175    155285.08800      2478.73900    152806.34900         1.57859         0.13294     
          39794      1371522884       880694037      1371602194       661893350     79309.78100      1223.17200     78086.60900         0.80565         0.09495     
          39803      1371602435       705836787      1371687059        77435950     84623.37200      1295.87200     83327.50000         0.72748         0.09023     
          39855      1371775603       137617212      1371776492       170361875       889.03300        17.48300       871.55000         0.00000         0.00000     
          40027      1371803567         9845762      1371841307       361364887     37740.35200       588.50300     37151.84900         0.32444         0.06025     
          40028      1371841881       444121425      1372036462       536689537    193597.82900      3044.47000    190553.35900         1.83146         0.14301     
          40037      1372038372       771554525      1372209234       463210950    169553.08900      2611.62600    166941.46300         1.54271         0.13133     
          40046      1372209512       903608025      1372380956       547779575    171443.64400      2682.04700    168761.59700         1.75718         0.14024     
          40127      1372395025       354290200      1372648994       454095662    251367.81800      3866.35900    247501.45900         2.35266         0.16235     
          40137      1372650160       850918250      1372814349        89889525    163201.61500      2615.48000    160586.13500         1.90246         0.14591     
          40146      1372815171       582438787      1372987127       551007487    169352.66100      2677.31800    166675.34300         1.64946         0.13605     
          40233      1372997451       424441575      1372998198       356849300       746.93200        15.08900       731.84300         0.02258         0.01597     
          40248      1372999947       783186112      1373246009       184373912    246061.40100      3883.59800    242177.80300         2.30029         0.16066     
          40257      1373247525       714179025      1373418533        99188175    168707.58800      2618.99500    166088.59300         1.67891         0.13708     
          40266      1373418741       855976362      1373508992       202585500     89252.74000      1417.05000     87835.69000         0.65033         0.08539     
          40267      1373509061        26744050      1373590873       711051062     80505.51000      1263.09900     79242.41100         0.85029         0.09754     
          40345      1373601346       298424162      1373850014       835085275    244762.47600      3838.27600    240924.20000         2.39371         0.16363     
          40357      1373850588       396696500      1374022877       760409862    171296.91300      2718.29200    168578.62100         1.76165         0.14015     
          40366      1374023288       586958012      1374194729       439707875    171440.85300      2684.75000    168756.10300         1.56123         0.13195     
          40535      1374219953       463343000      1374351785       271728425    130520.26500      2059.17600    128461.08900         1.20427         0.11588     
          40544      1374363038       590291575      1374456171       914310937     93133.32400      1469.08800     91664.23600         0.91401         0.10094     
          40553      1374457723       303007537      1374627695       229701200    169971.92700      2655.88100    167316.04600         1.48364         0.12865     
          40560      1374627949       970312862      1374800353       262607937    171095.21000      2690.65200    168404.55800         1.75199         0.13983     
          40646      1374812103        83523512      1374812822        69014825       718.98500        11.97700       707.00800         0.01130         0.01130     
          40647      1374814516       442132050      1374972695       867342862    150351.37800      2343.59000    148007.78800         1.34019         0.12234     
          40650      1374977677       600084400      1375059610       510516200     73730.68200      1183.53000     72547.15200         0.77022         0.09272     
          40660      1375060094       174838900      1375232415       820245550    169718.82800      2685.24000    167033.58800         1.65133         0.13574     
          40669      1375232735       440431150      1375404948       256426975    167409.55600      2694.28600    164715.27000         1.65048         0.13567     
          40750      1375418966       438814237      1375511893       638723675     91920.45700      1420.30200     90500.15500         0.95619         0.10311     
          40751      1375512952       690539200      1375660722       368404187    147769.67800      2248.25500    145521.42300         1.30269         0.12043     
          40754      1375660753       907031000      1375833654       726453200    171594.91800      2675.03100    168919.88700         1.50087         0.12918     
          40765      1375834160       531943787      1375931295       424167225     95829.57600      1467.02700     94362.54900         0.87802         0.09879     
          40766      1375933472       966290125      1375943011       677767125      9538.71100       141.00500      9397.70600         0.15595         0.04168     
          40776      1375949612       260274175      1375950436       282109712       824.02200        10.73000       813.29200         0.02214         0.01565     
          40785      1375952344        22464137      1375953788       349365412      1444.32700        20.57600      1423.75100         0.01105         0.01105     
          40788      1375955070        32453950      1375956674       285467125      1604.25300        23.23100      1581.02200         0.00000         0.00000     
          40797      1375957728       624806400      1375957939       283317625       210.65900         2.01900       208.64000         0.00000         0.00000     
          40798      1375958498       357084875      1376010127       293735000     49041.93600       773.15200     48268.78400         0.52347         0.07636     
          40894      1376210725       223842312      1376266005       144330600     55279.92000       836.98300     54442.93700         0.50006         0.07455     
          40903      1376266295       663604850      1376438259       272628787    170656.59300      2690.98100    167965.61200         1.74902         0.13959     
          40910      1376438507       595892925      1376461011        53800587     21195.94600       323.98800     20871.95800         0.14478         0.04016     
          40913      1376465249       270227562      1376614894       963233275    148339.94700      2342.36700    145997.58000         1.39250         0.12455     
          41084      1376702953       507964337      1376725568       919368350     22615.41100       341.33100     22274.08000         0.18912         0.04587     
          41085      1376725656       898216525      1376872552       236039812    146895.33800      2272.84300    144622.49500         1.35593         0.12276     
          41094      1376872896       125894350      1377044078       257690150    170179.92800      2667.44200    167512.48600         1.77088         0.14044     
          41103      1377044343       136530675      1377218074       867723137    172425.75200      2713.44300    169712.30900         1.55058         0.13152     
          41184      1377229457       805115250      1377477774       231282937    238625.85000      3738.76100    234887.08900         2.25212         0.15846     
          41193      1377478046       287386350      1377649221       855909362    169870.14800      2663.31000    167206.83800         1.66039         0.13603     
          41203      1377649486       392343450      1377824233       298033325    174746.90600      2706.38200    172040.52400         1.57255         0.13243     
          41286      1377835647       865999950      1378081141       485772062    245493.62000      3851.50000    241642.12000         2.21092         0.15712     
          41296      1378081351       703914812      1378338658       610643387    257306.90700      4029.17600    253277.73100         2.34062         0.16191     
          41306      1378338882       242030787      1378429005       804516637     88823.14200      1407.37600     87415.76600         1.04127         0.10798     
          41380      1378440677       432869712      1378684052       217673087    234915.19400      3670.74600    231244.44800         2.34097         0.16193     
          41390      1378684326       149985812      1378943457       207850112    256524.13100      4046.04500    252478.08600         2.35276         0.16236     
          41399      1378943704       416198962      1379032324         2372875     87312.71900      1370.01200     85942.70700         0.71716         0.08965     
          41561      1379058121       161235662      1379293473       177136925    234360.21800      3588.12300    230772.09500         2.29670         0.16041     
          41571      1379293683       487619275      1379465626       850907212    171943.36300      2624.59600    169318.76700         1.60160         0.13393     
          41580      1379466004       192932937      1379638713       821084812    170120.38800      2627.58100    167492.80700         1.41914         0.12593     
          41658      1379651778       723301075      1379654252        22512962      2473.29900        38.54900      2434.75000         0.04471         0.02236     
          41670      1379661744       421872687      1379897979       598749787    235246.72400      3660.45600    231586.26800         2.32265         0.16105     
          41679      1379898234       690110887      1380101785       736006662    200947.00200      3058.01300    197888.98900         1.77539         0.14080     
          41689      1380102050       256487350      1380243267       920181587    139903.90700      2168.59200    137735.31500         1.41734         0.12577     
          41770      1380253002       650575525      1380503310       714991312    249000.95800      3820.49600    245180.46200         2.13449         0.15445     
          41779      1380504032       384682612      1380675603       951215962    170588.13300      2586.31200    168001.82100         1.46156         0.12770     
          41788      1380675949       638358237      1380848339       379543537    171073.89800      2597.73300    168476.16500         1.67411         0.13669     
          41869      1380859085       829902887      1381108433       399567637    249347.57000      3841.13500    245506.43500         2.49527         0.16710     
          41880      1381109079       815049375      1381280525       316976362    169151.32100      2600.28200    166551.03900         1.90355         0.14600     
          41890      1381281621       193576575      1381453025       787306425    171404.59400      2616.99800    168787.59600         1.56374         0.13216     
          42054      1381477512       610941900      1381713444       173319462    235931.56200      3561.40400    232370.15800         2.29735         0.16007     
          42064      1381713699       489726187      1381886042       341112750    171025.53100      2570.36900    168455.16200         1.88470         0.14498     
          42073      1381886243       237000025      1381989268       761252325    103025.52400      1592.63900    101432.88500         0.87101         0.09862     
          42085      1382005037       334553700      1382056345       681751325     44236.82200       675.45200     43561.37000         0.47041         0.07259     
          42167      1382070045       343810112      1382128706       684237312     58661.34000       886.92800     57774.41200         0.54793         0.07828     
          42176      1382135016       457063800      1382279561       905600737    141915.03900      2157.30100    139757.73800         1.32805         0.12174     
          42177      1382279758       310540625      1382319056       512358550     37989.65800       575.34300     37414.31500         0.43482         0.06963     
          42189      1382329273       583718000      1382403283       881743037     74010.29800      1103.65000     72906.64800         0.89521         0.10009     
          42261      1382408291       961907200      1382491024       313064850     81421.63200      1224.35200     80197.28000         0.93901         0.10246     
          42270      1382491339       133858512      1382664297       763359712    172958.63000      2647.78000    170310.85000         1.39732         0.12498     
          42348      1382674234       280910112      1382946411       968505250    270867.90900      4134.62400    266733.28500         2.55880         0.16909     
          42361      1382946872       670961912      1383012057       248787987     62529.71400       942.13300     61587.58100         0.65888         0.08578     
          42362      1383012214       938953900      1383096143       806909850     83928.86800      1271.17100     82657.69700         0.70615         0.08897     
          42371      1383096647       813545200      1383267981       404275850    170358.21800      2651.79200    167706.42600         1.48859         0.12908     
          42449      1383278857        64313175      1383527930       629713325    246443.07800      3740.41100    242702.66700         2.19537         0.15641     
          42463      1383528646       418235337      1383700429       908670525    170808.25300      2602.01000    168206.24300         1.30334         0.12049     
          42472      1383700677       265252487      1383756898       179970387     56220.91500       853.03900     55367.87600         0.42315         0.06864     
          42481      1383784495       671988175      1383872135        69405637     86320.57500      1276.75200     85043.82300         0.86843         0.09833     
          42649      1383905259       456334262      1384028349       506719312    119152.07400      1830.03500    117322.03900         0.94740         0.10276     
          42658      1384034470       688394900      1384134187       777539787     98734.86300      1536.36600     97198.49700         0.89256         0.09979     
          42667      1384134421       748563275      1384302267       889678850    166534.47500      2549.54300    163984.93200         1.40858         0.12549     
          42676      1384303619       413993675      1384476939       310315325    173319.89600      2641.80200    170678.09400         1.42794         0.12621     
          42758      1384489018       761912462      1384547155       432444200     58136.67100       896.77100     57239.90000         0.56965         0.07977     
          42759      1384557631       784524025      1384650546       818702162     92915.03400      1410.96900     91504.06500         0.79437         0.09427     
          42844      1384656858       770886662      1384736320       809159462     79462.03800      1177.62200     78284.41600         0.65881         0.08577     
          42853      1384736736       638536050      1384748434       989575662     11698.35100       177.12000     11521.23100         0.11141         0.03523     
          42857      1384753528       854596475      1384820552       458365625     67023.60400       999.41300     66024.19100         0.52451         0.07651     
          42929      1384826981       603118800      1384909189       579338537     82207.97600      1275.43100     80932.54500         0.70370         0.08866     
          42938      1384909486         5180187      1385081873        83199362    167810.80900      2577.07500    165233.73400         1.42520         0.12597     
          43019      1385094513       242207375      1385345586       370601950    248451.29600      3737.61400    244713.68200         2.04826         0.15100     
          43022      1385345707       194404087      1385345845       928652000       138.73400         1.30500       137.42900         0.00000         0.00000     
          43029      1385346293       830142937      1385517958       993057800    166751.50000      2529.17900    164222.32100         1.48069         0.12839     
