          21223      1324738438       460155525      1324863535       648668712    125097.18900      2044.94000    123052.24900         4.86309         0.26690     
          21232      1324866651       845232012      1325033855       111442137    167203.26600      2602.51600    164600.75000         5.92794         0.29384     
          21241      1325034112       128704925      1325205655       548447037    171543.42000      2631.80700    168911.61300         6.33693         0.30211     
          21355      1325237136       106198075      1325375424       116569137    138288.01000      2142.43400    136145.57600         5.62361         0.28296     
          21364      1325376140       376352237      1325549040       424845812    172900.04800      2662.71700    170237.33100         6.65141         0.30616     
          21373      1325549385       359860387      1325725003        64442600    175617.70500      2677.59200    172940.11300         6.77450         0.30730     
          21375      1325725247       145361025      1325736857       706707137     11610.56100       181.87400     11428.68700         0.40363         0.07495     
          21396      1325736980       680449775      1325809570       428650537     71461.95800      1100.68000     70361.27800         2.57387         0.18873     
          21502      1325839589       313269775      1325982252       307004787    142662.99400      2185.05300    140477.94100         4.87298         0.25864     
          21514      1325983040       420522750      1326155850       432882512    171610.03800      2620.84900    168989.18900         6.69325         0.30054     
          21525      1326160009       146303500      1326160148       711304725       139.56500         1.34000       138.22500         0.00000         0.00000     
          21526      1326160195       672633050      1326331132       839512225    168528.55900      2538.10200    165990.45700         5.82412         0.27798     
          21527      1326333888       486396525      1326338709        29110012      4820.54300        82.18300      4738.36000         0.15836         0.04572     
          21536      1326339185       112974062      1326402265       446295487     61882.11700       932.42100     60949.69600         2.11675         0.16683     
          21546      1326431049       374844337      1326503322       285349050     71068.73100      1070.80200     69997.92900         2.90713         0.19512     
          21644      1326529335       398048212      1326675019       861275712    145684.46300      2216.71400    143467.74900         5.50854         0.26752     
          21662      1326675553       306694987      1326731399       182028775     55845.87500       867.51000     54978.36500         2.00635         0.16116     
          21669      1326768814       830030362      1326816179       453466212     47364.62300       722.31900     46642.30400         1.82965         0.15409     
          21670      1326816704       500666300      1326849375       168423175     30210.12400       453.24800     29756.87600         1.10118         0.11944     
          21680      1326850099       170322587      1326897475       754541250     42482.84000       614.57000     41868.27000         1.39722         0.13445     
          21691      1326958934       731617062      1327021970       434723212     61800.57700       951.42800     60849.14900         2.46281         0.17867     
          21807      1327049831       110097887      1327091428       780224950     37932.59800       551.67800     37380.92000         1.18770         0.12383     
          21818      1327104685        54628912      1327136005       222860125     30074.33400       436.40000     29637.93400         0.94102         0.11014     
          21821      1327137585       884709925      1327182746       468071975     41436.37000       651.96900     40784.40100         1.46014         0.13736     
          21825      1327198316       336265950      1327279654       614981025     80120.17800      1203.50300     78916.67500         3.05711         0.19859     
          21836      1327279968       831237375      1327283645       356297437      3676.52500        55.43600      3621.08900         0.17921         0.04790     
          21837      1327290026       187853987      1327312774       603874012     22748.41600       350.54200     22397.87400         0.84532         0.10405     
          21838      1327313219       636785850      1327363155       126887000     48722.95100       701.58300     48021.36800         1.60192         0.14328     
          21842      1327363635       892260687      1327453279       445772212     89643.55400      1326.63600     88316.91800         3.14644         0.20061     
          21846      1327453956       705539100      1327470185       521407162     16228.81600       238.07900     15990.73700         0.66335         0.09199     
          21852      1327470689       989310300      1327547022       332457062     76332.34300      1145.04500     75187.29800         2.72112         0.18645     
          21857      1327548470         6195137      1327626228       764287137     76526.03200      1138.16200     75387.87000         2.97258         0.19474     
          21867      1327627159       987274050      1327711749       332853987     83341.40200      1226.58200     82114.82000         2.87060         0.19095     
          21963      1327742105       191010900      1327797015       837678112     54910.64700       797.88300     54112.76400         1.91198         0.15560     
          21979      1327808899       912321600      1327886640       627387425     77740.71500      1158.27600     76582.43900         2.68847         0.18421     
          21988      1327887103       215785387      1327955326       419676475     68223.20400      1051.76600     67171.43800         2.39791         0.17351     
          21995      1327973988       520204587      1327984242       313240162     10253.79300       140.89100     10112.90200         0.36290         0.06739     
          22003      1327984537        94628462      1327991532       662203187      6995.56800        95.64600      6899.92200         0.22442         0.05290     
          22004      1327991776       870662487      1327999916       462908737      8139.59200       129.56400      8010.02800         0.30030         0.06130     
          22005      1327999971        58401862      1328059476       910540725     59505.85200       870.86500     58634.98700         2.13365         0.16269     
          22014      1328059688       885165537      1328231054       738470612    171365.85300      2530.29300    168835.56000         6.39707         0.28190     
          22115      1328253444       986199262      1328318013       758390987     64568.77200       991.95400     63576.81800         2.49644         0.17609     
          22124      1328318248       187604412      1328329020       592577400     10772.40500       165.50600     10606.89900         0.33556         0.06458     
          22125      1328329394       730224300      1328489201       164722737    159806.43400      2376.44000    157429.99400         5.70740         0.26583     
          22134      1328489483        45229362      1328494599       650569262      5116.60500        76.03000      5040.57500         0.16078         0.04459     
          22135      1328514846       339098537      1328664618       944710937    149772.60600      2258.69600    147513.91000         5.01880         0.24878     
          22148      1328664982       778541362      1328708283       691704737     43300.91300       663.73700     42637.17600         1.55394         0.13844     
          22152      1328708353       697995300      1328835279       592690825    126925.89500      1910.08300    125015.81200         4.53016         0.23616     
          22254      1328865245        54654050      1328922185       137712987     56940.08300       859.58300     56080.50000         1.94796         0.15497     
          22263      1328922503        30787762      1329094777       954088325    172274.92300      2582.86500    169692.05800         5.73224         0.26555     
          22272      1329095063       159418087      1329163354       419038612     68291.26000      1026.01100     67265.24900         2.47996         0.17449     
          22273      1329168345       140656962      1329177410       471966262      9065.33100       135.97900      8929.35200         0.25762         0.05622     
          22274      1329178035       191648037      1329267642       763742700     89607.57200      1376.14700     88231.42500         2.86395         0.18763     
          22284      1329267898       731779387      1329438763       591518875    170864.86000      2584.64600    168280.21400         5.43153         0.25836     
          22386      1329466432       342209375      1329520321       851868850     53889.51000       837.00000     53052.51000         1.87754         0.15179     
          22390      1329533655       444675925      1329583268       431590712     49612.98700       761.54000     48851.44700         1.57400         0.13913     
          22391      1329583324       449916450      1329594827       166843525     11502.71700       171.41700     11331.30000         0.51462         0.07941     
          22393      1329595017       670044325      1329699076       998894862    104059.32900      1611.40600    102447.92300         3.45010         0.20545     
          22402      1329699351       285545087      1329870780       594920875    171429.30900      2626.19600    168803.11300         6.05902         0.27206     
          22411      1329871354        42641400      1330044771       246025775    173417.20300      2668.80000    170748.40300         5.96025         0.26954     
          22513      1330073020       965774687      1330131086       313324262     58065.34800       876.09500     57189.25300         1.67646         0.14271     
          22522      1330131547        87451125      1330307892       733293425    176345.64600      2690.88900    173654.75700         6.10908         0.27240     
          22531      1330308669        61587750      1330477813       859770187    166567.36400      2579.91100    163987.45300         5.62783         0.26127     
          22539      1330478409       349886362      1330649404       108781062    170994.75900      2591.45400    168403.30500         5.68696         0.26233     
          22640      1330673600       386488275      1330736886       909573587     63286.52300       985.08600     62301.43700         2.24308         0.16447     
          22649      1330737200       468937637      1330910935       311961950    173734.84300      2649.25900    171085.58400         5.70431         0.26201     
          22658      1330911441       722219600      1331082883       231511250    171441.50900      2624.05200    168817.45700         5.56076         0.25844     
          22667      1331083168       454702312      1331245103       825972800    161935.37100      2482.57100    159452.80000         4.81198         0.24030     
          22764      1331279399       322504675      1331281646       344431600      2247.02200        35.69300      2211.32900         0.07188         0.02935     
          22765      1331286863       264111487      1331342096       949914637     55233.68600       865.87400     54367.81200         1.99251         0.15465     
          22774      1331342325       593556125      1331544865       676188162    202540.08300      3113.23100    199426.85200         6.13651         0.27120     
          22783      1331545173       459714500      1331545758       905427125       585.44600         8.62600       576.82000         0.02387         0.01688     
          22785      1331545958       522393287      1331688621       672619125    142663.15000      2153.38000    140509.77000         4.49552         0.23184     
          22795      1331689209       178283812      1331859260       572264600    170051.39400      2599.78500    167451.60900         5.21694         0.24957     
          22918      1331883031       709015675      1332118990       728091262    235959.01900      3586.10000    232372.91900         7.27869         0.29471     
          22933      1332120033       360843037      1332292230       221959012    168595.42500      2592.60200    166002.82300         5.35283         0.25234     
          22950      1332293390       324187775      1332311988        33427737     18597.70900       287.81900     18309.89000         0.72602         0.09296     
          22952      1332313967       890669600      1332375908       176437987     61940.28600       945.28400     60995.00200         1.84050         0.14784     
          22955      1332376597       342341487      1332380187       613111937      3590.27100        53.95300      3536.31800         0.13083         0.03945     
          22959      1332380330       411343325      1332383913       113977587      3582.70300        53.83000      3528.87300         0.16583         0.04432     
          22960      1332384129       360762375      1332388122       380244737      3993.01900        69.06000      3923.95900         0.08342         0.03153     
          22965      1332389317       384487450      1332392906       967528150      3589.58300        59.57500      3530.00800         0.05946         0.02659     
          22966      1332393073       392148275      1332400628       391570487      7554.99900       113.92200      7441.07700         0.15413         0.04275     
          22971      1332401517       944285887      1332413218       927825212     11700.98400       185.44800     11515.53600         0.22560         0.05176     
          22975      1332413657       470946562      1332417392       842865687      3735.37200        54.00200      3681.37000         0.09456         0.03343     
          22977      1332417671       534746737      1332418955       743286887      1284.20900        16.50100      1267.70800         0.02374         0.01679     
          22980      1332421931       145706212      1332424215       254842962      2284.10900        30.90700      2253.20200         0.03547         0.02048     
          22982      1332424555       401948612      1332427267          647237      2711.59900        39.86000      2671.73900         0.04755         0.02377     
          22984      1332427814       593997650      1332431626       364335825      3811.77000        63.80500      3747.96500         0.11914         0.03768     
          22986      1332431792       504994900      1332436449       210247737      4656.70500        66.94600      4589.75900         0.20156         0.04889     
          22988      1332436630       405054550      1332441138       783985787      4508.37900        65.58400      4442.79500         0.18903         0.04726     
          22990      1332441249       354353800      1332445786       897215575      4537.54300        64.84200      4472.70100         0.13054         0.03936     
          22992      1332445882       252221337      1332450426       448048937      4544.19600        74.22500      4469.97100         0.09481         0.03352     
          22994      1332450540       150946125      1332464119         9804975     13578.85900       202.74400     13376.11500         0.47426         0.07499     
          23096      1332495619       185278150      1332550529       193303825     54910.00800       814.73200     54095.27600         1.74165         0.14365     
          23103      1332552697        75535300      1332724171       807620450    171474.73200      2681.15600    168793.57600         5.30822         0.25080     
          23117      1332724730       410235862      1332809778       674414387     85048.26400      1380.83500     83667.42900         2.61951         0.17621     
          23127      1332811104       998407900      1332983499       254229750    171483.58700      2696.98300    168786.60400         5.60045         0.25751     
          23136      1332983762       390388012      1333068385       781304000     80571.66100      1285.46500     79286.19600         2.42424         0.16932     
          23238      1333096919       987465787      1333242705       277841237    140826.43000      2187.36000    138639.07000         4.34324         0.22672     
          23248      1333243477       126366075      1333414958       444364337    167885.16400      2596.03800    165289.12600         5.09504         0.24514     
          23258      1333416042       953347600      1333588497       248984437    172454.29600      2664.31100    169789.98500         5.45046         0.25358     
          23267      1333588821       639033050      1333673799       639778162     82274.14000      1269.74400     81004.39600         2.45440         0.17019     
          23367      1333701719       870363112      1333756812       594228625     55092.72400       823.29000     54269.43400         1.59933         0.13714     
          23486      1333879911       180996037      1333881254       531596237      1343.35100        20.67100      1322.68000         0.02353         0.01664     
          23492      1333881985       409524712      1333883671       540083225      1686.13100        27.92300      1658.20800         0.03539         0.02043     
          23494      1333883846       668501025      1333932663       209437300     47466.58200       745.47600     46721.10600         1.41967         0.12906     
          23505      1333938126       959713437      1334019593       605379112     81466.64600      1253.54400     80213.10200         2.55996         0.17339     
          23514      1334020627       535258375      1334192468       521480837    168240.81400      2604.41500    165636.39900         5.21356         0.24743     
          23523      1334193139       551984350      1334278681       122195125     85541.57000      1325.80500     84215.76500         2.73361         0.17909     
          23622      1334303712       698052075      1334387430        91672075     83717.39400      1291.72100     82425.67300         2.47645         0.17049     
          23629      1334394846       959689887      1334452038       739839300     57191.78000       881.03100     56310.74900         1.71380         0.14184     
          23638      1334452317       834721125      1334625771       904081562    173454.06900      2711.82900    170742.24000         4.76806         0.23635     
          23648      1334626599       687137325      1334797812       327735562    171212.64100      2672.68800    168539.95300         5.36793         0.25056     
          23657      1334798115       174663362      1334883194       250359300     85079.07600      1374.73200     83704.34400         2.23276         0.16156     
          23908      1334907132       688155225      1335057022       200877475    148526.51000      2355.11600    146171.39400         4.64343         0.23276     
          24006      1335057342       488327525      1335232194       257822225    174851.76900      2699.49200    172152.27700         5.19525         0.24601     
          24138      1335232520        54564400      1335340572       288048387    108052.23300      1678.07700    106374.15600         3.23579         0.19407     
          24337      1335341122       614382012      1335400211       842815587     59089.22800       923.34100     58165.88700         2.07220         0.15532     
          24338      1335400404       601043675      1335428047       716069050     27643.11500       420.02500     27223.09000         0.64047         0.08636     
          24340      1335428554       253968000      1335489454       122458225     58166.24200       922.71300     57243.52900         1.81627         0.14542     
          24450      1335518433       606484512      1335668854       213674012    150420.60700      2325.76200    148094.84500         4.42024         0.22676     
          24458      1335672312       430575000      1335838851       750672812    166539.32000      2557.32200    163981.99800         5.00651         0.24116     
          24472      1335839654         2727025      1335903143       543714525     63489.54100      1025.39300     62464.14800         1.89154         0.14816     
          24481      1335911969       342856475      1336015950       980535212    103981.63800      1622.79000    102358.84800         3.05397         0.18832     
          24500      1336016852        44431050      1336092771       289116912     75919.24500      1166.80100     74752.44400         2.34661         0.16511     
          24596      1336123926       767889312      1336277931       598926937    154004.83100      2336.97900    151667.85200         4.72999         0.23446     
          24605      1336278303       344006412      1336335365       151776925     57061.80800       886.03400     56175.77400         1.59432         0.13621     
          24611      1336348445       371068925      1336697850       948226850    348014.86900      5441.72600    342573.14300        10.71308         0.35302     
          24714      1336725197       110239825      1336732581       155971087      7384.04600       123.59000      7260.45600         0.17411         0.04496     
          24717      1336732600        82058150      1336867816       564286462    135216.48200      2069.77200    133146.71000         3.96291         0.21429     
          24724      1336868271       820933675      1337040749       603549900    172477.78300      2628.19400    169849.58900         5.34524         0.24896     
          24733      1337041350       925812287      1337049422       244953525      8071.31900       120.52700      7950.79200         0.24301         0.05303     
          24736      1337050311       845588975      1337068177       925965337     17441.95000       266.62000     17175.33000         0.72583         0.09294     
          24737      1337068477       255459125      1337212502        98634475    144024.84300      2261.79700    141763.04600         4.59456         0.23060     
          24744      1337213333       313183412      1337300491       285779337     85755.03300      1304.25300     84450.78000         2.65608         0.17514     
          24846      1337326326       277631050      1337395526       944152525     66686.36900      1038.08100     65648.28800         2.05833         0.15560     
          24847      1337396252       900265962      1337476202       145407150     79949.24500      1229.96200     78719.28300         2.88447         0.18243     
          24854      1337476768       676594175      1337567793       857244537     91025.18100      1433.57300     89591.60800         2.69866         0.17642     
          24868      1337568207       174881587      1337734582       496131100    153615.34400      2341.34100    151274.00300         4.68414         0.23248     
          24881      1337734974       974732775      1337759520       593848787     24097.37000       376.31400     23721.05600         0.82103         0.09813     
          24882      1337760578       840819512      1337791693       913296162     31115.07200       486.18800     30628.88400         1.09571         0.11242     
          24883      1337799689        29702337      1337817203       639646487     16743.75800       274.81700     16468.94100         0.42230         0.07138     
          24884      1337819046       485343750      1337823686       154865637      4158.66600        65.93500      4092.73100         0.10335         0.03654     
          24885      1337824457       217091512      1337907414       793033762     80127.50700      1233.18600     78894.32100         2.32224         0.16380     
          24987      1337943188        17734537      1338170089       335904287    219540.84600      3365.89500    216174.95100         6.68236         0.27772     
          25002      1338171209       787907062      1338185853       346989862     14643.55900       234.56400     14408.99500         0.45065         0.07216     
          25004      1338195024       444999387      1338253170       837617575     58146.39300       913.93800     57232.45500         1.67297         0.13894     
          25106      1338357029       973811412      1338362285       880378312      5255.90700        78.16600      5177.74100         0.16157         0.04318     
          25109      1338365141       144945025      1338511971       723727937    144052.77800      2246.50500    141806.27300         4.66402         0.23176     
          25129      1338522381       316670037      1338775355       174919612    252973.85800      3944.66300    249029.19500         7.46761         0.29314     
          25138      1338775888       578301550      1338944452       529389025    167077.01600      2628.91300    164448.10300         4.75968         0.23393     
          25213      1338944868        54996325      1339117027       377503612    172159.32300      2664.66200    169494.66100         5.30716         0.24692     
          25809      1339755034       829091037      1339979773       996219862    224739.16700      3454.22500    221284.94200         6.81150         0.27925     
          25821      1339980548       205793625      1340151511       409917100    155057.75400      2419.64900    152638.10500         3.93468         0.21215     
          25831      1340152494       743361375      1340228615       966314950     73390.13300      1143.52200     72246.61100         1.97635         0.15026     
          25834      1340232031        16580250      1340326396       138570937     94365.12200      1481.88500     92883.23700         2.96251         0.18409     
          25934      1340353400       761423212      1340365102       693446912     11701.93200       180.90200     11521.03000         0.36493         0.06451     
          25944      1340378602       617898825      1340379911       668608887      1309.05100        17.97900      1291.07200         0.01142         0.01142     
          25945      1340379988       143565162      1340585246       680064137    205258.53600      3176.96800    202081.56800         6.18667         0.26624     
          25954      1340585658          154700      1340594590       367181187      8932.36700       149.77500      8782.59200         0.37981         0.06612     
          25957      1340630639       882076425      1340762346       890601575    107121.17000      1667.72900    105453.44100         3.09350         0.18827     
          25966      1340762678       494746550      1340930126       515289487    167448.02100      2613.99200    164834.02900         4.65161         0.23086     
          26081      1340965732       212406987      1341157790       419200125    190550.53800      3020.74700    187529.79100         5.43029         0.24943     
          26090      1341158126       140839637      1341361432       277307100    203306.13600      3168.80000    200137.33600         5.96260         0.26123     
          26097      1341361700       190083375      1341536128       689820575    174428.50000      2735.52300    171692.97700         5.07361         0.24106     
          26198      1341565015       311038337      1341792760         1061062    227744.69000      3611.52000    224133.17000         6.69220         0.27693     
          26214      1341793605       203981187      1341966777        23307887    173171.81900      2706.53300    170465.28600         4.66347         0.23088     
          26263      1341993590       600898637      1342140973       827104862    121229.52100      1851.48600    119378.03500         3.48432         0.19952     
          26370      1342168096       541795700      1342401669       604828112    233573.06300      3643.57500    229929.48800         6.71124         0.27701     
          26380      1342402008       574504312      1342573387       173252137    166891.44500      2603.79500    164287.65000         4.82867         0.23478     
          26389      1342573694       756637712      1342745779       969455762    163375.12500      2529.73000    160845.39500         4.87600         0.23597     
          26494      1342769434        29418337      1343005890        41658287    236456.01200      3694.62200    232761.39000         6.82341         0.27904     
          26501      1343007410       509056350      1343174888       346008987    160292.83700      2487.03900    157805.79800         4.29139         0.22132     
          26531      1343175188       813494050      1343350807       234388012    175618.42100      2735.74100    172882.68000         5.33676         0.24670     
          26694      1343377097       133158775      1343434377       513926687     57280.38100       903.73900     56376.64200         1.61616         0.13563     
          34527      1350643000       403347750      1350877938       742747625    232550.04300      3585.06200    228964.98100         4.06606         0.21611     
          34545      1350880586       514173150      1351053161       601214500    172575.08700      2662.36400    169912.72300         2.94752         0.18351     
          34556      1351054993       191826225      1351210720       749434937    155727.55800      2399.27300    153328.28500         2.56490         0.17100     
          34740      1351246421        55846725      1351442945       873147450    194095.35700      2967.19100    191128.16600         3.04882         0.18694     
          34753      1351443243       473747787      1351646565        77967875    203321.60400      3197.51400    200124.09000         3.45280         0.19836     
          34765      1351646928       144987012      1351818314       717400050    171386.57200      2706.45500    168680.11700         2.58045         0.17127     
          34937      1351848374       171492450      1352021599       797402637    173225.62600      2782.84100    170442.78500         2.58035         0.17127     
          34944      1352021930       985845200      1352075502       471212225     53571.48500       846.13100     52725.35400         0.75892         0.09272     
          34950      1352076821        36861625      1352093926       121723562     15878.77800       258.45400     15620.32400         0.24934         0.05316     
          34955      1352100399       370971325      1352129740       868770100     29341.49800       447.88500     28893.61300         0.38462         0.06596     
          34958      1352132949       198618050      1352159735        25559725     26785.82700       426.83800     26358.98900         0.39576         0.06690     
          34961      1352167413       335210237      1352169847       973505887      2434.63800        38.93900      2395.69900         0.05685         0.02543     
          34995      1352208405       538281400      1352422668       510590000    214262.97200      3463.71900    210799.25300         3.62370         0.20289     
          35172      1352454276       622430975      1352683208       910937100    228932.28900      4261.68600    224670.60300         3.43871         0.19755     
          35190      1352684732       394977625      1352767036         9215962     82303.61400      1735.70900     80567.90500         1.25858         0.11946     
          35191      1352767839       737237800      1352851979       426472462     84139.68900      1752.43200     82387.25700         1.27022         0.12003     
          35200      1352852983       777189062      1353027632       836253987    174649.05900      3000.60000    171648.45900         2.86288         0.17999     
          35372      1353057029       361392887      1353059316       721614437      2287.36000        39.87600      2247.48400         0.05625         0.02516     
          35373      1353060391       694163400      1353284406        23903712    224014.33000      4062.82800    219951.50200         3.45493         0.19783     
          35383      1353284636       346171837      1353457044       112366037    172407.76600      3105.10900    169302.65700         2.70124         0.17473     
          35400      1353457635       787165225      1353480975       598990475     23339.81200       371.99500     22967.81700         0.40578         0.06763     
          35412      1353481316       654364337      1353569278        45678162     87961.39100      1532.81500     86428.57600         1.31141         0.12176     
          35416      1353569337       314169262      1353577806       523707562      8469.21000       138.12600      8331.08400         0.09048         0.03199     
          35434      1353578202       118523900      1353603882       408926862     25680.29000       433.68600     25246.60400         0.32724         0.06077     
          35437      1353606172       198470137      1353631908       935590862     25736.73700       448.44200     25288.29500         0.44044         0.07053     
          35608      1353659697       812612850      1353889434       119210262    229736.30700      4202.45600    225533.85100         3.35649         0.19477     
          35618      1353889688       334190437      1354061613       143408725    171924.80900      2894.15200    169030.65700         2.68818         0.17425     
          35627      1354061848        94018875      1354236805       308339112    174957.21400      2812.85500    172144.35900         2.81268         0.17825     
          35795      1354263032       436310387      1354496712        66197887    233679.63000      3778.02300    229901.60700         3.49754         0.19865     
          35805      1354497121       854247200      1354673298       382454225    176176.52800      2831.10200    173345.42600         2.41090         0.16481     
          35811      1354673945       966407950      1354838094       642539175    164148.67600      2578.36700    161570.30900         2.59993         0.17107     
          35980      1354863584       492661887      1355103011       433822650    233388.60800      3747.95800    229640.65000         3.35019         0.19440     
          35995      1355103239       972276400      1355104465       268273025      1225.29600        15.23700      1210.05900         0.01129         0.01129     
          35998      1355104862       254840250      1355109870       969462112      5008.71500        80.89400      4927.82100         0.05662         0.02532     
          35999      1355110162       515395300      1355275413       381675225    164015.01100      2606.23900    161408.77200         2.16978         0.15659     
          36008      1355275640       758156812      1355448392       734132025    172751.97600      2803.81300    169948.16300         2.52975         0.16865     
          36207      1355482847       710700887      1355706720       667642712    223872.95700      3415.53600    220457.42100         2.43100         0.16503     
          36216      1355707125       748349462      1355879563       299579700    172437.55100      2684.82300    169752.72800         2.31346         0.16119     
          36225      1355879854       396484275      1356051203       185283500    171348.78900      2623.28200    168725.50700         1.88727         0.14561     
          36392      1356085366       494478912      1356312004       581854725    226638.08700      3577.48100    223060.60600         2.53589         0.16869     
          36403      1356312613       362687300      1356483972        49521537    171358.68700      2675.93500    168682.75200         2.09894         0.15349     
          36409      1356484261       926414275      1356656108       158903775    171846.23200      2667.82800    169178.40400         1.96684         0.14868     
          36575      1356680629        98438287      1356916152       705842037    235523.60700      3657.89800    231865.70900         3.02547         0.18447     
          36590      1356916432       725571850      1357071242       908803012     51301.34400       821.41800     50479.92600         0.68586         0.08782     
          36803      1357531052       328561350      1357534825       842787175      3773.51400        58.86800      3714.64600         0.01125         0.01125     
          36806      1357536507       724473175      1357693146        36887112    156638.31200      2367.26200    154271.05000         1.80111         0.14239     
          36815      1357693847       594056987      1357865485       565455137    171637.97100      2634.45500    169003.51600         2.39405         0.16404     
          36896      1357877971        33879937      1358124985       802637350    247014.76900      3774.73800    243240.03100         3.08015         0.18608     
          36906      1358125749       184902975      1358298267       438106287    172518.25300      2691.28600    169826.96700         1.65355         0.13638     
          36916      1358298999       946191225      1358385898       434856087     86898.48900      1294.44800     85604.04100         0.96560         0.10412     
          36919      1358386220       927294662      1358389199       542837725      2978.61600        41.50500      2937.11100         0.02254         0.01594     
          36931      1358390177       465643137      1358557472       406524025    167294.94100      2604.47700    164690.46400         1.85737         0.14460     
          36943      1358557939       315198387      1358637816       953476812     79877.63800      1212.27300     78665.36500         0.90910         0.10101     
          36958      1358676871       897669487      1358728370       966622950     51499.06900       898.25800     50600.81100         0.66313         0.08633     
          36965      1358732058       683978575      1358733461       279686850      1402.59600        18.28500      1384.31100         0.00000         0.00000     
          37045      1358745177       967700662      1358903178       891342962    158000.92400      2449.01100    155551.91300         1.81542         0.14263     
          37061      1358903938       539108100      1359075339       830888025    171401.29200      2754.99800    168646.29400         1.88523         0.14545     
          37144      1359088468       884852312      1359333112       383573562    244643.49900      4101.73700    240541.76200         2.54984         0.16924     
          37149      1359333268        25715800      1359508720        49273462    175452.02400      2911.77800    172540.24600         2.18411         0.15681     
          37160      1359509003       874371762      1359679774       646897325    170770.77300      2719.22900    168051.54400         1.89796         0.14600     
          37329      1359707415       612598537      1359849924       847568075    142509.23500      2247.82400    140261.41100         1.57204         0.13286     
          37341      1359862816       659322762      1360037660       795707237    174844.13600      2656.64400    172187.49200         1.82486         0.14294     
          37346      1360043646       977067087      1360112762       161144262     69115.18400      1046.29700     68068.88700         0.63853         0.08458     
          37355      1360113183       257733800      1360284610       671307212    171427.41400      2599.95700    168827.45700         1.60255         0.13401     
          37447      1360297084       290069262      1360491746       642500962    194662.35200      2984.24500    191678.10700         2.04983         0.15153     
          37448      1360491803       561565987      1360549852        38311850     58048.47700       887.92700     57160.55000         0.57267         0.08019     
          37457      1360550710       380525725      1360725185         4258700    174474.62400      2695.26400    171779.36000         1.63794         0.13556     
          37467      1360725878       755438625      1360889647       859268725    163769.10400      2519.79700    161249.30700         1.57009         0.13270     
          37547      1360901264       331187575      1361146534       955724450    245270.62500      3818.67600    241451.94900         2.67902         0.17329     
          37556      1361146751       327948750      1361319022        92197712    172270.76400      2705.37000    169565.39400         1.80506         0.14226     
          37565      1361319221       558954237      1361494229       647961350    173719.13000      2711.28400    171007.84600         1.79468         0.14188     
          37647      1361506065       878382000      1361932031       759891112    424675.96000      6550.91600    418125.04400         4.40067         0.22199     
          37656      1361932548       635208575      1362099077       856356625    166529.22100      2567.17000    163962.05100         1.62140         0.13465     
          37835      1362123377       465106500      1362362355       557532437    237695.34100      3668.67500    234026.66600         2.36841         0.16266     
          37849      1362365919       544577312      1362540207         9206862    168596.29000      2556.93100    166039.35900         1.83202         0.14306     
          37857      1362540471        32687037      1362703874       850213250    163403.81800      2513.46700    160890.35100         1.56340         0.13213     
          37935      1362717867       865138950      1362972063       517822287    254195.65300      3893.97700    250301.67600         2.28810         0.16020     
          37952      1362972249       689648337      1363134501       591420087    162251.90200      2499.75400    159752.14800         1.41857         0.12638     
          37961      1363134703       742071325      1363308800       291713637    174096.55000      2733.73100    171362.81900         1.56597         0.13282     
          38035      1363318907       877578262      1363564528       945918300    245621.06800      3757.31000    241863.75800         2.37526         0.16352     
          38055      1363610557       794907125      1363755940       966584050    145383.17200      2308.90500    143074.26700         1.51756         0.13061     
          38065      1363756168       332986162      1363913736       293356837    151658.21600      2505.03800    149153.17800         1.53992         0.13156     
          38146      1363923260       710248175      1364178571       497457225    251700.40000      4108.80300    247591.59700         2.76414         0.17588     
          38155      1364179740       275677437      1364181019       921263137      1279.64600        20.97600      1258.67000         0.00000         0.00000     
          38156      1364183974       774110275      1364257436       868161700     73462.09400      1181.27700     72280.81700         0.80490         0.09486     
          38161      1364267034       271083825      1364363788       267633037     90004.40500      1442.50400     88561.90100         0.87188         0.09872     
          38168      1364370066       270241100      1364518374       982910987    148308.71300      2307.33800    146001.37500         1.08227         0.10989     
          38338      1364543475        73538712      1364778058       227598350    234583.15400      3633.55400    230949.60000         2.10934         0.15343     
          38344      1364778500       423811150      1364956966       422012375    178465.99800      2742.45300    175723.54500         1.57372         0.13253     
          38356      1364957525       961117362      1365123546       690806487    166020.73000      2558.87000    163461.86000         1.31689         0.12123     
          38435      1365134565       354485212      1365295546       662923512    160981.30800      2410.51500    158570.79300         1.31652         0.12120     
          38450      1365298136       168225275      1365557739       533567512    259603.36500      3984.60000    255618.76500         2.31289         0.16076     
          38460      1365558756       723558712      1365727386       928902750    168630.20500      2533.08900    166097.11600         1.57247         0.13243     
          38541      1365741499        43472600      1365984224       407397887    242725.36400      3691.84500    239033.51900         2.36709         0.16257     
          38553      1365984801       237413250      1366157766       439813250    172965.20200      2637.89800    170327.30400         1.97518         0.14846     
          38563      1366160005       472413012      1366331710       813729525    171705.34100      2612.75700    169092.58400         1.66253         0.13620     
          38570      1366332067       332335175      1366413493       913845350     81426.58200      1238.54400     80188.03800         0.92420         0.10144     
          38584      1366424850       212694862      1366445063       301864025     20213.08900       299.97000     19913.11900         0.23395         0.05105     
          38590      1366450885       415435762      1366451968       224122087      1082.80900        17.46700      1065.34200         0.03284         0.01896     
          38592      1366451988       948228712      1366452379       479546325       390.53100         7.67900       382.85200         0.00000         0.00000     
          38598      1366452866       568220800      1366459168        35398325      6301.46700        89.57500      6211.89200         0.02182         0.01543     
          38601      1366461676       506585225      1366502459       884876587     40783.37800       635.17100     40148.20700         0.38969         0.06587     
          38684      1366548705        27877562      1366549909        43566750      1204.01600        19.09500      1184.92100         0.00000         0.00000     
          38697      1366555965       711716312      1366597562       884175375     41597.17200       629.74000     40967.43200         0.42402         0.06879     
          38708      1366597833       176738500      1366763296       895525450    165463.71900      2536.48700    162927.23200         1.59460         0.13335     
          38717      1366764232       761486875      1366937901       194837837    172685.82900      2613.94500    170071.88400         1.44673         0.12689     
          38878      1366966332       786499750      1367195697       992797662    224789.69200      3393.87100    221395.82100         2.06002         0.15146     
          38895      1367196225       109355775      1367368984       561838500    172759.45200      2602.66500    170156.78700         1.80195         0.14158     
          38904      1367369467       513841712      1367542222       343810412    172754.83000      2626.15300    170128.67700         1.69173         0.13722     
          38982      1367553123       729106787      1367699944       599061287    145508.37200      2211.15500    143297.21700         1.37812         0.12376     
          39063      1367715418       708798562      1367802737       705835662     87318.99700      1346.73000     85972.26700         0.91206         0.10072     
          39079      1367803071       672480925      1367975345       196862700    171290.72000      2593.02600    168697.69400         1.71341         0.13807     
          39088      1367975645        25376612      1368044960       736681112     69315.71100      1062.84200     68252.86900         0.68953         0.08757     
          39166      1368059894       484746287      1368147209       103937412     87314.61900      1308.54300     86006.07600         0.76705         0.09234     
          39180      1368152862       864122050      1368412542       453574450    259679.58900      3939.23200    255740.35700         2.47910         0.16601     
          39191      1368412837       835540450      1368577970       328854737    165132.49300      2524.37700    162608.11600         1.34496         0.12227     
          39200      1368579272       764395762      1368752422       467907412    173149.70400      2652.52200    170497.18200         1.50062         0.12915     
          39284      1368762849       343954187      1369011153       445311975    247002.85800      3788.99000    243213.86800         2.40326         0.16352     
          39292      1369011643        34605000      1369188985       337006787    177342.30200      2707.17700    174635.12500         1.49014         0.12873     
          39304      1369189261       427219125      1369357201       677248875    167940.25000      2516.41300    165423.83700         1.49867         0.12899     
          39468      1369381867       279680687      1369489810       168035262    107942.88800      1653.99700    106288.89100         1.02151         0.10650     
          39475      1369490410       333324225      1369625713       859668700    135303.52600      2069.09300    133234.43300         1.27592         0.11898     
          39485      1369626579       769418412      1369792783       885461937    166204.11600      2489.70100    163714.41500         1.76691         0.14013     
          39494      1369793011       975779550      1369928975       388053100    135963.41200      2069.63900    133893.77300         1.31221         0.12080     
          39500      1369929591       765971675      1369962812       440658462     33220.67500       514.64200     32706.03300         0.42336         0.06868     
          39569      1369973174       639774937      1370221413       841371900    246932.27600      3749.14900    243183.12700         2.23556         0.15769     
          39590      1370221695       478261887      1370396853       408593800    175157.93000      2688.90600    172469.02400         1.48119         0.12844     
          39600      1370397110       882349650      1370567220       629792625    147012.93300      2301.83100    144711.10200         1.38427         0.12431     
          39684      1370579263       168686925      1370822474        61111400    235813.41200      3624.24600    232189.16600         2.17423         0.15570     
          39692      1370823437       804251025      1370908457       797605037     83715.24300      1298.38100     82416.86200         0.58982         0.08102     
          39698      1370912636       284570162      1371003149       745117200     90513.46100      1394.69000     89118.77100         0.92513         0.10155     
          39704      1371003415       618927687      1371173547       406256150    163261.63000      2494.00700    160767.62300         1.47898         0.12824     
          39791      1371186358       825788475      1371345690       849202937    130295.35000      2028.90900    128266.44100         1.30276         0.12044     
          39792      1371348017       182116312      1371522843       434903175    155285.08800      2453.22500    152831.86300         1.46007         0.12757     
          39794      1371522884       880694037      1371602194       661893350     79309.78100      1197.33900     78112.44200         0.73296         0.09022     
          39803      1371602435       705836787      1371687059        77435950     84623.37200      1280.39300     83342.97900         0.84456         0.09688     
          39855      1371775603       137617212      1371776492       170361875       889.03300        10.56300       878.47000         0.00000         0.00000     
          40027      1371803567         9845762      1371841307       361364887     37740.35200       559.34100     37181.01100         0.42152         0.06838     
          40028      1371841881       444121425      1372036462       536689537    193597.82900      2931.49800    190666.33100         1.73201         0.13867     
          40037      1372038372       771554525      1372209234       463210950    169553.08900      2634.29800    166918.79100         1.82280         0.14234     
          40046      1372209512       903608025      1372380956       547779575    171443.64400      2633.08300    168810.56100         1.58797         0.13279     
          40127      1372395025       354290200      1372648994       454095662    251367.81800      3880.72300    247487.09500         2.46984         0.16577     
          40137      1372650160       850918250      1372814349        89889525    163201.61500      2514.22500    160687.39000         1.47654         0.12803     
          40146      1372815171       582438787      1372987127       551007487    169352.66100      2646.24900    166706.41200         1.44659         0.12688     
          40233      1372997451       424441575      1372998198       356849300       746.93200         9.13500       737.79700         0.01109         0.01109     
          40248      1372999947       783186112      1373246009       184373912    246061.40100      3794.88400    242266.51700         2.41393         0.16387     
          40257      1373247525       714179025      1373418533        99188175    168707.58800      2595.58700    166112.00100         1.74856         0.13955     
          40266      1373418741       855976362      1373508992       202585500     89252.74000      1378.26200     87874.47800         0.82246         0.09561     
          40267      1373509061        26744050      1373590873       711051062     80505.51000      1241.04500     79264.46500         0.68989         0.08762     
          40345      1373601346       298424162      1373850014       835085275    244762.47600      3762.86500    240999.61100         2.31940         0.16044     
          40357      1373850588       396696500      1374022877       760409862    171296.91300      2641.85500    168655.05800         1.77390         0.14024     
          40366      1374023288       586958012      1374194729       439707875    171440.85300      2703.37900    168737.47400         1.43013         0.12592     
          40535      1374219953       463343000      1374351785       271728425    130520.26500      2010.42400    128509.84100         1.13154         0.11204     
          40544      1374363038       590291575      1374456171       914310937     93133.32400      1383.48700     91749.83700         0.76567         0.09218     
          40553      1374457723       303007537      1374627695       229701200    169971.92700      2621.87700    167350.05000         1.46561         0.12757     
          40560      1374627949       970312862      1374800353       262607937    171095.21000      2665.43200    168429.77800         1.55588         0.13150     
          40646      1374812103        83523512      1374812822        69014825       718.98500        12.00400       706.98100         0.00000         0.00000     
          40647      1374814516       442132050      1374972695       867342862    150351.37800      2325.19800    148026.18000         1.18613         0.11467     
          40650      1374977677       600084400      1375059610       510516200     73730.68200      1143.29700     72587.38500         0.68772         0.08734     
          40660      1375060094       174838900      1375232415       820245550    169718.82800      2672.85600    167045.97200         1.66600         0.13603     
          40669      1375232735       440431150      1375404948       256426975    167409.55600      2630.20900    164779.34700         1.42111         0.12561     
          40750      1375418966       438814237      1375511893       638723675     91920.45700      1393.51300     90526.94400         0.69792         0.08793     
          40751      1375512952       690539200      1375660722       368404187    147769.67800      2264.66200    145505.01600         1.60321         0.13314     
          40754      1375660753       907031000      1375833654       726453200    171594.91800      2675.45700    168919.46100         1.62541         0.13406     
          40765      1375834160       531943787      1375931295       424167225     95829.57600      1442.22600     94387.35000         0.73039         0.08990     
          40766      1375933472       966290125      1375943011       677767125      9538.71100       144.99400      9393.71700         0.08839         0.03125     
          40776      1375949612       260274175      1375950436       282109712       824.02200        12.74000       811.28200         0.01105         0.01105     
          40785      1375952344        22464137      1375953788       349365412      1444.32700        17.58000      1426.74700         0.02216         0.01567     
          40788      1375955070        32453950      1375956674       285467125      1604.25300        27.23200      1577.02100         0.00000         0.00000     
          40797      1375957728       624806400      1375957939       283317625       210.65900         3.01000       207.64900         0.00000         0.00000     
          40798      1375958498       357084875      1376010127       293735000     49041.93600       738.14800     48303.78800         0.43204         0.06918     
          40894      1376210725       223842312      1376266005       144330600     55279.92000       832.21200     54447.70800         0.68777         0.08735     
          40903      1376266295       663604850      1376438259       272628787    170656.59300      2646.08000    168010.51300         1.60765         0.13351     
          40910      1376438507       595892925      1376461011        53800587     21195.94600       320.13300     20875.81300         0.24388         0.05200     
          40913      1376465249       270227562      1376614894       963233275    148339.94700      2251.59600    146088.35100         1.41845         0.12538     
          41084      1376702953       507964337      1376725568       919368350     22615.41100       363.40600     22252.00500         0.13288         0.03836     
          41085      1376725656       898216525      1376872552       236039812    146895.33800      2255.58400    144639.75400         1.45023         0.12671     
          41094      1376872896       125894350      1377044078       257690150    170179.92800      2601.44900    167578.47900         1.52602         0.12990     
          41103      1377044343       136530675      1377218074       867723137    172425.75200      2630.76900    169794.98300         1.66049         0.13558     
          41184      1377229457       805115250      1377477774       231282937    238625.85000      3570.03400    235055.81600         2.31396         0.16006     
          41193      1377478046       287386350      1377649221       855909362    169870.14800      2578.11100    167292.03700         1.73870         0.13876     
          41203      1377649486       392343450      1377824233       298033325    174746.90600      2684.55500    172062.35100         1.56237         0.13158     
          41286      1377835647       865999950      1378081141       485772062    245493.62000      3772.69900    241720.92100         2.15610         0.15480     
          41296      1378081351       703914812      1378338658       610643387    257306.90700      4053.06300    253253.84400         2.49776         0.16652     
          41306      1378338882       242030787      1378429005       804516637     88823.14200      1418.45100     87404.69100         0.88898         0.09939     
          41380      1378440677       432869712      1378684052       217673087    234915.19400      3643.88700    231271.30700         2.23387         0.15757     
          41390      1378684326       149985812      1378943457       207850112    256524.13100      3941.66400    252582.46700         2.17326         0.15523     
          41399      1378943704       416198962      1379032324         2372875     87312.71900      1349.34100     85963.37800         0.86455         0.09789     
          41561      1379058121       161235662      1379293473       177136925    234360.21800      3583.43100    230776.78700         1.94147         0.14676     
          41571      1379293683       487619275      1379465626       850907212    171943.36300      2621.29100    169322.07200         1.91733         0.14577     
          41580      1379466004       192932937      1379638713       821084812    170120.38800      2676.85500    167443.53300         1.49935         0.12904     
          41658      1379651778       723301075      1379654252        22512962      2473.29900        43.42400      2429.87500         0.02221         0.01570     
          41670      1379661744       421872687      1379897979       598749787    235246.72400      3561.39200    231685.33200         2.11889         0.15332     
          41679      1379898234       690110887      1380101785       736006662    200947.00200      2998.47400    197948.52800         1.78763         0.14089     
          41689      1380102050       256487350      1380243267       920181587    139903.90700      2121.27400    137782.63300         1.25357         0.11793     
          41770      1380253002       650575525      1380503310       714991312    249000.95800      3721.61400    245279.34400         2.28750         0.15938     
          41779      1380504032       384682612      1380675603       951215962    170588.13300      2566.44600    168021.68700         1.55416         0.13135     
          41788      1380675949       638358237      1380848339       379543537    171073.89800      2539.72400    168534.17400         1.41030         0.12515     
          41869      1380859085       829902887      1381108433       399567637    249347.57000      3736.04500    245611.52500         2.37859         0.16260     
          41880      1381109079       815049375      1381280525       316976362    169151.32100      2612.37400    166538.94700         1.71283         0.13803     
          41890      1381281621       193576575      1381453025       787306425    171404.59400      2565.10100    168839.49300         1.50160         0.12924     
          42054      1381477512       610941900      1381713444       173319462    235931.56200      3467.58700    232463.97500         2.17007         0.15540     
          42064      1381713699       489726187      1381886042       341112750    171025.53100      2592.90300    168432.62800         1.79879         0.14133     
          42073      1381886243       237000025      1381989268       761252325    103025.52400      1525.16400    101500.36000         0.82019         0.09535     
          42085      1382005037       334553700      1382056345       681751325     44236.82200       646.81500     43590.00700         0.46631         0.07195     
          42167      1382070045       343810112      1382128706       684237312     58661.34000       884.49200     57776.84800         0.61052         0.08232     
          42176      1382135016       457063800      1382279561       905600737    141915.03900      2092.96900    139822.07000         1.26496         0.11847     
          42177      1382279758       310540625      1382319056       512358550     37989.65800       579.57800     37410.08000         0.35515         0.06278     
          42189      1382329273       583718000      1382403283       881743037     74010.29800      1087.47900     72922.81900         0.61094         0.08238     
          42261      1382408291       961907200      1382491024       313064850     81421.63200      1238.72900     80182.90300         0.78787         0.09350     
          42270      1382491339       133858512      1382664297       763359712    172958.63000      2614.11700    170344.51300         1.61117         0.13380     
          42348      1382674234       280910112      1382946411       968505250    270867.90900      4098.64700    266769.26200         2.39998         0.16330     
          42361      1382946872       670961912      1383012057       248787987     62529.71400       919.85400     61609.86000         0.62072         0.08295     
          42362      1383012214       938953900      1383096143       806909850     83928.86800      1201.96200     82726.90600         0.82100         0.09544     
          42371      1383096647       813545200      1383267981       404275850    170358.21800      2544.25300    167813.96500         1.94068         0.14670     
          42449      1383278857        64313175      1383527930       629713325    246443.07800      3693.17700    242749.90100         2.26285         0.15843     
          42463      1383528646       418235337      1383700429       908670525    170808.25300      2575.22300    168233.03000         1.33325         0.12171     
          42472      1383700677       265252487      1383756898       179970387     56220.91500       835.22700     55385.68800         0.63182         0.08369     
          42481      1383784495       671988175      1383872135        69405637     86320.57500      1284.99200     85035.58300         0.70888         0.08861     
          42649      1383905259       456334262      1384028349       506719312    119152.07400      1812.40100    117339.67300         1.04126         0.10740     
          42658      1384034470       688394900      1384134187       777539787     98734.86300      1493.00500     97241.85800         0.89711         0.09968     
          42667      1384134421       748563275      1384302267       889678850    166534.47500      2499.95000    164034.52500         1.70801         0.13764     
          42676      1384303619       413993675      1384476939       310315325    173319.89600      2581.51900    170738.37700         1.71135         0.13791     
          42758      1384489018       761912462      1384547155       432444200     58136.67100       869.16600     57267.50500         0.41094         0.06756     
          42759      1384557631       784524025      1384650546       818702162     92915.03400      1355.98900     91559.04500         0.74436         0.09094     
          42844      1384656858       770886662      1384736320       809159462     79462.03800      1207.94100     78254.09700         0.75478         0.09153     
          42853      1384736736       638536050      1384748434       989575662     11698.35100       186.01000     11512.34100         0.08905         0.03149     
          42857      1384753528       854596475      1384820552       458365625     67023.60400      1040.97800     65982.62600         0.54368         0.07767     
          42929      1384826981       603118800      1384909189       579338537     82207.97600      1235.69800     80972.27800         0.62072         0.08295     
          42938      1384909486         5180187      1385081873        83199362    167810.80900      2495.03700    165315.77200         1.48607         0.12838     
          43019      1385094513       242207375      1385345586       370601950    248451.29600      3748.99700    244702.29900         2.15017         0.15437     
          43022      1385345707       194404087      1385345845       928652000       138.73400         1.32000       137.41400         0.00000         0.00000     
          43029      1385346293       830142937      1385517958       993057800    166751.50000      2488.70200    164262.79800         1.59715         0.13310     
