          21221      1324738434       657929450      1324865145       455783812    126710.79800     22346.97700    104363.82100        13.64142         0.44449     
          21228      1324866258       581383637      1325033287       218791950    166494.08500     29185.22300    137308.86200        18.45071         0.51696     
          21235      1325033507       462983812      1325205649       766692200    172142.30400     30318.14800    141824.15600        18.42121         0.51654     
          21344      1325235242       487581750      1325235605        24817887       362.53700        65.39400       297.14300         0.05884         0.02942     
          21349      1325236400        33262787      1325374702       565366400    138302.53200     24517.38600    113785.14600        15.03467         0.46736     
          21358      1325375213       264022862      1325547878       649997837    172665.38600     30232.05900    142433.32700        18.78373         0.52100     
          21367      1325548516       173459362      1325721181       402120275    172665.22900     30475.80100    142189.42800        19.41188         0.52974     
          21374      1325721435       324260762      1325809473       464718150     88038.14000     15613.53100     72424.60900         9.25628         0.36620     
          21505      1325842395       518760862      1325981459       497510500    137930.79400     24358.08600    113572.70800        14.73422         0.46115     
          21508      1325982301       636452775      1326156112       872019950    173245.35200     30426.62500    142818.72700        19.48904         0.53027     
          21520      1326159546        12844862      1326338022       789530737    178476.77700     31491.72600    146985.05100        19.61873         0.53281     
          21530      1326338463       531037650      1326402283       888096212     63820.35700     11146.07400     52674.28300         7.08232         0.31932     
          21540      1326430625       451117337      1326503077       880463575     72452.42900     12863.60800     59588.82100         8.12526         0.34277     
          21651      1326530316       279072225      1326532233       841464800      1917.56200       320.02400      1597.53800         0.21369         0.05518     
          21653      1326533551       817696175      1326675007       312421437    141455.49500     24760.36200    116695.13300        15.92095         0.47877     
          21660      1326675551       877763525      1326849366       279723612    142268.95300     25007.77700    117261.17600        15.48728         0.47283     
          21678      1326850638       725015387      1326897920       156230112     47281.43100      8349.70100     38931.73000         5.87126         0.29141     
          21690      1326958630       129629175      1327022043       597991112     63413.46800     11230.39100     52183.07700         6.98582         0.31822     
          21804      1327047140       873476137      1327091370       983085275     44230.11000      7767.00700     36463.10300         4.87598         0.26485     
          21810      1327103577       531888212      1327277789       592144112    160561.90900     28303.49300    132258.41600        17.40693         0.50149     
          21829      1327278175       975146212      1327453759        83893775    172749.86400     30343.10300    142406.76100        18.91704         0.52289     
          21850      1327454378       993188725      1327625860       708431037    170914.12700     30007.36300    140906.76400        18.46273         0.51609     
          21861      1327626505       400034762      1327633556       472888350      7051.07300      1237.15100      5813.92200         0.69232         0.09993     
          21868      1327634293          705525      1327635076       666134737       783.66500       138.30700       645.35800         0.07229         0.03233     
          21872      1327635799       474267187      1327711731       882514437     75932.40800     13473.53700     62458.87100         8.34316         0.34766     
          21960      1327740894       913007037      1327797106       532368875     55639.73300      9749.71600     45890.01700         5.90621         0.29171     
          21974      1327807046       708182512      1327884886       266190425     77839.55800     13771.67900     64067.87900         8.78377         0.35626     
          21982      1327885490       517010062      1327956845       953469887     71355.43600     12610.71500     58744.72100         7.62218         0.33174     
          22002      1327975263       170887850      1328058443       787444950     83180.61700     14576.85400     68603.76300         9.24393         0.36514     
          22008      1328058663       666430950      1328230460       660377937    171796.99400     30250.18600    141546.80800        19.04267         0.52377     
          22111      1328252220         6157337      1328317271       358773587     65051.35300     11408.24800     53643.10500         7.23612         0.32299     
          22118      1328317556        93610862      1328488068       566742687    170512.47300     30044.93500    140467.53800        18.32637         0.51429     
          22128      1328488540       632639437      1328492873       764180075      4333.13200       746.92700      3586.20500         0.52915         0.08700     
          22138      1328518147       819595012      1328663819       773722687    145671.95400     25769.76100    119902.19300        15.31202         0.47012     
          22141      1328664236        47196087      1328835398       633409775    171162.58600     30014.36000    141148.22600        18.84910         0.52082     
          22243      1328864311       905052975      1328922060       119266900     57748.21400     10180.91300     47567.30100         6.55673         0.30741     
          22261      1328922414       878717800      1329094001       767022325    171586.88800     30161.80700    141425.08100        18.68023         0.51833     
          22266      1329094364       252868375      1329266351         2280137    171986.74900     30257.89400    141728.85500        19.29559         0.52696     
          22278      1329267202       797669587      1329438287       219773662    171084.42200     30223.66100    140860.76100        18.64769         0.51803     
          22384      1329465310        11147837      1329697847       390664937    225713.86700     39857.96700    185855.90000        23.97667         0.58729     
          22396      1329698384       128660250      1329869945       522561062    170991.73000     30146.45100    140845.27900        18.77461         0.51936     
          22405      1329870409       900809187      1330044756       186149462    174346.28500     30849.67300    143496.61200        18.44193         0.51490     
          22508      1330070428       996890450      1330130430       766347987     60001.76900     10661.90800     49339.86100         6.46758         0.30491     
          22516      1330130657       738255487      1330308052       127333625    177394.38900     31358.23800    146036.15100        19.61643         0.53099     
          22529      1330308617       127571462      1330477754       991232925    169137.86400     29814.20800    139323.65600        18.04493         0.50860     
          22538      1330478209       726890650      1330649162       372616200    170952.64600     30211.90700    140740.73900        18.91835         0.52095     
          22638      1330673542       188173962      1330736640       541180600     63098.35300     11215.97200     51882.38100         7.33738         0.32493     
          22647      1330737183       117950925      1330909339       720122462    172156.60200     30454.19100    141702.41100        18.23209         0.51164     
          22652      1330909905         6908537      1331082033       761814337    172128.75500     30305.85800    141822.89700        18.26922         0.51168     
          22661      1331082562       759422475      1331247849       554096000    165286.79500     29360.71100    135926.08400        17.43292         0.50037     
          22762      1331279386       529166550      1331340882       122752262     61495.59400     10813.23900     50682.35500         6.62005         0.30768     
          22768      1331341608       453922937      1331544887       858427075    203279.40500     35856.63900    167422.76600        22.21880         0.56458     
          22781      1331545123       465377937      1331686756       884503650    141633.41900     25022.35300    116611.06600        15.09746         0.46529     
          22790      1331687407       289056400      1331859530       380768250    171553.37000     30227.91800    141325.45200        17.80349         0.50521     
          22921      1331883261       611086912      1332118728       751852762    235467.14100     41822.68100    193644.46000        25.09172         0.59985     
          22932      1332120025       640571900      1332292228       284646825    171064.28200     30355.81100    140708.47100        17.50467         0.50140     
          22949      1332293373       563428512      1332313823       897630112     20450.33400      3597.40400     16852.93000         2.04582         0.17109     
          22953      1332314112       771338837      1332375891       763121750     61778.99200     10934.30300     50844.68900         7.01163         0.31710     
          22954      1332376592        51476487      1332380181       663042612      3589.61200       632.73500      2956.87700         0.39993         0.07558     
          22957      1332380328       907544312      1332383748        26752650      3419.11900       593.16100      2825.95800         0.29873         0.06519     
          22962      1332384667        49569212      1332388086       659407412      3419.61000       622.30400      2797.30600         0.35948         0.07190     
          22963      1332389308       436210712      1332392904        11413025      3595.57500       659.09000      2936.48500         0.28770         0.06434     
          22968      1332393078       984797737      1332400621       677107450      7542.69200      1324.78400      6217.90800         1.07004         0.12357     
          22970      1332401513       844649862      1332408180       575649300      6666.73100      1174.95900      5491.77200         0.92727         0.11502     
          22973      1332408506       280914300      1332464427       513996612     55921.23300      9828.19200     46093.04100         6.04379         0.29388     
          23079      1332492624       399533262      1332494761       899720787      2137.50000       389.82800      1747.67200         0.36227         0.07246     
          23092      1332495542       324879700      1332550769       631084462     55227.30600      9802.60500     45424.70100         6.18421         0.29756     
          23105      1332552900       513478162      1332573628       725599325     20728.21200      3643.23100     17084.98100         2.17532         0.17645     
          23108      1332574488       615595462      1332723700       104124050    149211.48900     26312.64900    122898.84000        16.08740         0.47967     
          23118      1332724746       244367100      1332809677       427126912     84931.18300     14933.75500     69997.42800         9.44351         0.36762     
          23121      1332810088       813406537      1332982867       855580250    172779.04200     30472.78500    142306.25700        18.41978         0.51328     
          23130      1332983170       165356425      1333068570        88563737     85399.92300     15055.68400     70344.23900         9.46234         0.36807     
          23239      1333097626       205781725      1333242248       997280437    144055.27400     25467.42300    118587.85100        15.29741         0.46835     
          23244      1333243039        52746037      1333414778       771736787    171739.71900     30284.31400    141455.40500        19.18912         0.52425     
          23256      1333415889       516227237      1333587848       676913000    171959.16100     30559.70700    141399.45400        18.22971         0.51137     
          23261      1333588155       776598650      1333673650       639432487     85494.86300     15194.04700     70300.81600         9.73184         0.37378     
          23368      1333703452       717499225      1333756806       935509187     53354.21800      9413.35300     43940.86500         5.72731         0.28674     
          23485      1333879614        73974775      1333932667       944785900     53053.87100      9332.60700     43721.26400         5.73266         0.28630     
          23503      1333937867       627618325      1334019882       280795825     82014.65300     14520.42900     67494.22400         8.46684         0.34801     
          23508      1334020202       524191400      1334192263       208368750    172060.68400     30534.03200    141526.65200        17.99759         0.50827     
          23517      1334192657       884432925      1334278690       630210350     86032.74600     15383.21800     70649.52800         9.02830         0.35972     
          23620      1334303522       942911387      1334451602       401638600    144644.16000     25626.72300    119017.43700        14.29039         0.45216     
          23632      1334451881       728767875      1334624203       474845525    172321.74600     30522.88300    141798.86300        17.28092         0.49724     
          23641      1334624710       905583350      1334797137       347526362    172426.44200     30643.49400    141782.94800        17.77645         0.50465     
          23651      1334797405        89364550      1334883616       644619325     86211.55500     15365.55500     70846.00000         8.40261         0.34743     
          23905      1334906297       590543300      1335055940       953123762    149643.36300     26697.30900    122946.05400        15.11258         0.46575     
          24000      1335056474       392935937      1335231387       318836750    174912.92600     30907.74800    144005.17800        17.91160         0.50604     
          24130      1335231598       897294050      1335487672       313748387    256073.41600     45319.05700    210754.35900        26.21331         0.61264     
          24447      1335517728       724171450      1335667983       789176300    150255.06500     26312.89400    123942.17100        14.58930         0.45639     
          24460      1335672409       174321925      1335750469       578035600     78060.40400     13779.63700     64280.76700         7.90194         0.33635     
          24463      1335751575       559822587      1335835870       829966612     84295.27000     14977.87000     69317.40000         8.47805         0.34847     
          24466      1335836614       430875462      1335903434       503311075     66820.07200     11754.74400     55065.32800         6.84781         0.31258     
          24479      1335911954       545959812      1336015192       273826300    103237.72800     18074.64600     85163.08200        10.62697         0.38963     
          24494      1336015482        12588450      1336092998       774274037     77516.76200     13622.78100     63893.98100         7.83918         0.33490     
          24580      1336121902       885679637      1336276643       649404862    154740.76400     27147.55800    127593.20600        15.67833         0.47340     
          24603      1336278230       792427875      1336335367       140351075     57136.34800     10060.72100     47075.62700         6.24098         0.29891     
          24614      1336349322       994219800      1336697436       269399962    348113.27500     61054.58600    287058.68900        35.97158         0.71619     
          24712      1336725177       536221737      1336728009       581377887      2832.04500       485.93000      2346.11500         0.31219         0.06656     
          24716      1336731557       326890650      1336867637       978311062    136080.65100     23858.09800    112222.55300        13.83041         0.44433     
          24726      1336868381       359901350      1337040757       530308037    172376.17000     30263.61100    142112.55900        17.87498         0.50501     
          24735      1337041479       119740000      1337212857       184708225    171378.06500     29896.12500    141481.94000        16.87378         0.49042     
          24746      1337213512       305358775      1337300463        50062700     86382.48200     15288.42300     71094.05900         9.22587         0.36329     
          24844      1337326170       652357862      1337476426       371919425    150255.72000     26473.20300    123782.51700        16.21517         0.48134     
          24856      1337476800       457702500      1337567224        85586787     90423.62800     15833.54000     74590.08800         9.14633         0.36128     
          24861      1337567675       810789037      1337733261       738386075    149050.87300     26207.82000    122843.05300        14.73377         0.45845     
          24875      1337733609       318542450      1337907401       330582600    163489.87100     28655.83900    134834.03200        16.23687         0.48093     
          24983      1337941785       801154725      1338170079       348211812    214959.34300     37669.32000    177290.02300        21.05643         0.54774     
          25000      1338171177       715832050      1338253105       795847537     71482.84200     12512.70700     58970.13500         7.63020         0.32929     
          25104      1338353812       167704862      1338512200       729077200    158388.56100     27802.24500    130586.31600        16.46001         0.48436     
          25127      1338522310       101778725      1338775256       160760625    252946.05900     44420.79700    208525.26200        25.57213         0.60345     
          25136      1338775746       578214537      1338944446       912733075    168700.33500     29619.40100    139080.93400        16.52993         0.48558     
          25211      1338944864       502249162      1339116754       398279537    171889.89600     30121.44300    141768.45300        17.53783         0.49989     
          25808      1339755035       719733275      1339979753       907228300    224718.18700     39466.82300    185251.36400        23.12310         0.57312     
          25820      1339980521       473810262      1340129705       406067587    149183.93200     26242.56600    122941.36600        14.88570         0.45985     
          25833      1340152500        42681175      1340326387       775785350    173887.73300     30551.90400    143335.82900        18.29711         0.51026     
          25928      1340351499        45514737      1340365528       667531862     14029.62200      2454.62800     11574.99400         1.35022         0.13854     
          25939      1340376750       512734675      1340377920       141658787      1169.62900       212.05100       957.57800         0.07154         0.03200     
          25941      1340378224       838849875      1340584635       852444675    206411.01400     36307.48500    170103.52900        22.36270         0.56442     
          25948      1340585018       221150500      1340672619       573215362     56067.63300      9877.55200     46190.08100         5.69179         0.28497     
          25963      1340698177       197418412      1340898958       141346462    200202.14200     35299.77100    164902.37100        20.01205         0.53374     
          25971      1340899274       250348837      1340931584       673369762     32310.42300      5765.96600     26544.45700         3.44671         0.22158     
          26071      1340963710       493662687      1341157782       581930637    192900.53000     33943.59100    158956.93900        19.71794         0.52910     
          26088      1341158121       419144250      1341360608        30891737    202486.61200     35568.08300    166918.52900        20.28779         0.53672     
          26094      1341360843       850668075      1341536123       953618725    175280.10300     30929.10600    144350.99700        18.17403         0.50881     
          26192      1341564806        43526487      1341792774       801957450    227968.75800     39999.09700    187969.66100        23.06005         0.57226     
          26213      1341793602        92978475      1341966979       275578012    173377.18300     30542.25200    142834.93100        16.74206         0.48824     
          26261      1341993585       329071600      1342028311       806836925     34726.47800      6047.89900     28678.57900         3.12266         0.21054     
          26264      1342053606       310553625      1342075232       973463462     21626.66300      3774.15600     17852.50700         1.95886         0.16676     
          26267      1342086345       671216250      1342141075       437704525     54729.76600      9658.98000     45070.78600         5.43728         0.27858     
          26367      1342167952       406822562      1342399820       799467025    231868.39300     40827.38900    191041.00400        23.60093         0.57930     
          26374      1342400407       895033162      1342572636       961332912    172229.06600     30223.83500    142005.23100        17.63252         0.50056     
          26383      1342572946       224813187      1342612663       388334087     39717.16400      7019.60900     32697.55500         3.70656         0.22989     
          26390      1342612923       446414325      1342665458       357700262     47902.24100      8474.20800     39428.03300         5.12478         0.26974     
          26393      1342680370       669509475      1342746250       719556462     65880.05000     11596.28100     54283.76900         6.28514         0.29796     
          26491      1342769202        37266725      1343005382       781105187    224072.82700     39507.22800    184565.59900        22.79463         0.56603     
          26500      1343007280       556234500      1343174537       214360212    166094.09900     29348.08700    136746.01200        17.27921         0.49353     
          26527      1343174816       527862387      1343350510       347613075    175107.29300     30758.73700    144348.55600        16.78900         0.48550     
          26691      1343376772       374473762      1343434128       613511125     57356.23900     10124.03600     47232.20300         5.84674         0.28668     
          34523      1350642552       708380637      1350877292       987624737    229541.40900     40455.66400    189085.74500        24.22028         0.58886     
          34538      1350877898       728828387      1351052607       574095625    174708.84500     30643.03700    144065.80800        18.73222         0.51759     
          34548      1351053159       248940987      1351211888       242075025    156973.65400     27598.52400    129375.13000        16.68721         0.48894     
          34741      1351246539       606384362      1351441435       920279250    194312.97900     34127.85200    160185.12700        20.51537         0.54198     
          34747      1351441925       585580400      1351464328       792086325     22403.20700      3977.14400     18426.06300         2.36446         0.18409     
          34756      1351464975       209607975      1351644504       368129425    179529.15900     31510.25700    148018.90200        18.70012         0.51729     
          34759      1351645565       136923500      1351818451       934589375    172886.79800     30293.65200    142593.14600        18.20721         0.50934     
          34933      1351846684       354343687      1351912675       632918587     65991.27900     11660.11200     54331.16700         7.54820         0.32728     
          34938      1351914476       128756775      1352076966       350499612     99479.41800     17811.92600     81667.49200        10.57635         0.38752     
          34953      1352077318       562466862      1352159455       711590237     82137.14900     14463.63600     67673.51300         8.34812         0.34371     
          35180      1352546355       164204700      1352596526       251753050     50171.08800      8852.45600     41318.63200         5.51339         0.27920     
          35181      1352601839       776432012      1352682757        30597487     80917.25400     14157.14500     66760.10900         8.28590         0.34173     
          35184      1352683730       778519037      1352851387         9337237    167656.23100     29463.85100    138192.38000        17.95610         0.50370     
          35194      1352852198       680397650      1353026947       394657650    174156.59100     30717.34800    143439.24300        18.86149         0.51587     
          35370      1353057025        49605312      1353283155       657341437    226130.60800     39627.23600    186503.37200        23.57386         0.57673     
          35387      1353295024       179714075      1353295618       228272987       594.04900        94.39400       499.65500         0.05480         0.02740     
          35388      1353295881       713415737      1353456675        90254725    160793.37700     28122.82200    132670.55500        16.99876         0.48932     
          35397      1353457254       509117337      1353459024       587232425      1770.07800       324.30000      1445.77800         0.22723         0.05681     
          35410      1353461646        43863900      1353481145        28882662     19498.98500      3403.93700     16095.04800         1.89971         0.16351     
          35411      1353481273       885310175      1353568759       998983700     87486.11400     15349.07500     72137.03900         8.89695         0.35449     
          35428      1353574581       138099812      1353576950       703907387      2369.56600       424.53600      1945.03000         0.19924         0.05325     
          35430      1353577549       396849712      1353603545       196176400     25995.79900      4529.25700     21466.54200         2.66746         0.19404     
          35435      1353605979       496242275      1353631387       895188825     25408.39900      4501.69300     20906.70600         3.02584         0.20686     
          35606      1353659685       780857175      1353887976       450955362    228290.67000     40185.93100    188104.73900        23.16063         0.57160     
          35612      1353888850       555503550      1354060599       116870462    171748.56100     30094.32900    141654.23200        18.33542         0.50798     
          35621      1354061184        26126012      1354236937       432173362    175753.40600     30909.42800    144843.97800        18.78860         0.51465     
          35793      1354263020        53559450      1354495872       483841162    232852.43000     40716.93800    192135.49200        25.17968         0.59536     
          35803      1354496942       158350512      1354673061       203098150    176119.04500     30708.98300    145410.06200        18.60742         0.51142     
          35814      1354674597       767792612      1354838100       414229837    163502.64600     28444.51800    135058.12800        17.58614         0.49646     
          35982      1354863599       188227675      1355102320       102113262    189515.96800     33119.30100    156396.66700        20.02052         0.53021     
          35989      1355102822        11641812      1355274605       498292475    161125.24500     28021.91000    133103.33500        16.47107         0.48075     
          36002      1355274832       739881075      1355383067       481089312    108234.74100     18793.24800     89441.49300        11.39884         0.39931     
          36011      1355388604       853564237      1355446523       418574075     57918.56500     10085.83300     47832.73200         6.49422         0.30184     
          36196      1355478054       577731225      1355704730       576228537    226675.99800     39511.41500    187164.58300        23.53115         0.57431     
          36210      1355706124       322661700      1355878889       723258987    172765.40100     30139.49900    142625.90200        18.60689         0.51063     
          36219      1355879262       858416175      1356051759       406765412    171911.33100     30001.45400    141909.87700        17.49213         0.49558     
          36393      1356089405       674818187      1356136160       594608075     45575.25600      7959.41200     37615.84400         4.97649         0.26414     
          36394      1356136688       321924362      1356310670       912474837    173982.59100     30393.84300    143588.74800        18.61995         0.51099     
          36397      1356311150       660490537      1356483436       421289162    172285.76100     30149.82800    142135.93300        17.46031         0.49528     
          36406      1356483760       226868675      1356656138       178390950    172377.95200     30174.71400    142203.23800        16.74875         0.48515     
          36582      1356682391       826424912      1356915534       825928062    233143.00000     40821.54700    192321.45300        24.32231         0.58413     
          36586      1356916092       638481037      1356998261       750949112     80979.61300     14105.49400     66874.11900         8.70861         0.34977     
          36801      1357531046       851943825      1357534865       592763187      3818.74100       678.89400      3139.84700         0.38156         0.07344     
          36804      1357536412       519190662      1357692945       684640000    156533.16500     27269.71800    129263.44700        16.59388         0.48249     
          36813      1357693720       705320162      1357865665       804603775    171945.09900     30027.50800    141917.59100        17.90471         0.50147     
          36895      1357877946        31874050      1358125118       473107700    246588.49600     43026.18900    203562.30700        25.57104         0.59960     
          36904      1358125745       390010125      1358298258       301240062    171917.12700     30189.56500    141727.56200        17.89779         0.50147     
          36914      1358298992       185248300      1358385893       340007950     86319.91500     15036.26500     71283.65000         9.05200         0.35617     
          36934      1358390413       625371475      1358557469       979451950    167056.35400     29051.47900    138004.87500        16.48073         0.48062     
          36941      1358557935       285657025      1358637636        30414750     79700.74500     13874.67900     65826.06600         8.76868         0.35049     
          36955      1358676565       977934862      1358729065       748147662     52499.77000      9078.71900     43421.05100         5.71712         0.28271     
          37048      1358747912       749780750      1358821513       223683837     73600.47400     12846.89600     60753.57800         8.14598         0.33798     
          37051      1358821949       668612775      1358903170       946707325     81221.27800     14139.27700     67082.00100         8.89506         0.35329     
          37058      1358903518       295276650      1359075767       121881675    171648.44500     29860.39800    141788.04700        18.43051         0.50867     
          37119      1359084965        27296637      1359332316       740448962    247351.71300     43164.84400    204186.86900        26.87219         0.61476     
          37147      1359332617       848744900      1359507693        30530512    175075.18200     30422.70300    144652.47900        19.09601         0.51881     
          37154      1359508182       946646425      1359680188       747319612    172005.80100     29902.38500    142103.41600        19.16585         0.51975     
          37322      1359705505       315085625      1360112567       640110675    407062.32500     71385.06500    335677.26000        42.64009         0.77431     
          37353      1360113179       992177187      1360126316       708124837     12541.88300      2168.13300     10373.75000         1.30128         0.13495     
          37358      1360129209       423338912      1360139914       163942637     10704.74100      1853.93600      8850.80500         1.00778         0.11878     
          37363      1360146412       625660100      1360148056       367162125      1643.74200       289.09300      1354.64900         0.11205         0.03962     
          37365      1360149720       478057837      1360285929       693885137    136209.21600     23850.96400    112358.25200        14.36879         0.44928     
          37445      1360297063       696099237      1360547917       665200537    250853.96900     43881.31500    206972.65400        25.92053         0.60366     
          37451      1360548130       165291337      1360724982       224328737    176852.05900     30897.31400    145954.74500        18.84050         0.51472     
          37468      1360725885       163164287      1360728066       884575287      2181.72100       372.59100      1809.13000         0.29343         0.06404     
          37469      1360728099       970882525      1360735272       781578612      7172.81100      1238.15700      5934.65400         0.68744         0.09821     
          37470      1360735438       765894037      1360889587       117924200    154148.35200     26883.80800    127264.54400        15.37486         0.46466     
          37545      1360901260        96128925      1361145623       140750875    244363.04500     42588.99600    201774.04900        25.44403         0.59728     
          37550      1361146174       101016362      1361318531       601972662    172357.50100     30125.45000    142232.05100        17.45819         0.49541     
          37559      1361318759       974713287      1361494862       126474937    176102.15200     30833.61100    145268.54100        18.17098         0.50498     
          37645      1361506026       849472737      1361927726       461152875    421699.61200     73523.62200    348175.99000        43.85161         0.78450     
          37648      1361927908       869547400      1361932026       662029987      4117.79200       727.21700      3390.57500         0.28065         0.06276     
          37657      1361932557       524157925      1361937331       384659300      4773.86100       842.53500      3931.32600         0.59035         0.09110     
          37658      1361937564        86536625      1362063513        84155425    125948.99800     22010.29300    103938.70500        12.18222         0.41352     
          37659      1362063560       966926287      1362065354        90442687      1793.12400       309.41200      1483.71200         0.23730         0.05756     
          37661      1362065985       207528875      1362066374       976984875       389.76900        72.37000       317.39900         0.04260         0.02460     
          37663      1362067280       912836750      1362070270       641404400      2989.72900       517.84900      2471.88000         0.35018         0.07004     
          37664      1362070543       341154025      1362071740       784352350      1197.44300       205.34100       992.10200         0.18164         0.05038     
          37666      1362072420       325937662      1362077417        92933737      4996.76700       853.40800      4143.35900         0.40446         0.07511     
          37667      1362077526       631360650      1362099985       292206700     22458.66100      3991.68700     18466.97400         2.28284         0.17937     
          37836      1362125188        62833600      1362361621       389952200    236433.32700     41242.30100    195191.02600        24.30334         0.58351     
          37842      1362361866       995404187      1362540196       664432250    177134.70300     31022.58200    146112.12100        18.77264         0.51325     
          37855      1362540470       101025262      1362703866        19043437    163395.91800     28494.45000    134901.46800        17.12108         0.48961     
          37939      1362719386       104423050      1362921077       538441000    199810.50400     35000.68400    164809.82000        20.84738         0.54030     
          37942      1362921720       825270187      1362968853       323564612     47132.49800      8234.27300     38898.22500         4.88730         0.26163     
          37945      1362969330       630819425      1362969845       391427912       514.76100        86.99500       427.76600         0.08410         0.03434     
          37946      1362969901       377279962      1363134022       401352950    164121.02400     28774.18200    135346.84200        17.04482         0.48863     
          37959      1363134700       243757537      1363309094       900289900    174394.65700     30637.26400    143757.39300        17.15019         0.49064     
          38044      1363334066        24101862      1363569322       763078062    235256.73900     41183.11700    194073.62200        24.13025         0.58204     
          38053      1363569511       288942800      1363755486       168044962    185974.87900     32513.40200    153461.47700        18.65185         0.51128     
          38058      1363755667       643612762      1363913569       508215062    157901.86500     27807.74200    130094.12300        16.09334         0.47522     
          38143      1363922709       137264450      1364178559       366120437    255256.39200     44807.87700    210448.51500        25.84567         0.60192     
          38152      1364179372       694070962      1364363793       693637212    184421.00000     32248.33800    152172.66200        18.61015         0.51072     
          38169      1364370066       615218675      1364518100       110157837    148033.49500     25887.82000    122145.67500        14.18750         0.44579     
          38334      1364542853        99584562      1364778049       968366575    235196.86900     41045.53600    194151.33300        22.91597         0.56643     
          38343      1364778494       189032837      1364956862       557171362    178368.36800     31405.91200    146962.45600        18.17193         0.50501     
          38357      1364957528       220861062      1365123340       326575737    165812.10600     29045.41300    136766.69300        17.47568         0.49472     
          38439      1365135958       654627500      1365295339       623413437    159380.96900     27928.73600    131452.23300        15.55144         0.46639     
          38445      1365297083       962185912      1365557733       986121687    260650.02400     45656.91900    214993.10500        26.18273         0.60584     
          38458      1365558747        26137625      1365727241       715874900    168494.69000     29535.35000    138959.34000        16.38612         0.47868     
          38539      1365741494       803016175      1365984201       249496887    242706.44600     42485.12300    200221.32300        23.50754         0.57288     
          38551      1365984791       682534337      1366159528       850857312    174737.16800     30569.15400    144168.01400        16.72489         0.48364     
          38561      1366159980       181858625      1366331510       124901962    171529.94300     29963.90000    141566.04300        17.22188         0.49129     
          38572      1366332094       319317575      1366414050        64374662     81955.74500     14262.47600     67693.26900         8.02236         0.33487     
          38577      1366422540       314529012      1366444657       558187187     22117.24400      3889.87300     18227.37100         2.32613         0.18056     
          38595      1366452244       706521575      1366502438       362141925     50193.65600      8688.71900     41504.93700         4.87402         0.26092     
          38686      1366548738       563764500      1366549902       949221125      1164.38500       213.56300       950.82200         0.11448         0.04048     
          38693      1366554862       551247687      1366592199       321116250     37336.77000      6503.13400     30833.63600         3.61329         0.22497     
          38701      1366596032       376689975      1366763284       155559925    167251.77900     29353.68900    137898.09000        15.96610         0.47311     
          38715      1366763646       593446175      1366938401       198100012    174754.60500     30780.71000    143973.89500        17.10528         0.48996     
          38886      1366970639       199704775      1367195690       246602612    223253.91000     38958.58100    184295.32900        21.53889         0.54926     
          38893      1367196162       987826625      1367368276       138158800    172113.15000     30028.44300    142084.70700        16.29613         0.47747     
          38898      1367368577       584089375      1367543522       199473937    174944.61500     30614.85300    144329.76200        16.24972         0.47714     
          38985      1367553740       240645000      1367564403       931102237     10663.69000      1893.62700      8770.06300         0.99716         0.11835     
          38990      1367565811       805675725      1367699993       260856625    134181.45500     23499.70800    110681.74700        12.07340         0.41149     
          39070      1367716737       710734050      1367801798       585866962     85060.87500     14929.33800     70131.53700         8.19643         0.33861     
          39073      1367802357       234457950      1367974625       882233375    172268.64800     30148.94900    142119.69900        16.32194         0.47823     
          39082      1367974980       122719337      1368044924       267673062     69944.14500     12327.04700     57617.09800         6.76563         0.30787     
          39164      1368059891       781892037      1368147619       764065525     87727.98200     15414.71100     72313.27100         8.11624         0.33703     
          39173      1368151685       536694000      1368411534       753693100    259849.21700     45483.38800    214365.82900        24.21998         0.58201     
          39183      1368411948       935457387      1368577964        66744675    166015.13100     29111.38300    136903.74800        15.32678         0.46278     
          39202      1368579444       814780400      1368583013       799839337      3568.98500       630.84300      2938.14200         0.34929         0.06986     
          39203      1368585124       817879150      1368752829        20639862    167704.20300     29427.06200    138277.14100        16.42151         0.47971     
          39286      1368763161       210285812      1369011718       564650250    248557.35400     43549.06400    205008.29000        23.55619         0.57424     
          39295      1369012111        46750600      1369188190       714981762    176079.66800     30904.04200    145175.62600        16.68838         0.48380     
          39298      1369188585       170073912      1369357597       555126775    169012.38500     29455.60600    139556.77900        16.18282         0.47559     
          39467      1369381785        90580037      1369621571       205112175    239786.11500     42071.36300    197714.75200        22.80535         0.56542     
          39479      1369622457       484806925      1369791879       117881425    169421.63300     29678.11100    139743.52200        16.14961         0.47584     
          39488      1369792323       160756912      1369963268       653695125    170945.49300     29941.43700    141004.05600        16.40812         0.47973     
          39578      1369975530       827013712      1370220049       220953187    244518.39400     42915.06000    201603.33400        23.72368         0.57678     
          39584      1370220661       922909162      1370395674        86247862    175012.16300     30584.63300    144427.53000        17.07443         0.48807     
          39603      1370399488       887521887      1370414969       639114737     15480.75200      2741.86100     12738.89100         1.63435         0.15111     
          39606      1370443809       719313237      1370567437       626934362    123627.90800     21648.86900    101979.03900        11.23000         0.39632     
          39680      1370578505       460632187      1370822194       881780200    243092.37300     42807.48300    200284.89000        23.03787         0.56753     
          39693      1370823465       781140650      1371002478       219970912    179012.43900     31607.84500    147404.59400        17.57323         0.49609     
          39701      1371002985       132514925      1371171348       660458175    168363.52800     29701.81900    138661.70900        16.39163         0.47884     
          39762      1371180315       989738987      1371515264       286959712    334948.29700     58954.29900    275993.99800        32.56060         0.67503     
          39793      1371515339        29153100      1371601125       643775800     85786.61500     15079.66100     70706.95400         8.60831         0.34743     
          39797      1371601751       997430325      1371686960       197998950     85208.20100     15022.06700     70186.13400         9.12595         0.35770     
          39853      1371775599       865147862      1371776487       596286500       887.73100       154.41800       733.31300         0.08481         0.03462     
          40016      1371800345        93334825      1372036452       613385237    236107.52000     41666.93800    194440.58200        23.29511         0.57094     
          40035      1372037015       221604800      1372209228       812206612    171615.72600     30223.97000    141391.75600        16.48304         0.48028     
          40044      1372209503       762361600      1372382091       877481275    172588.11500     30421.42300    142166.69200        16.58444         0.48180     
          40125      1372395018       458691812      1372648989       118075037    253970.65900     44931.77400    209038.88500        24.87465         0.59012     
          40135      1372650142       886591112      1372814331       735850212    164188.84900     28916.20000    135272.64900        16.03763         0.47316     
          40144      1372815141        87476787      1372985389       731242737    167353.02900     29334.75600    138018.27300        16.81022         0.48430     
          40227      1372996105       885705037      1372998109       490139875      2003.60400       348.80200      1654.80200         0.39068         0.07384     
          40246      1372999913       243381150      1373245158       258050900    245245.01500     43156.55000    202088.46500        23.65583         0.57462     
          40251      1373245680       278210287      1373418014       130868087    172333.85300     30284.50400    142049.34900        16.76512         0.48360     
          40260      1373418257       227203962      1373590775       129353950    172517.90200     30371.63200    142146.27000        15.56334         0.46632     
          40341      1373600168       451518537      1373850023       718839062    249855.26700     43904.69000    205950.57700        23.42745         0.57246     
          40355      1373850506       505827325      1374022864       515407075    172358.01000     30212.79400    142145.21600        18.01643         0.50185     
          40364      1374023280       559153700      1374195393        11560362    171520.66100     30320.04800    141200.61300        16.51792         0.48109     
          40529      1374219002       614648612      1374352175       877140887    132579.69000     23296.16100    109283.52900        12.98322         0.42645     
          40542      1374363018       653970062      1374456120       771163300     92510.71600     16296.01900     76214.69700         9.14262         0.35780     
          40547      1374457203       326046937      1374627642       392226462    170439.06600     30129.84500    140309.22100        16.28523         0.47777     
          40558      1374627873       867505587      1374628867        38055212       993.17100       186.45100       806.72000         0.14220         0.04497     
          40563      1374629009       891242737      1374800184        67907450    171174.17700     30189.43200    140984.74500        16.08951         0.47448     
          40638      1374809576       227846575      1375059620       960461312    250044.73300     44080.90500    205963.82800        22.99528         0.56700     
          40658      1375060076       596088975      1375232405        24944687    171142.36400     30329.15700    140813.20700        16.00726         0.47350     
          40667      1375232733       478943425      1375404941       743587125    172208.26500     30330.06300    141878.20200        16.03327         0.47303     
          40746      1375413957       510664775      1375661481       274722012    247523.76400     43425.99900    204097.76500        24.50859         0.58524     
          40756      1375662661        94504012      1375833650       616122512    170989.52200     29996.85800    140992.66400        16.98409         0.48749     
          40762      1375834057       539184700      1375942860       499616625    108802.96000     19106.23700     89696.72300        11.26122         0.39669     
          40774      1375949608       544871012      1375950206       414303075       597.86900       101.75900       496.11000         0.04183         0.02415     
          40783      1375952339       632752012      1375953783       551569625      1443.91900       260.29900      1183.62000         0.12642         0.04214     
          40786      1375955065       192153087      1375956666       471969687      1601.28000       280.21200      1321.06800         0.19576         0.05232     
          40800      1375958503       449088000      1375999187       396635662     40064.16500      7016.95300     33047.21200         3.64142         0.22541     
          40801      1375999328       586382200      1376009915       564048287     10586.97800      1851.57600      8735.40200         1.03387         0.12019     
          40873      1376018661       474977237      1376025815       158232575      7153.68300      1260.15800      5893.52500         0.77136         0.10402     
          40886      1376026200       194518050      1376266001        64626975    239196.19600     42147.68500    197048.51100        23.94037         0.57881     
          40901      1376266281       946854862      1376438191       566351762    170719.16000     30149.32200    140569.83800        16.67630         0.48305     
          40912      1376438517       875817737      1376614890       275896537    176372.40000     31037.96700    145334.43300        17.01797         0.48766     
          41075      1376639399       353784225      1376872084       380135287    232685.02600     41049.99400    191635.03200        22.94949         0.56622     
          41090      1376872452       705136087      1377043477        24316025    171024.31900     29924.67000    141099.64900        16.54794         0.48074     
          41099      1377043820       446524137      1377219408       311256125    175587.86500     30917.74300    144670.12200        16.29918         0.47736     
          41180      1377228659       369432350      1377476755       635799637    248096.26600     43704.75300    204391.51300        23.50963         0.57327     
          41187      1377477161       493560362      1377648501       511082287    171340.01800     30145.88100    141194.13700        16.50691         0.48016     
          41197      1377648862       710276812      1377824099       204570125    174635.85300     30765.99100    143869.86200        16.51891         0.48010     
          41283      1377835415       857672575      1378080895       934814475    245480.07700     43103.34300    202376.73400        23.66377         0.57465     
          41292      1378081127       509039550      1378338516       372544500    257388.86400     45070.22300    212318.64100        24.91222         0.58952     
          41304      1378338848       981795075      1378429009       701459600     90160.72000     15811.86100     74348.85900         8.26822         0.33984     
          41381      1378439728       246390612      1378684042       356083125    244314.11000     42917.89200    201396.21800        23.88452         0.57746     
          41388      1378684254       801649400      1378943460       633305287    259205.83200     45405.54500    213800.28700        24.26475         0.58258     
          41397      1378943702        98703112      1379033433       302503250     89731.20400     15800.88100     73930.32300         9.24753         0.35971     
          41562      1379058184       989622225      1379292827       310970925    234642.32100     41332.97800    193309.34300        22.14778         0.55670     
          41565      1379293070       190092062      1379465550       857117262    172480.66700     30424.92600    142055.74100        16.37272         0.47910     
          41578      1379465969       615506750      1379638643       169573337    172673.55400     30411.84400    142261.71000        17.14536         0.49010     
          41661      1379651966        36599112      1379654246        31142337      2279.99500       387.50700      1892.48800         0.16684         0.04816     
          41667      1379661558       692518275      1379897975       155263450    236416.46300     41607.14700    194809.31600        22.45580         0.56108     
          41677      1379898213       623734500      1380101721       282538687    203507.65900     35755.06200    167752.59700        18.97765         0.51540     
          41687      1380102033       856749550      1380243263       717234425    141229.86000     24777.51900    116452.34100        12.41507         0.41641     
          41766      1380252536       154688637      1380502980       919200762    250444.76500     43807.60700    206637.15800        23.25856         0.56987     
          41775      1380503479       173238287      1380675587       669639600    172108.49600     30163.67900    141944.81700        16.29992         0.47718     
          41786      1380675920       275284562      1380848334       689013737    172414.41400     30289.54100    142124.87300        15.61833         0.46692     
          41867      1380859037        29717200      1380957914       713016062     98877.68300     17347.77100     81529.91200         9.69449         0.36802     
          41870      1380960193       255478500      1381042087       449640312     81894.19400     14440.97000     67453.22400         8.28897         0.34041     
          41871      1381042480       533013100      1381108054       804062662     65574.27100     11414.16600     54160.10500         5.78609         0.28405     
          41878      1381109076        42415400      1381280522        76196825    171446.03400     30105.40400    141340.63000        15.63544         0.46702     
          41888      1381281608        96988650      1381301674       625216462     20066.52800      3507.91700     16558.61100         1.91815         0.16329     
          41891      1381301719       939394250      1381453078       779315312    151358.84000     26441.56300    124917.27700        14.23146         0.44542     
          42052      1381477494       380471775      1381677233       540091300    199739.16000     35165.27300    164573.88700        18.94024         0.51419     
          42055      1381677278       451980150      1381712485       970553850     35207.51900      6166.06800     29041.45100         3.22411         0.21214     
          42058      1381712953       942141900      1381885417       341946675    172463.40000     30393.93600    142069.46400        16.60153         0.48149     
          42067      1381885640       411535250      1381990176       195711612    104535.78400     18174.27700     86361.50700         9.54570         0.36475     
          42078      1381999289       836249425      1381999577       637379125       287.80100        49.62500       238.17600         0.01372         0.01372     
          42082      1382000113        14931650      1382004351       188939500      4238.17400       744.58300      3493.59100         0.48772         0.08245     
          42086      1382004417       795072212      1382057770       445403662     53352.65000      9359.82400     43992.82600         4.76608         0.25811     
          42161      1382066852       327927137      1382128690       722345062     61838.39400     10855.15900     50983.23500         5.75232         0.28342     
          42173      1382132280       847013375      1382320990       885668300    187512.31000     32699.24400    154813.06600        17.11127         0.48833     
          42182      1382321952       158993562      1382403107       913440487     81155.75400     14152.16400     67003.59000         7.69546         0.32786     
          42259      1382408170       887909450      1382490461       821591137     82290.93400     14368.79100     67922.14300         7.87905         0.33150     
          42264      1382490731        76452212      1382663488       916380250    172155.33100     30202.15900    141953.17200        14.63439         0.45230     
          42345      1382673500       504315737      1382943323       881168762    269228.72300     47064.21600    222164.50700        26.09273         0.60375     
          42358      1382946323         5640662      1383096133       961760937    149810.95600     26290.06800    123520.88800        13.75306         0.43846     
          42369      1383096645       746054087      1383267984       312584987    171338.56700     30050.20600    141288.36100        15.51369         0.46588     
          42433      1383277716       330500937      1383526283       900246437    247968.93600     43349.27700    204619.65900        22.28453         0.55750     
          42456      1383526555       723752350      1383699515       503297612    172959.78000     30061.28900    142898.49100        14.97559         0.45657     
          42466      1383699738       196853062      1383756942       944236462     57204.74700     10037.99500     47166.75200         5.12076         0.26732     
          42475      1383772103       805017875      1383872025       983466450     99922.17800     17445.83500     82476.34300         9.79435         0.36943     
          42647      1383905037       486517550      1384028338       880780862    123301.39400     21469.88400    101831.51000        10.53667         0.38298     
          42656      1384034460       187064287      1384132597        37182350     98136.85000     17233.57900     80903.27100         8.45336         0.34370     
          42661      1384133139       297283650      1384303203       763913412    170064.46700     29763.88000    140300.58700        15.37876         0.46330     
          42674      1384303606       325070375      1384317718       346808187     14112.02200      2483.14000     11628.88200         1.33980         0.13675     
          42677      1384317851        83027275      1384476934       438784612    157887.55000     27634.21300    130253.33700        14.53551         0.45032     
          42756      1384489015       228354500      1384547072       544283812     58057.31600     10187.02600     47870.29000         4.96419         0.26312     
          42765      1384575216        98971212      1384650550       505172575     75334.40600     13117.23800     62217.16800         6.46468         0.30013     
          42840      1384655679       405746362      1384736315       750394100     80636.34500     14195.61500     66440.73000         7.50618         0.32334     
          42851      1384736733       898696537      1384821653       538577137     84919.64000     14785.29600     70134.34400         7.23984         0.31751     
          42927      1384826531       250711162      1384909184       384135475     82653.13300     14556.24100     68096.89200         6.95867         0.31184     
          42936      1384909482       816522950      1385081866        21331312    172383.20500     30304.86100    142078.34400        14.75323         0.45360     
          43017      1385094510       727008012      1385345464       415038462    250953.68800     43770.07100    207183.61700        22.11784         0.55594     
          43027      1385346206        24221025      1385517949       920484600    171743.89600     30247.50600    141496.39000        15.67594         0.46844     
