          21223      1324738438       460155525      1324863535       648668712    125097.18900      1209.76700    123887.42200         0.00000         0.00000     
          21232      1324866651       845232012      1325033855       111442137    167203.26600      1587.30300    165615.96300         0.00000         0.00000     
          21241      1325034112       128704925      1325205655       548447037    171543.42000      1615.77200    169927.64800         0.00000         0.00000     
          21355      1325237136       106198075      1325375424       116569137    138288.01000      1292.66800    136995.34200         0.00000         0.00000     
          21364      1325376140       376352237      1325549040       424845812    172900.04800      1604.74600    171295.30200         0.00000         0.00000     
          21373      1325549385       359860387      1325725003        64442600    175617.70500      1622.35400    173995.35100         0.00000         0.00000     
          21375      1325725247       145361025      1325736857       706707137     11610.56100       106.91800     11503.64300         0.00000         0.00000     
          21396      1325736980       680449775      1325809570       428650537     71461.95800       658.48700     70803.47100         0.00000         0.00000     
          21502      1325839589       313269775      1325982252       307004787    142662.99400      1304.82100    141358.17300         0.00000         0.00000     
          21514      1325983040       420522750      1326155850       432882512    171610.03800      1555.52100    170054.51700         0.00000         0.00000     
          21525      1326160009       146303500      1326160148       711304725       139.56500         1.28000       138.28500         0.00000         0.00000     
          21526      1326160195       672633050      1326331132       839512225    168528.55900      1521.98400    167006.57500         0.00000         0.00000     
          21527      1326333888       486396525      1326338709        29110012      4820.54300        45.56500      4774.97800         0.00000         0.00000     
          21536      1326339185       112974062      1326402265       446295487     61882.11700       560.14400     61321.97300         0.00000         0.00000     
          21546      1326431049       374844337      1326503322       285349050     71068.73100       641.30000     70427.43100         0.00000         0.00000     
          21644      1326529335       398048212      1326675019       861275712    145684.46300      1311.32100    144373.14200         0.00000         0.00000     
          21662      1326675553       306694987      1326731399       182028775     55845.87500       504.07100     55341.80400         0.00000         0.00000     
          21669      1326768814       830030362      1326816179       453466212     47364.62300       427.83400     46936.78900         0.00000         0.00000     
          21670      1326816704       500666300      1326849375       168423175     30210.12400       272.75500     29937.36900         0.00000         0.00000     
          21680      1326850099       170322587      1326897475       754541250     42482.84000       382.10400     42100.73600         0.00000         0.00000     
          21691      1326958934       731617062      1327021970       434723212     61800.57700       557.47200     61243.10500         0.00000         0.00000     
          21807      1327049831       110097887      1327091428       780224950     37932.59800       342.22400     37590.37400         0.00000         0.00000     
          21818      1327104685        54628912      1327136005       222860125     30074.33400       271.64300     29802.69100         0.00000         0.00000     
          21821      1327137585       884709925      1327182746       468071975     41436.37000       373.12600     41063.24400         0.00000         0.00000     
          21825      1327198316       336265950      1327279654       614981025     80120.17800       722.47000     79397.70800         0.00000         0.00000     
          21836      1327279968       831237375      1327283645       356297437      3676.52500        32.86700      3643.65800         0.00000         0.00000     
          21837      1327290026       187853987      1327312774       603874012     22748.41600       204.80400     22543.61200         0.00000         0.00000     
          21838      1327313219       636785850      1327363155       126887000     48722.95100       438.44600     48284.50500         0.00000         0.00000     
          21842      1327363635       892260687      1327453279       445772212     89643.55400       805.74100     88837.81300         0.00000         0.00000     
          21846      1327453956       705539100      1327470185       521407162     16228.81600       146.23400     16082.58200         0.00000         0.00000     
          21852      1327470689       989310300      1327547022       332457062     76332.34300       686.46000     75645.88300         0.00000         0.00000     
          21857      1327548470         6195137      1327626228       764287137     76526.03200       687.79100     75838.24100         0.00000         0.00000     
          21867      1327627159       987274050      1327711749       332853987     83341.40200       748.69900     82592.70300         0.00000         0.00000     
          21963      1327742105       191010900      1327797015       837678112     54910.64700       493.13200     54417.51500         0.00000         0.00000     
          21979      1327808899       912321600      1327886640       627387425     77740.71500       696.21900     77044.49600         0.00000         0.00000     
          21988      1327887103       215785387      1327955326       419676475     68223.20400       609.90200     67613.30200         0.00000         0.00000     
          21995      1327973988       520204587      1327984242       313240162     10253.79300        91.47800     10162.31500         0.00000         0.00000     
          22003      1327984537        94628462      1327991532       662203187      6995.56800        62.10100      6933.46700         0.00000         0.00000     
          22004      1327991776       870662487      1327999916       462908737      8139.59200        72.81300      8066.77900         0.00000         0.00000     
          22005      1327999971        58401862      1328059476       910540725     59505.85200       531.73100     58974.12100         0.00000         0.00000     
          22014      1328059688       885165537      1328231054       738470612    171365.85300      1528.92300    169836.93000         0.00000         0.00000     
          22115      1328253444       986199262      1328318013       758390987     64568.77200       579.41800     63989.35400         0.00000         0.00000     
          22124      1328318248       187604412      1328329020       592577400     10772.40500        96.78200     10675.62300         0.00000         0.00000     
          22125      1328329394       730224300      1328489201       164722737    159806.43400      1441.42500    158365.00900         0.00000         0.00000     
          22134      1328489483        45229362      1328494599       650569262      5116.60500        46.25000      5070.35500         0.00000         0.00000     
          22135      1328514846       339098537      1328664618       944710937    149772.60600      1358.17600    148414.43000         0.00000         0.00000     
          22148      1328664982       778541362      1328708283       691704737     43300.91300       391.69300     42909.22000         0.00000         0.00000     
          22152      1328708353       697995300      1328835279       592690825    126925.89500      1151.60000    125774.29500         0.00000         0.00000     
          22254      1328865245        54654050      1328922185       137712987     56940.08300       518.20200     56421.88100         0.00000         0.00000     
          22263      1328922503        30787762      1329094777       954088325    172274.92300      1572.16400    170702.75900         0.00000         0.00000     
          22272      1329095063       159418087      1329163354       419038612     68291.26000       624.85300     67666.40700         0.00000         0.00000     
          22273      1329168345       140656962      1329177410       471966262      9065.33100        82.95000      8982.38100         0.00000         0.00000     
          22274      1329178035       191648037      1329267642       763742700     89607.57200       821.55800     88786.01400         0.00000         0.00000     
          22284      1329267898       731779387      1329438763       591518875    170864.86000      1570.44300    169294.41700         0.00000         0.00000     
          22386      1329466432       342209375      1329520321       851868850     53889.51000       496.09500     53393.41500         0.00000         0.00000     
          22390      1329533655       444675925      1329583268       431590712     49612.98700       456.60300     49156.38400         0.00000         0.00000     
          22391      1329583324       449916450      1329594827       166843525     11502.71700       106.00100     11396.71600         0.00000         0.00000     
          22393      1329595017       670044325      1329699076       998894862    104059.32900       959.66900    103099.66000         0.00000         0.00000     
          22402      1329699351       285545087      1329870780       594920875    171429.30900      1583.42100    169845.88800         0.00000         0.00000     
          22411      1329871354        42641400      1330044771       246025775    173417.20300      1605.49100    171811.71200         0.00000         0.00000     
          22513      1330073020       965774687      1330131086       313324262     58065.34800       537.30900     57528.03900         0.00000         0.00000     
          22522      1330131547        87451125      1330307892       733293425    176345.64600      1632.97000    174712.67600         0.00000         0.00000     
          22531      1330308669        61587750      1330477813       859770187    166567.36400      1554.24800    165013.11600         0.00000         0.00000     
          22539      1330478409       349886362      1330649404       108781062    170994.75900      1593.23200    169401.52700         0.00000         0.00000     
          22640      1330673600       386488275      1330736886       909573587     63286.52300       589.52800     62696.99500         0.00000         0.00000     
          22649      1330737200       468937637      1330910935       311961950    173734.84300      1619.52500    172115.31800         0.00000         0.00000     
          22658      1330911441       722219600      1331082883       231511250    171441.50900      1601.07000    169840.43900         0.00000         0.00000     
          22667      1331083168       454702312      1331245103       825972800    161935.37100      1510.12400    160425.24700         0.00000         0.00000     
          22764      1331279399       322504675      1331281646       344431600      2247.02200        20.94000      2226.08200         0.00000         0.00000     
          22765      1331286863       264111487      1331342096       949914637     55233.68600       513.10600     54720.58000         0.00000         0.00000     
          22774      1331342325       593556125      1331544865       676188162    202540.08300      1882.88100    200657.20200         0.00000         0.00000     
          22783      1331545173       459714500      1331545758       905427125       585.44600         5.40200       580.04400         0.00000         0.00000     
          22785      1331545958       522393287      1331688621       672619125    142663.15000      1323.46900    141339.68100         0.00000         0.00000     
          22795      1331689209       178283812      1331859260       572264600    170051.39400      1578.85500    168472.53900         0.00000         0.00000     
          22918      1331883031       709015675      1332118990       728091262    235959.01900      2196.64600    233762.37300         0.00000         0.00000     
          22933      1332120033       360843037      1332292230       221959012    168595.42500      1573.55500    167021.87000         0.00000         0.00000     
          22950      1332293390       324187775      1332311988        33427737     18597.70900       172.78700     18424.92200         0.00000         0.00000     
          22952      1332313967       890669600      1332375908       176437987     61940.28600       575.52000     61364.76600         0.00000         0.00000     
          22955      1332376597       342341487      1332380187       613111937      3590.27100        33.67500      3556.59600         0.00000         0.00000     
          22959      1332380330       411343325      1332383913       113977587      3582.70300        33.58200      3549.12100         0.00000         0.00000     
          22960      1332384129       360762375      1332388122       380244737      3993.01900        36.79900      3956.22000         0.00000         0.00000     
          22965      1332389317       384487450      1332392906       967528150      3589.58300        33.39900      3556.18400         0.00000         0.00000     
          22966      1332393073       392148275      1332400628       391570487      7554.99900        70.23800      7484.76100         0.00000         0.00000     
          22971      1332401517       944285887      1332413218       927825212     11700.98400       109.38400     11591.60000         0.00000         0.00000     
          22975      1332413657       470946562      1332417392       842865687      3735.37200        34.66500      3700.70700         0.00000         0.00000     
          22977      1332417671       534746737      1332418955       743286887      1284.20900        12.01200      1272.19700         0.00000         0.00000     
          22980      1332421931       145706212      1332424215       254842962      2284.10900        21.06200      2263.04700         0.00000         0.00000     
          22982      1332424555       401948612      1332427267          647237      2711.59900        24.91300      2686.68600         0.00000         0.00000     
          22984      1332427814       593997650      1332431626       364335825      3811.77000        35.52000      3776.25000         0.00000         0.00000     
          22986      1332431792       504994900      1332436449       210247737      4656.70500        43.27400      4613.43100         0.00000         0.00000     
          22988      1332436630       405054550      1332441138       783985787      4508.37900        42.01400      4466.36500         0.00000         0.00000     
          22990      1332441249       354353800      1332445786       897215575      4537.54300        42.24500      4495.29800         0.00000         0.00000     
          22992      1332445882       252221337      1332450426       448048937      4544.19600        42.68700      4501.50900         0.00000         0.00000     
          22994      1332450540       150946125      1332464119         9804975     13578.85900       126.00800     13452.85100         0.00000         0.00000     
          23096      1332495619       185278150      1332550529       193303825     54910.00800       511.97100     54398.03700         0.00000         0.00000     
          23103      1332552697        75535300      1332724171       807620450    171474.73200      1617.87500    169856.85700         0.00000         0.00000     
          23117      1332724730       410235862      1332809778       674414387     85048.26400       839.81900     84208.44500         0.00000         0.00000     
          23127      1332811104       998407900      1332983499       254229750    171483.58700      1683.71300    169799.87400         0.00000         0.00000     
          23136      1332983762       390388012      1333068385       781304000     80571.66100       784.62000     79787.04100         0.00000         0.00000     
          23238      1333096919       987465787      1333242705       277841237    140826.43000      1357.98600    139468.44400         0.00000         0.00000     
          23248      1333243477       126366075      1333414958       444364337    167885.16400      1627.72600    166257.43800         0.00000         0.00000     
          23258      1333416042       953347600      1333588497       248984437    172454.29600      1661.45100    170792.84500         0.00000         0.00000     
          23267      1333588821       639033050      1333673799       639778162     82274.14000       793.64400     81480.49600         0.00000         0.00000     
          23367      1333701719       870363112      1333756812       594228625     55092.72400       530.65800     54562.06600         0.00000         0.00000     
          23486      1333879911       180996037      1333881254       531596237      1343.35100        13.20600      1330.14500         0.00000         0.00000     
          23492      1333881985       409524712      1333883671       540083225      1686.13100        16.34700      1669.78400         0.00000         0.00000     
          23494      1333883846       668501025      1333932663       209437300     47466.58200       457.18700     47009.39500         0.00000         0.00000     
          23505      1333938126       959713437      1334019593       605379112     81466.64600       785.42600     80681.22000         0.00000         0.00000     
          23514      1334020627       535258375      1334192468       521480837    168240.81400      1631.11600    166609.69800         0.00000         0.00000     
          23523      1334193139       551984350      1334278681       122195125     85541.57000       818.13900     84723.43100         0.00000         0.00000     
          23622      1334303712       698052075      1334387430        91672075     83717.39400       800.81400     82916.58000         0.00000         0.00000     
          23629      1334394846       959689887      1334452038       739839300     57191.78000       550.32200     56641.45800         0.00000         0.00000     
          23638      1334452317       834721125      1334625771       904081562    173454.06900      1659.76000    171794.30900         0.00000         0.00000     
          23648      1334626599       687137325      1334797812       327735562    171212.64100      1643.04100    169569.60000         0.00000         0.00000     
          23657      1334798115       174663362      1334883194       250359300     85079.07600       824.14900     84254.92700         0.00000         0.00000     
          23908      1334907132       688155225      1335057022       200877475    148526.51000      1425.08200    147101.42800         0.00000         0.00000     
          24006      1335057342       488327525      1335232194       257822225    174851.76900      1668.57600    173183.19300         0.00000         0.00000     
          24138      1335232520        54564400      1335340572       288048387    108052.23300      1028.39700    107023.83600         0.00000         0.00000     
          24337      1335341122       614382012      1335400211       842815587     59089.22800       562.90300     58526.32500         0.00000         0.00000     
          24338      1335400404       601043675      1335428047       716069050     27643.11500       263.18100     27379.93400         0.00000         0.00000     
          24340      1335428554       253968000      1335489454       122458225     58166.24200       554.86500     57611.37700         0.00000         0.00000     
          24450      1335518433       606484512      1335668854       213674012    150420.60700      1438.59800    148982.00900         0.00000         0.00000     
          24458      1335672312       430575000      1335838851       750672812    166539.32000      1587.20900    164952.11100         0.00000         0.00000     
          24472      1335839654         2727025      1335903143       543714525     63489.54100       603.86400     62885.67700         0.00000         0.00000     
          24481      1335911969       342856475      1336015950       980535212    103981.63800       996.46100    102985.17700         0.00000         0.00000     
          24500      1336016852        44431050      1336092771       289116912     75919.24500       727.43300     75191.81200         0.00000         0.00000     
          24596      1336123926       767889312      1336277931       598926937    154004.83100      1465.13500    152539.69600         0.00000         0.00000     
          24605      1336278303       344006412      1336335365       151776925     57061.80800       540.83300     56520.97500         0.00000         0.00000     
          24611      1336348445       371068925      1336697850       948226850    348014.86900      3307.79000    344707.07900         0.00000         0.00000     
          24714      1336725197       110239825      1336732581       155971087      7384.04600        70.12500      7313.92100         0.00000         0.00000     
          24717      1336732600        82058150      1336867816       564286462    135216.48200      1286.82800    133929.65400         0.00000         0.00000     
          24724      1336868271       820933675      1337040749       603549900    172477.78300      1643.00700    170834.77600         0.00000         0.00000     
          24733      1337041350       925812287      1337049422       244953525      8071.31900        77.60000      7993.71900         0.00000         0.00000     
          24736      1337050311       845588975      1337068177       925965337     17441.95000       171.13500     17270.81500         0.00000         0.00000     
          24737      1337068477       255459125      1337212502        98634475    144024.84300      1379.83500    142645.00800         0.00000         0.00000     
          24744      1337213333       313183412      1337300491       285779337     85755.03300       814.73100     84940.30200         0.00000         0.00000     
          24846      1337326326       277631050      1337395526       944152525     66686.36900       643.51500     66042.85400         0.00000         0.00000     
          24847      1337396252       900265962      1337476202       145407150     79949.24500       764.53000     79184.71500         0.00000         0.00000     
          24854      1337476768       676594175      1337567793       857244537     91025.18100       863.90300     90161.27800         0.00000         0.00000     
          24868      1337568207       174881587      1337734582       496131100    153615.34400      1452.41800    152162.92600         0.00000         0.00000     
          24881      1337734974       974732775      1337759520       593848787     24097.37000       232.63600     23864.73400         0.00000         0.00000     
          24882      1337760578       840819512      1337791693       913296162     31115.07200       295.41200     30819.66000         0.00000         0.00000     
          24883      1337799689        29702337      1337817203       639646487     16743.75800       166.61800     16577.14000         0.00000         0.00000     
          24884      1337819046       485343750      1337823686       154865637      4158.66600        44.24600      4114.42000         0.00000         0.00000     
          24885      1337824457       217091512      1337907414       793033762     80127.50700       761.45800     79366.04900         0.00000         0.00000     
          24987      1337943188        17734537      1338170089       335904287    219540.84600      2078.60300    217462.24300         0.00000         0.00000     
          25002      1338171209       787907062      1338185853       346989862     14643.55900       138.50000     14505.05900         0.00000         0.00000     
          25004      1338195024       444999387      1338253170       837617575     58146.39300       549.78500     57596.60800         0.00000         0.00000     
          25106      1338357029       973811412      1338362285       880378312      5255.90700        50.23400      5205.67300         0.00000         0.00000     
          25109      1338365141       144945025      1338511971       723727937    144052.77800      1368.86100    142683.91700         0.00000         0.00000     
          25129      1338522381       316670037      1338775355       174919612    252973.85800      2404.62900    250569.22900         0.00000         0.00000     
          25138      1338775888       578301550      1338944452       529389025    167077.01600      1578.26200    165498.75400         0.00000         0.00000     
          25213      1338944868        54996325      1339117027       377503612    172159.32300      1636.58800    170522.73500         0.00000         0.00000     
          25809      1339755034       829091037      1339979773       996219862    224739.16700      2125.81500    222613.35200         0.00000         0.00000     
          25821      1339980548       205793625      1340151511       409917100    155057.75400      1479.29800    153578.45600         0.00000         0.00000     
          25831      1340152494       743361375      1340228615       966314950     73390.13300       699.64400     72690.48900         0.00000         0.00000     
          25834      1340232031        16580250      1340326396       138570937     94365.12200       903.24200     93461.88000         0.00000         0.00000     
          25934      1340353400       761423212      1340365102       693446912     11701.93200       111.41200     11590.52000         0.00000         0.00000     
          25944      1340378602       617898825      1340379911       668608887      1309.05100        12.49600      1296.55500         0.00000         0.00000     
          25945      1340379988       143565162      1340585246       680064137    205258.53600      1955.42500    203303.11100         0.00000         0.00000     
          25954      1340585658          154700      1340594590       367181187      8932.36700        84.78100      8847.58600         0.00000         0.00000     
          25957      1340630639       882076425      1340762346       890601575    107121.17000      1022.01400    106099.15600         0.00000         0.00000     
          25966      1340762678       494746550      1340930126       515289487    167448.02100      1596.77800    165851.24300         0.00000         0.00000     
          26081      1340965732       212406987      1341157790       419200125    190550.53800      1832.24000    188718.29800         0.00000         0.00000     
          26090      1341158126       140839637      1341361432       277307100    203306.13600      1934.03300    201372.10300         0.00000         0.00000     
          26097      1341361700       190083375      1341536128       689820575    174428.50000      1662.69600    172765.80400         0.00000         0.00000     
          26198      1341565015       311038337      1341792760         1061062    227744.69000      2160.39600    225584.29400         0.00000         0.00000     
          26214      1341793605       203981187      1341966777        23307887    173171.81900      1652.84400    171518.97500         0.00000         0.00000     
          26263      1341993590       600898637      1342140973       827104862    121229.52100      1151.89200    120077.62900         0.00000         0.00000     
          26370      1342168096       541795700      1342401669       604828112    233573.06300      2219.84800    231353.21500         0.00000         0.00000     
          26380      1342402008       574504312      1342573387       173252137    166891.44500      1585.82900    165305.61600         0.00000         0.00000     
          26389      1342573694       756637712      1342745779       969455762    163375.12500      1552.20600    161822.91900         0.00000         0.00000     
          26494      1342769434        29418337      1343005890        41658287    236456.01200      2254.10700    234201.90500         0.00000         0.00000     
          26501      1343007410       509056350      1343174888       346008987    160292.83700      1529.62600    158763.21100         0.00000         0.00000     
          26531      1343175188       813494050      1343350807       234388012    175618.42100      1675.22600    173943.19500         0.00000         0.00000     
          26694      1343377097       133158775      1343434377       513926687     57280.38100       543.37900     56737.00200         0.00000         0.00000     
          34527      1350643000       403347750      1350877938       742747625    232550.04300      3603.49900    228946.54400         3.82217         0.21009     
          34545      1350880586       514173150      1351053161       601214500    172575.08700      2720.83300    169854.25400         2.50826         0.16988     
          34556      1351054993       191826225      1351210720       749434937    155727.55800      2403.34400    153324.21400         2.50094         0.16939     
          34740      1351246421        55846725      1351442945       873147450    194095.35700      2982.01200    191113.34500         2.87560         0.18187     
          34753      1351443243       473747787      1351646565        77967875    203321.60400      3220.86300    200100.74100         3.45939         0.19907     
          34765      1351646928       144987012      1351818314       717400050    171386.57200      2713.91600    168672.65600         2.61388         0.17273     
          34937      1351848374       171492450      1352021599       797402637    173225.62600      2797.19800    170428.42800         2.71463         0.17597     
          34944      1352021930       985845200      1352075502       471212225     53571.48500       863.51800     52707.96700         1.02765         0.10833     
          34950      1352076821        36861625      1352093926       121723562     15878.77800       228.85200     15649.92600         0.27284         0.05569     
          34955      1352100399       370971325      1352129740       868770100     29341.49800       456.68000     28884.81800         0.42073         0.06917     
          34958      1352132949       198618050      1352159735        25559725     26785.82700       443.64700     26342.18000         0.38645         0.06628     
          34961      1352167413       335210237      1352169847       973505887      2434.63800        38.95900      2395.67900         0.03403         0.01964     
          34995      1352208405       538281400      1352422668       510590000    214262.97200      3473.43200    210789.54000         3.63597         0.20390     
          35172      1352454276       622430975      1352683208       910937100    228932.28900      4378.04100    224554.24800         3.71613         0.20614     
          35190      1352684732       394977625      1352767036         9215962     82303.61400      1690.60800     80613.00600         1.47452         0.12983     
          35191      1352767839       737237800      1352851979       426472462     84139.68900      1786.48300     82353.20600         1.60064         0.13528     
          35200      1352852983       777189062      1353027632       836253987    174649.05900      3023.89600    171625.16300         2.84131         0.18006     
          35372      1353057029       361392887      1353059316       721614437      2287.36000        38.90800      2248.45200         0.03431         0.01981     
          35373      1353060391       694163400      1353284406        23903712    224014.33000      4054.42500    219959.90500         3.70371         0.20576     
          35383      1353284636       346171837      1353457044       112366037    172407.76600      3150.40000    169257.36600         2.79670         0.17868     
          35400      1353457635       787165225      1353480975       598990475     23339.81200       384.00700     22955.80500         0.42069         0.06916     
          35412      1353481316       654364337      1353569278        45678162     87961.39100      1532.02900     86429.36200         1.37928         0.12539     
          35416      1353569337       314169262      1353577806       523707562      8469.21000       129.46500      8339.74500         0.11369         0.03595     
          35434      1353578202       118523900      1353603882       408926862     25680.29000       439.91700     25240.37300         0.35330         0.06346     
          35437      1353606172       198470137      1353631908       935590862     25736.73700       429.23400     25307.50300         0.44528         0.07130     
          35608      1353659697       812612850      1353889434       119210262    229736.30700      4252.63700    225483.67000         3.94011         0.21213     
          35618      1353889688       334190437      1354061613       143408725    171924.80900      2947.41200    168977.39700         3.01983         0.18551     
          35627      1354061848        94018875      1354236805       308339112    174957.21400      2821.55800    172135.65600         2.82210         0.17921     
          35795      1354263032       436310387      1354496712        66197887    233679.63000      3819.17200    229860.45800         3.77058         0.20725     
          35805      1354497121       854247200      1354673298       382454225    176176.52800      2895.96200    173280.56600         3.19726         0.19074     
          35811      1354673945       966407950      1354838094       642539175    164148.67600      2597.78000    161550.89600         2.85800         0.18004     
          35980      1354863584       492661887      1355103011       433822650    233388.60800      3716.30500    229672.30300         3.62605         0.20302     
          35995      1355103239       972276400      1355104465       268273025      1225.29600        23.09100      1202.20500         0.03427         0.01978     
          35998      1355104862       254840250      1355109870       969462112      5008.71500        86.80500      4921.91000         0.06821         0.02785     
          35999      1355110162       515395300      1355275413       381675225    164015.01100      2604.14200    161410.86900         2.80467         0.17846     
          36008      1355275640       758156812      1355448392       734132025    172751.97600      2771.28700    169980.68900         2.97234         0.18363     
          36207      1355482847       710700887      1355706720       667642712    223872.95700      3456.24600    220416.71100         3.44050         0.19700     
          36216      1355707125       748349462      1355879563       299579700    172437.55100      2706.25100    169731.30000         2.39549         0.16452     
          36225      1355879854       396484275      1356051203       185283500    171348.78900      2651.60200    168697.18700         2.71820         0.17546     
          36392      1356085366       494478912      1356312004       581854725    226638.08700      3546.63600    223091.45100         3.62672         0.20243     
          36403      1356312613       362687300      1356483972        49521537    171358.68700      2663.50500    168695.18200         2.76133         0.17678     
          36409      1356484261       926414275      1356656108       158903775    171846.23200      2607.76200    169238.47000         2.86533         0.18014     
          36575      1356680629        98438287      1356916152       705842037    235523.60700      3650.77300    231872.83400         3.53831         0.20032     
          36590      1356916432       725571850      1357071242       908803012     51301.34400       795.35800     50505.98600         0.84875         0.09801     
          36803      1357531052       328561350      1357534825       842787175      3773.51400        58.84600      3714.66800         0.06830         0.02789     
          36806      1357536507       724473175      1357693146        36887112    156638.31200      2396.78800    154241.52400         2.48425         0.16787     
          36815      1357693847       594056987      1357865485       565455137    171637.97100      2607.80600    169030.16500         2.55817         0.17017     
          36896      1357877971        33879937      1358124985       802637350    247014.76900      3851.71500    243163.05400         4.09586         0.21528     
          36906      1358125749       184902975      1358298267       438106287    172518.25300      2669.75300    169848.50000         2.66495         0.17348     
          36916      1358298999       946191225      1358385898       434856087     86898.48900      1339.17400     85559.31500         1.40465         0.12614     
          36919      1358386220       927294662      1358389199       542837725      2978.61600        45.47100      2933.14500         0.07928         0.02997     
          36931      1358390177       465643137      1358557472       406524025    167294.94100      2614.76000    164680.18100         2.77593         0.17735     
          36943      1358557939       315198387      1358637816       953476812     79877.63800      1196.01900     78681.61900         1.07217         0.11000     
          36958      1358676871       897669487      1358728370       966622950     51499.06900       926.35900     50572.71000         0.84875         0.09801     
          36965      1358732058       683978575      1358733461       279686850      1402.59600        27.50000      1375.09600         0.03389         0.01957     
          37045      1358745177       967700662      1358903178       891342962    158000.92400      2493.46900    155507.45500         2.14863         0.15588     
          37061      1358903938       539108100      1359075339       830888025    171401.29200      2712.80800    168688.48400         2.50809         0.16833     
          37144      1359088468       884852312      1359333112       383573562    244643.49900      4076.18500    240567.31400         3.71216         0.20497     
          37149      1359333268        25715800      1359508720        49273462    175452.02400      2851.45000    172600.57400         3.00172         0.18440     
          37160      1359509003       874371762      1359679774       646897325    170770.77300      2727.61000    168043.16300         3.07788         0.18663     
          37329      1359707415       612598537      1359849924       847568075    142509.23500      2214.40900    140294.82600         1.70412         0.13868     
          37341      1359862816       659322762      1360037660       795707237    174844.13600      2677.00100    172167.13500         2.50248         0.16796     
          37346      1360043646       977067087      1360112762       161144262     69115.18400      1047.43400     68067.75000         0.98000         0.10507     
          37355      1360113183       257733800      1360284610       671307212    171427.41400      2641.10300    168786.31100         2.36764         0.16338     
          37447      1360297084       290069262      1360491746       642500962    194662.35200      2970.27400    191692.07800         2.63939         0.17254     
          37448      1360491803       561565987      1360549852        38311850     58048.47700       865.76800     57182.70900         0.92453         0.10210     
          37457      1360550710       380525725      1360725185         4258700    174474.62400      2660.94200    171813.68200         2.62428         0.17229     
          37467      1360725878       755438625      1360889647       859268725    163769.10400      2535.33400    161233.77000         2.51816         0.16863     
          37547      1360901264       331187575      1361146534       955724450    245270.62500      3773.35600    241497.26900         3.37315         0.19508     
          37556      1361146751       327948750      1361319022        92197712    172270.76400      2699.68700    169571.07700         2.56295         0.17011     
          37565      1361319221       558954237      1361494229       647961350    173719.13000      2721.52000    170997.61000         2.46447         0.16692     
          37647      1361506065       878382000      1361932031       759891112    424675.96000      6525.58300    418150.37700         6.37958         0.26839     
          37656      1361932548       635208575      1362099077       856356625    166529.22100      2496.58000    164032.64100         2.43704         0.16582     
          37835      1362123377       465106500      1362362355       557532437    237695.34100      3656.15400    234039.18700         3.23002         0.19100     
          37849      1362365919       544577312      1362540207         9206862    168596.29000      2538.01600    166058.27400         2.80578         0.17781     
          37857      1362540471        32687037      1362703874       850213250    163403.81800      2571.31800    160832.50000         2.44098         0.16609     
          37935      1362717867       865138950      1362972063       517822287    254195.65300      3964.23500    250231.41800         3.77308         0.20677     
          37952      1362972249       689648337      1363134501       591420087    162251.90200      2505.51000    159746.39200         2.17502         0.15697     
          37961      1363134703       742071325      1363308800       291713637    174096.55000      2698.37000    171398.18000         2.55239         0.17016     
          38035      1363318907       877578262      1363564528       945918300    245621.06800      3800.37500    241820.69300         3.56258         0.20105     
          38055      1363610557       794907125      1363755940       966584050    145383.17200      2354.29700    143028.87500         1.94690         0.14845     
          38065      1363756168       332986162      1363913736       293356837    151658.21600      2448.32900    149209.88700         2.37211         0.16369     
          38146      1363923260       710248175      1364178571       497457225    251700.40000      4045.86500    247654.53500         3.61087         0.20186     
          38155      1364179740       275677437      1364181019       921263137      1279.64600        19.97800      1259.66800         0.00000         0.00000     
          38156      1364183974       774110275      1364257436       868161700     73462.09400      1177.61500     72284.47900         0.98221         0.10530     
          38161      1364267034       271083825      1364363788       267633037     90004.40500      1425.37500     88579.03000         1.24087         0.11831     
          38168      1364370066       270241100      1364518374       982910987    148308.71300      2238.35200    146070.36100         1.87158         0.14526     
          38338      1364543475        73538712      1364778058       227598350    234583.15400      3610.09200    230973.06200         3.58280         0.20092     
          38344      1364778500       423811150      1364956966       422012375    178465.99800      2724.55600    175741.44200         2.56271         0.17009     
          38356      1364957525       961117362      1365123546       690806487    166020.73000      2543.26300    163477.46700         2.69394         0.17426     
          38435      1365134565       354485212      1365295546       662923512    160981.30800      2448.34100    158532.96700         2.33368         0.16220     
          38450      1365298136       168225275      1365557739       533567512    259603.36500      3948.14900    255655.21600         3.70840         0.20445     
          38460      1365558756       723558712      1365727386       928902750    168630.20500      2602.43100    166027.77400         2.61134         0.17144     
          38541      1365741499        43472600      1365984224       407397887    242725.36400      3664.33100    239061.03300         3.58006         0.20076     
          38553      1365984801       237413250      1366157766       439813250    172965.20200      2633.53200    170331.67000         2.41153         0.16485     
          38563      1366160005       472413012      1366331710       813729525    171705.34100      2579.47300    169125.86800         2.67865         0.17363     
          38570      1366332067       332335175      1366413493       913845350     81426.58200      1213.53000     80213.05200         0.87494         0.09907     
          38584      1366424850       212694862      1366445063       301864025     20213.08900       288.63200     19924.45700         0.22432         0.05016     
          38590      1366450885       415435762      1366451968       224122087      1082.80900        13.50200      1069.30700         0.00000         0.00000     
          38592      1366451988       948228712      1366452379       479546325       390.53100         6.68800       383.84300         0.01142         0.01142     
          38598      1366452866       568220800      1366459168        35398325      6301.46700        95.76600      6205.70100         0.08997         0.03181     
          38601      1366461676       506585225      1366502459       884876587     40783.37800       646.77900     40136.59900         0.56226         0.07952     
          38684      1366548705        27877562      1366549909        43566750      1204.01600        15.12300      1188.89300         0.01118         0.01118     
          38697      1366555965       711716312      1366597562       884175375     41597.17200       622.42400     40974.74800         0.60645         0.08253     
          38708      1366597833       176738500      1366763296       895525450    165463.71900      2539.83700    162923.88200         2.47363         0.16677     
          38717      1366764232       761486875      1366937901       194837837    172685.82900      2619.53100    170066.29800         2.52601         0.16840     
          38878      1366966332       786499750      1367195697       992797662    224789.69200      3425.87800    221363.81400         3.02833         0.18430     
          38895      1367196225       109355775      1367368984       561838500    172759.45200      2636.54000    170122.91200         2.22971         0.15806     
          38904      1367369467       513841712      1367542222       343810412    172754.83000      2666.58200    170088.24800         2.41825         0.16454     
          38982      1367553123       729106787      1367699944       599061287    145508.37200      2204.66300    143303.70900         2.00324         0.14973     
          39063      1367715418       708798562      1367802737       705835662     87318.99700      1354.79800     85964.19900         1.49080         0.12927     
          39079      1367803071       672480925      1367975345       196862700    171290.72000      2573.58100    168717.13900         2.49477         0.16706     
          39088      1367975645        25376612      1368044960       736681112     69315.71100      1040.91400     68274.79700         0.95040         0.10309     
          39166      1368059894       484746287      1368147209       103937412     87314.61900      1354.13500     85960.48400         1.28680         0.12000     
          39180      1368152862       864122050      1368412542       453574450    259679.58900      3958.66000    255720.92900         3.63162         0.20145     
          39191      1368412837       835540450      1368577970       328854737    165132.49300      2497.87300    162634.62000         2.19143         0.15653     
          39200      1368579272       764395762      1368752422       467907412    173149.70400      2670.26900    170479.43500         2.38141         0.16317     
          39284      1368762849       343954187      1369011153       445311975    247002.85800      3816.42300    243186.43500         3.51419         0.19832     
          39292      1369011643        34605000      1369188985       337006787    177342.30200      2679.84700    174662.45500         2.42864         0.16487     
          39304      1369189261       427219125      1369357201       677248875    167940.25000      2592.54900    165347.70100         2.29030         0.15996     
          39468      1369381867       279680687      1369489810       168035262    107942.88800      1621.70700    106321.18100         1.69127         0.13764     
          39475      1369490410       333324225      1369625713       859668700    135303.52600      2080.76200    133222.76400         1.88278         0.14526     
          39485      1369626579       769418412      1369792783       885461937    166204.11600      2569.98000    163634.13600         2.52470         0.16831     
          39494      1369793011       975779550      1369928975       388053100    135963.41200      2117.61100    133845.80100         1.98788         0.14942     
          39500      1369929591       765971675      1369962812       440658462     33220.67500       489.66200     32731.01300         0.62789         0.08391     
          39569      1369973174       639774937      1370221413       841371900    246932.27600      3775.32600    243156.95000         3.33528         0.19353     
          39590      1370221695       478261887      1370396853       408593800    175157.93000      2621.28900    172536.64100         2.41594         0.16477     
          39600      1370397110       882349650      1370567220       629792625    147012.93300      2242.76300    144770.17000         2.15856         0.15578     
          39684      1370579263       168686925      1370822474        61111400    235813.41200      3574.22600    232239.18600         3.82351         0.20706     
          39692      1370823437       804251025      1370908457       797605037     83715.24300      1269.54300     82445.70000         1.26635         0.11913     
          39698      1370912636       284570162      1371003149       745117200     90513.46100      1438.08300     89075.37800         1.32410         0.12189     
          39704      1371003415       618927687      1371173547       406256150    163261.63000      2481.18400    160780.44600         2.31538         0.16093     
          39791      1371186358       825788475      1371345690       849202937    130295.35000      1984.60400    128310.74600         1.98948         0.14912     
          39792      1371348017       182116312      1371522843       434903175    155285.08800      2376.89000    152908.19800         2.41656         0.16443     
          39794      1371522884       880694037      1371602194       661893350     79309.78100      1246.45800     78063.32300         0.94963         0.10300     
          39803      1371602435       705836787      1371687059        77435950     84623.37200      1283.51400     83339.85800         1.35159         0.12287     
          39855      1371775603       137617212      1371776492       170361875       889.03300        14.53200       874.50100         0.00000         0.00000     
          40027      1371803567         9845762      1371841307       361364887     37740.35200       567.21300     37173.13900         0.62561         0.08360     
          40028      1371841881       444121425      1372036462       536689537    193597.82900      2969.40000    190628.42900         2.77991         0.17617     
          40037      1372038372       771554525      1372209234       463210950    169553.08900      2580.10600    166972.98300         2.48800         0.16661     
          40046      1372209512       903608025      1372380956       547779575    171443.64400      2643.97100    168799.67300         2.41010         0.16399     
          40127      1372395025       354290200      1372648994       454095662    251367.81800      3919.90700    247447.91100         3.69439         0.20368     
          40137      1372650160       850918250      1372814349        89889525    163201.61500      2516.47600    160685.13900         2.62575         0.17202     
          40146      1372815171       582438787      1372987127       551007487    169352.66100      2680.08300    166672.57800         2.50383         0.16767     
          40233      1372997451       424441575      1372998198       356849300       746.93200         8.13300       738.79900         0.00000         0.00000     
          40248      1372999947       783186112      1373246009       184373912    246061.40100      3745.61200    242315.78900         3.43553         0.19608     
          40257      1373247525       714179025      1373418533        99188175    168707.58800      2565.93100    166141.65700         2.59314         0.17062     
          40266      1373418741       855976362      1373508992       202585500     89252.74000      1365.90800     87886.83200         1.06390         0.10915     
          40267      1373509061        26744050      1373590873       711051062     80505.51000      1231.32000     79274.19000         1.14070         0.11295     
          40345      1373601346       298424162      1373850014       835085275    244762.47600      3677.15500    241085.32100         3.56526         0.19962     
          40357      1373850588       396696500      1374022877       760409862    171296.91300      2660.02700    168636.88600         2.44461         0.16519     
          40366      1374023288       586958012      1374194729       439707875    171440.85300      2617.58300    168823.27000         2.15286         0.15497     
          40535      1374219953       463343000      1374351785       271728425    130520.26500      1981.15200    128539.11300         1.99812         0.14935     
          40544      1374363038       590291575      1374456171       914310937     93133.32400      1413.40200     91719.92200         1.35355         0.12305     
          40553      1374457723       303007537      1374627695       229701200    169971.92700      2628.25200    167343.67500         2.14586         0.15487     
          40560      1374627949       970312862      1374800353       262607937    171095.21000      2635.99100    168459.21900         2.49084         0.16680     
          40646      1374812103        83523512      1374812822        69014825       718.98500         9.01400       709.97100         0.00000         0.00000     
          40647      1374814516       442132050      1374972695       867342862    150351.37800      2347.76400    148003.61400         1.88827         0.14525     
          40650      1374977677       600084400      1375059610       510516200     73730.68200      1137.33600     72593.34600         1.07017         0.10923     
          40660      1375060094       174838900      1375232415       820245550    169718.82800      2646.30200    167072.52600         2.13063         0.15417     
          40669      1375232735       440431150      1375404948       256426975    167409.55600      2619.64000    164789.91600         2.29045         0.15997     
          40750      1375418966       438814237      1375511893       638723675     91920.45700      1433.83600     90486.62100         1.16165         0.11391     
          40751      1375512952       690539200      1375660722       368404187    147769.67800      2230.78400    145538.89400         1.96347         0.14800     
          40754      1375660753       907031000      1375833654       726453200    171594.91800      2595.14500    168999.77300         2.25351         0.15856     
          40765      1375834160       531943787      1375931295       424167225     95829.57600      1458.24800     94371.32800         1.30655         0.12079     
          40766      1375933472       966290125      1375943011       677767125      9538.71100       142.09800      9396.61300         0.10061         0.03354     
          40776      1375949612       260274175      1375950436       282109712       824.02200        10.73400       813.28800         0.02242         0.01586     
          40785      1375952344        22464137      1375953788       349365412      1444.32700        19.54700      1424.78000         0.00000         0.00000     
          40788      1375955070        32453950      1375956674       285467125      1604.25300        24.23500      1580.01800         0.01110         0.01110     
          40797      1375957728       624806400      1375957939       283317625       210.65900         2.00800       208.65100         0.00000         0.00000     
          40798      1375958498       357084875      1376010127       293735000     49041.93600       766.78600     48275.15000         0.68173         0.08729     
          40894      1376210725       223842312      1376266005       144330600     55279.92000       800.11000     54479.81000         0.65589         0.08539     
          40903      1376266295       663604850      1376438259       272628787    170656.59300      2655.41500    168001.17800         2.23233         0.15785     
          40910      1376438507       595892925      1376461011        53800587     21195.94600       320.16700     20875.77900         0.21203         0.04864     
          40913      1376465249       270227562      1376614894       963233275    148339.94700      2229.61900    146110.32800         1.92796         0.14658     
          41084      1376702953       507964337      1376725568       919368350     22615.41100       361.30900     22254.10200         0.29098         0.05707     
          41085      1376725656       898216525      1376872552       236039812    146895.33800      2244.76200    144650.57600         1.91831         0.14627     
          41094      1376872896       125894350      1377044078       257690150    170179.92800      2660.04200    167519.88600         2.25194         0.15845     
          41103      1377044343       136530675      1377218074       867723137    172425.75200      2603.18400    169822.56800         1.82495         0.14251     
          41184      1377229457       805115250      1377477774       231282937    238625.85000      3571.38800    235054.46200         3.03732         0.18383     
          41193      1377478046       287386350      1377649221       855909362    169870.14800      2567.61100    167302.53700         2.11786         0.15365     
          41203      1377649486       392343450      1377824233       298033325    174746.90600      2661.48600    172085.42000         2.28688         0.15972     
          41286      1377835647       865999950      1378081141       485772062    245493.62000      3695.71400    241797.90600         2.74909         0.17528     
          41296      1378081351       703914812      1378338658       610643387    257306.90700      3930.99500    253375.91200         2.98390         0.18261     
          41306      1378338882       242030787      1378429005       804516637     88823.14200      1348.32700     87474.81500         1.02573         0.10694     
          41380      1378440677       432869712      1378684052       217673087    234915.19400      3579.36700    231335.82700         2.57323         0.16931     
          41390      1378684326       149985812      1378943457       207850112    256524.13100      4004.59200    252519.53900         3.17485         0.18806     
          41399      1378943704       416198962      1379032324         2372875     87312.71900      1379.69200     85933.02700         0.82408         0.09580     
          41561      1379058121       161235662      1379293473       177136925    234360.21800      3575.12200    230785.09600         2.34374         0.16173     
          41571      1379293683       487619275      1379465626       850907212    171943.36300      2593.21000    169350.15300         1.85853         0.14425     
          41580      1379466004       192932937      1379638713       821084812    170120.38800      2616.26800    167504.12000         1.85885         0.14428     
          41658      1379651778       723301075      1379654252        22512962      2473.29900        34.54500      2438.75400         0.03378         0.01950     
          41670      1379661744       421872687      1379897979       598749787    235246.72400      3563.93200    231682.79200         2.59332         0.17063     
          41679      1379898234       690110887      1380101785       736006662    200947.00200      3023.47700    197923.52500         2.11924         0.15375     
          41689      1380102050       256487350      1380243267       920181587    139903.90700      2094.92900    137808.97800         1.40294         0.12499     
          41770      1380253002       650575525      1380503310       714991312    249000.95800      3709.49700    245291.46100         2.73972         0.17468     
          41779      1380504032       384682612      1380675603       951215962    170588.13300      2553.43000    168034.70300         2.12854         0.15402     
          41788      1380675949       638358237      1380848339       379543537    171073.89800      2546.62200    168527.27600         1.90924         0.14600     
          41869      1380859085       829902887      1381108433       399567637    249347.57000      3667.16600    245680.40400         2.42540         0.16465     
          41880      1381109079       815049375      1381280525       316976362    169151.32100      2505.89400    166645.42700         2.23513         0.15805     
          41890      1381281621       193576575      1381453025       787306425    171404.59400      2525.11700    168879.47700         1.97743         0.14863     
          42054      1381477512       610941900      1381713444       173319462    235931.56200      3572.44100    232359.12100         2.65856         0.17233     
          42064      1381713699       489726187      1381886042       341112750    171025.53100      2584.87400    168440.65700         1.52916         0.13065     
          42073      1381886243       237000025      1381989268       761252325    103025.52400      1545.60800    101479.91600         0.92708         0.10176     
          42085      1382005037       334553700      1382056345       681751325     44236.82200       661.03200     43575.79000         0.50307         0.07499     
          42167      1382070045       343810112      1382128706       684237312     58661.34000       880.93600     57780.40400         0.63612         0.08426     
          42176      1382135016       457063800      1382279561       905600737    141915.03900      2071.89800    139843.14100         1.54847         0.13134     
          42177      1382279758       310540625      1382319056       512358550     37989.65800       559.19600     37430.46200         0.44547         0.07044     
          42189      1382329273       583718000      1382403283       881743037     74010.29800      1100.12000     72910.17800         0.80373         0.09472     
          42261      1382408291       961907200      1382491024       313064850     81421.63200      1222.78400     80198.84800         0.73663         0.09067     
          42270      1382491339       133858512      1382664297       763359712    172958.63000      2599.78000    170358.85000         1.84042         0.14328     
          42348      1382674234       280910112      1382946411       968505250    270867.90900      4066.29400    266801.61500         2.45023         0.16520     
          42361      1382946872       670961912      1383012057       248787987     62529.71400       929.55700     61600.15700         0.49057         0.07396     
          42362      1383012214       938953900      1383096143       806909850     83928.86800      1276.08700     82652.78100         1.00364         0.10579     
          42371      1383096647       813545200      1383267981       404275850    170358.21800      2599.00200    167759.21600         1.89517         0.14535     
          42449      1383278857        64313175      1383527930       629713325    246443.07800      3662.87900    242780.19900         2.82864         0.17749     
          42463      1383528646       418235337      1383700429       908670525    170808.25300      2538.91400    168269.33900         1.75754         0.13982     
          42472      1383700677       265252487      1383756898       179970387     56220.91500       823.22500     55397.69000         0.52264         0.07624     
          42481      1383784495       671988175      1383872135        69405637     86320.57500      1277.12500     85043.45000         0.99048         0.10499     
          42649      1383905259       456334262      1384028349       506719312    119152.07400      1745.20200    117406.87200         1.21268         0.11615     
          42658      1384034470       688394900      1384134187       777539787     98734.86300      1443.91700     97290.94600         0.99280         0.10524     
          42667      1384134421       748563275      1384302267       889678850    166534.47500      2550.76000    163983.71500         1.81172         0.14234     
          42676      1384303619       413993675      1384476939       310315325    173319.89600      2572.66800    170747.22800         1.69617         0.13758     
          42758      1384489018       761912462      1384547155       432444200     58136.67100       843.25400     57293.41700         0.51189         0.07547     
          42759      1384557631       784524025      1384650546       818702162     92915.03400      1409.29200     91505.74200         0.92707         0.10176     
          42844      1384656858       770886662      1384736320       809159462     79462.03800      1183.84300     78278.19500         0.77033         0.09274     
          42853      1384736736       638536050      1384748434       989575662     11698.35100       181.15200     11517.19900         0.03356         0.01937     
          42857      1384753528       854596475      1384820552       458365625     67023.60400       984.60200     66039.00200         0.64698         0.08495     
          42929      1384826981       603118800      1384909189       579338537     82207.97600      1258.53400     80949.44200         0.82761         0.09621     
          42938      1384909486         5180187      1385081873        83199362    167810.80900      2522.37200    165288.43700         1.73997         0.13931     
          43019      1385094513       242207375      1385345586       370601950    248451.29600      3738.91600    244712.38000         2.58464         0.16969     
          43022      1385345707       194404087      1385345845       928652000       138.73400         4.27800       134.45600         0.00000         0.00000     
          43029      1385346293       830142937      1385517958       993057800    166751.50000      2539.67300    164211.82700         1.89584         0.14541     
